#styr																																																		
1985																																																		
#endyr																																																		
2022																																																		
#rec_age																																																		
1																																																		
#n_ages																																																		
14																																																		
#nbins																																																		
31																																																		
#lengthbin																																																		
20	22	24	26	28	30	32	34	36	38	40	42	44	46	48	50	52	54	56	58	60	62	64	66	68	70	72	74	76	78	80																				
#Fnum																																																		
3																																																		
#Fnames																																																		
Cerco%Fsh1%Fsh2																																																		
#Fcaton		1985	1986	1987	1988	1989	1990	1991	1992	1993	1994	1995	1996	1997	1998	1999	2000	2001	2002	2003	2004	2005	2006	2007	2008	2009	2010	2011	2012	2013	2014	2015	2016	2017	2018	2019	2020	2021	2022
0.001	0.001	114.555	191.806	207.209	107.326	149.603	196.669	70.953	68.587	192.294	360.08	60.198	336.807	285.905	73.995	123.294	78.807	4.019	3.154	5.209	0.054	0.016	0.001	0.226	0.634	0.634	0.634	0.001	0.001	0.001	0.001	0.001	0.001	0.001	0.001	0.001	0.001
56.148	111.243	51.837	59.454	60.552	62.028	45.228	52.965	34.881	38.166	43.32	46.098	33.843	31.279	43.198	31.208	35.073	39.642	54.513	71.918	78.796	93.297	73.724	85.471	100.78	86.378	64.053	63.182	54.258	49.853	46.906	35.038	17.776	14.561	15.514	12.83	12.767	12.767
0.001	0.001	0.001	0.001	0.001	0.001	0.001	0.001	0.001	0.001	0.001	0.001	0.001	0.001	0.001	0.001	19.068	29.039	71.685	23.486	34.894	17.124	23.706	27.634	19.18	27.72	43.784	33.347	19.134	10.019	7.411	4.816	5.633	6.687	2.438	2.531	3.16	3.16
#Fcatonerr																																																		
0.1	0.1	0.1	0.1	0.1	0.1	0.1	0.1	0.1	0.1	0.1	0.1	0.1	0.1	0.1	0.1	0.1	0.1	0.1	0.1	0.1	0.1	0.1	0.1	0.1	0.1	0.1	0.1	0.1	0.1	0.1	0.1	0.1	0.1	0.1	0.1	0.1	0.1
0.1	0.1	0.1	0.1	0.1	0.1	0.1	0.1	0.1	0.1	0.1	0.1	0.1	0.1	0.1	0.1	0.1	0.1	0.1	0.1	0.1	0.1	0.1	0.1	0.1	0.1	0.1	0.1	0.1	0.1	0.1	0.1	0.1	0.1	0.1	0.1	0.1	0.1
0.1	0.1	0.1	0.1	0.1	0.1	0.1	0.1	0.1	0.1	0.1	0.1	0.1	0.1	0.1	0.1	0.1	0.1	0.1	0.1	0.1	0.1	0.1	0.1	0.1	0.1	0.1	0.1	0.1	0.1	0.1	0.1	0.1	0.1	0.1	0.1	0.1	0.1
#FnumyearsA																																																		
5																																																		
34																																																		
19																																																		
#FnumyearsL																																																		
0																																																		
0																																																		
0																																																		
#Fageyears																																																		
1997	1998	1999	2000	2001																																														
1988	1989	1990	1991	1992	1993	1994	1995	1996	1997	1998	1999	2000	2001	2002	2003	2004	2005	2006	2007	2008	2009	2010	2011	2012	2013	2014	2015	2016	2017	2018	2019	2020	2021																	
2003	2004	2005	2006	2007	2008	2009	2010	2011	2012	2013	2014	2015	2016	2017	2018	2019	2020	2021																																
#Flengthyears																																																		
#Fagesample																																																		
25	25	25	25	25																																														
25	25	25	25	25	25	25	25	25	25	25	25	25	25	25	25	25	25	25	25	25	25	25	25	25	25	25	25	25	25	25	25	25	25																	
25	25	25	25	25	25	25	25	25	25	25	25	25	25	25	25	25	25	25																																
#Flengthsample																																																		
#Fagecomp																																																		
0	0.751584015	0.167321511	0.063511026	0.006805069	0.007274079	0.002592829	0.000911472	0	0	0	0	0	0																																					
0	0.02276528	0.76520439	0.055213876	0.117384612	0.025457812	0.008860354	0.004067068	0.000419648	0.000378186	0.000173388	7.54E-05	0	0																																					
0.000518327	0.1406569	0.290081527	0.310542581	0.106699711	0.112484416	0.023941246	0.010711075	0.00304498	0.000881004	0.000362677	7.56E-05	0	0																																					
0.004106456	0.480377266	0.458824377	0.037480413	0.013799252	0.002833695	0.000621372	0.000546327	0.001359813	0	0	5.10E-05	0	0																																					
0	0.112328767	0.53781878	0.237610661	0.05082782	0.035308918	0.015546858	0.008315472	0.000928773	0.00131395	0	0.00E+00	0	0																																					
#Fagecomp2																																																		
0.000156636	0.019991134	0.08496189	0.090661316	0.197237494	0.334624152	0.163586125	0.065450621	0.024956341	0.010787349	0.004799401	0.001862618	0.000809605	0.00011532																																					
0.00084039	0.007030804	0.033644223	0.169041312	0.157195135	0.300513628	0.208315004	0.076121235	0.030320562	0.011405951	0.004243522	0.000972771	0.000339158	0.0000163																																					
0.001066816	0.030985803	0.046643809	0.122464825	0.20162131	0.200004268	0.158251937	0.138866928	0.064689982	0.027682024	0.005259262	0.001160397	0.001302639	0																																					
0.002635914	0.02313258	0.036991532	0.079354762	0.180814253	0.306900175	0.147825644	0.096447487	0.068722538	0.038763819	0.015428503	0.001164195	0.001818598	0																																					
0.000774893	0.018629346	0.030100097	0.080628599	0.198440923	0.212066307	0.208844482	0.128383059	0.073876872	0.026582328	0.016039382	0.00475819	0.000380451	0.000495071																																					
0.003023829	0.044057108	0.113989163	0.114696026	0.114415536	0.120731362	0.14518265	0.142665919	0.119500665	0.044226181	0.026118107	0.006989181	0.003664749	0.00074																																					
0.0000697	0.009807544	0.09303388	0.111988663	0.144051171	0.111969435	0.136120932	0.148107629	0.124410471	0.075555057	0.027023031	0.013786904	0.003680836	0.00039478																																					
0.000219241	0.026688935	0.015957029	0.102112265	0.163789027	0.123652506	0.139787346	0.151259389	0.126384928	0.092251383	0.03608882	0.007982864	0.006855214	0.006971052																																					
0.013422819	0.041592429	0.053299712	0.103426537	0.158085328	0.157082963	0.21612256	0.146598932	0.068938767	0.025883042	0.01137039	0.001883456	0.001454139	0.000838926																																					
0.0000398	0.022875606	0.026300659	0.160113688	0.071648096	0.117018957	0.123665026	0.114562233	0.103008821	0.106491691	0.075849823	0.042095681	0.024036389	0.012293535																																					
0	0.001110336	0.018712794	0.05958633	0.348619406	0.172553819	0.131186656	0.091950324	0.079759061	0.04969332	0.030661168	0.009687367	0.003402789	0.00307663																																					
0.000578	0.00261995	0.010688409	0.101709229	0.083714403	0.282645866	0.148382445	0.140930561	0.097067728	0.069036444	0.037800636	0.013855524	0.008495532	0.002474982																																					
0.000501938	0.081626993	0.099513861	0.064947986	0.200194529	0.113077178	0.16671514	0.104276057	0.071179138	0.051412752	0.024435639	0.011633721	0.005679259	0.004805809																																					
0	0.013869141	0.074065806	0.078719877	0.124616003	0.221449152	0.1217262	0.137756804	0.090545393	0.057363298	0.03890454	0.020263214	0.012682015	0.008038557																																					
0	0.003828881	0.022512818	0.089861409	0.115237328	0.132454982	0.221037428	0.142796063	0.143813961	0.077907122	0.034741245	0.010170269	0.004043366	0.001595127																																					
0	0.002701513	0.039328799	0.098751532	0.175080415	0.122862521	0.135448161	0.175074032	0.129494727	0.07147571	0.032132272	0.010972418	0.004391077	0.002286824																																					
0.000236532	0.007524586	0.092514317	0.089668238	0.092311912	0.165259729	0.165941986	0.134828518	0.148602735	0.059129859	0.027237249	0.013297725	0.000956049	0.002490565																																					
0.000285681	0.017013507	0.030317269	0.164974943	0.168199545	0.142244215	0.186727722	0.124610459	0.067707391	0.055321483	0.023052999	0.012961341	0.004321864	0.00226158																																					
0.000316731	0.025026355	0.084033713	0.085670891	0.229636839	0.197759124	0.117487616	0.129945047	0.071573783	0.024828368	0.021519579	0.007797285	0.002849113	0.001555556																																					
0.0000518	0.0304756	0.134770274	0.167943309	0.146655502	0.199153728	0.122783332	0.077370659	0.077533311	0.019907778	0.011746694	0.007932885	0.002354214	0.001320928																																					
0.00000429	0.018514303	0.161103284	0.257501788	0.185271603	0.087995299	0.108481638	0.06411171	0.056877374	0.032039474	0.014518568	0.008919717	0.002535516	0.00212544																																					
0.000705265	0.015661106	0.146886936	0.25527539	0.244139745	0.131721375	0.076959526	0.061561442	0.03198884	0.019525317	0.007467318	0.004914998	0.001898275	0.001294466																																					
0	0.016779156	0.073113508	0.146596644	0.186861568	0.166074021	0.131128259	0.079558548	0.094248641	0.057768012	0.020415443	0.013478215	0.008548316	0.005429668																																					
0.00228	0.013239904	0.180728472	0.258400206	0.218397924	0.151114621	0.091643236	0.045144373	0.01932288	0.010133424	0.004334277	0.003219177	0.001152022	0.000885202																																					
0.000422	0.029530934	0.09571823	0.316666183	0.193244825	0.141259847	0.084030638	0.075998624	0.030199228	0.013860343	0.007703647	0.005584814	0.002572208	0.003208869																																					
0.001276105	0.034519859	0.136230625	0.189513041	0.294477615	0.142423422	0.08810677	0.059182793	0.02773781	0.011718712	0.005884531	0.004338004	0.002193872	0.002396841																																					
0.0000524	0.010394513	0.087560216	0.252668338	0.235168914	0.206094913	0.111445965	0.053494026	0.025330414	0.009327321	0.005358722	0.001790956	0.000759671	0.000553595																																					
0.000265184	0.01010564	0.097532314	0.246852488	0.308104069	0.136226832	0.11927911	0.050403811	0.017599149	0.008211378	0.003209105	0.001075215	0.000621385	0.00051432																																					
0.001722167	0.040477482	0.100658147	0.208776502	0.228283602	0.202899472	0.082870471	0.070445708	0.025417898	0.015035161	0.008618575	0.00650041	0.00481047	0.003483934																																					
0	0.160286341	0.106739232	0.088291008	0.204146446	0.166635465	0.1154289	0.068702153	0.031743928	0.020838621	0.016041271	0.013078436	0.005003233	0.003064966																																					
0.003014595	0.01892555	0.312517194	0.170229194	0.114243693	0.124689308	0.077149692	0.06084725	0.035243857	0.023429156	0.021731928	0.015123632	0.010427471	0.012427479																																					
0.000177455	0.045978038	0.119687363	0.520570263	0.132229204	0.04311631	0.037803981	0.0295394	0.026195166	0.014836677	0.010203289	0.007068755	0.003140575	0.009453524																																					
0.002239366	0.023876168	0.224830228	0.21697273	0.246608028	0.073753561	0.029179792	0.032365248	0.035169792	0.031519028	0.023352442	0.023719505	0.015864141	0.020549972																																					
1.77548E-05	0.004090294	0.051613199	0.309365273	0.264089185	0.202145585	0.05432959	0.029297929	0.026811949	0.020115897	0.018008715	0.009726457	0.006085556	0.004302616																																					
#Fagecomp3																																																		
0.00000000	0.00028531	0.00118198	0.00622863	0.06747395	0.13238093	0.18013238	0.20640469	0.17129476	0.10751185	0.06659835	0.03986536	0.01501914	0.00562267
0.00000000	0.00000000	0.00508705	0.05722857	0.18706099	0.23050015	0.18337262	0.11237290	0.09724256	0.06858701	0.03371984	0.01512075	0.00299143	0.00671615
0.00000000	0.04007491	0.09306356	0.14279593	0.12440501	0.14850894	0.19062604	0.12363227	0.07346760	0.03735727	0.02516360	0.00076345	0.00003920	0.00010225
0.00014548	0.06536529	0.23171277	0.18129052	0.19243439	0.10865836	0.08243616	0.06725101	0.03829530	0.02333213	0.00682407	0.00182057	0.00011556	0.00031839
0.00000000	0.00948422	0.26775179	0.31505199	0.13806141	0.07152480	0.05240298	0.04674462	0.05000175	0.02005297	0.01505425	0.00671095	0.00353632	0.00362194
0.00000000	0.00261338	0.08121968	0.40260188	0.26411511	0.10013726	0.05840084	0.04570181	0.03000833	0.00874742	0.00277893	0.00287342	0.00059960	0.00020234
0.00000000	0.00022433	0.05540884	0.22291527	0.38828324	0.20013397	0.06451084	0.03391931	0.01571376	0.00949304	0.00440586	0.00278152	0.00145411	0.00075592
0.00000000	0.01233856	0.06194341	0.21179104	0.28953766	0.25314088	0.11416823	0.04194820	0.00722163	0.00333406	0.00252219	0.00145307	0.00053700	0.00006450
0.00000000	0.00725445	0.28934670	0.24820979	0.22734940	0.11668800	0.06010916	0.02487741	0.01299687	0.00586815	0.00337449	0.00166595	0.00133419	0.00092545
0.00000000	0.10759474	0.21475083	0.34722878	0.15302738	0.07009809	0.04584457	0.03444461	0.01980861	0.00525538	0.00160105	0.00025762	0.00006450	0.00002390
0.00000000	0.02786409	0.24045869	0.13935118	0.21735968	0.11717785	0.06743026	0.08886993	0.06116856	0.02994672	0.00655734	0.00336484	0.00017918	0.00027168
0.00009510	0.00071225	0.02117091	0.22910056	0.19122793	0.17474697	0.13165066	0.10210488	0.07285703	0.04789026	0.02157698	0.00500383	0.00186264	0.00000000
0.00000000	0.00000000	0.01064730	0.15541975	0.26864042	0.13970236	0.11460752	0.13078688	0.07626793	0.04719953	0.04095885	0.01047255	0.00529690	0.00000000
0.00384116	0.00391244	0.03685647	0.08898296	0.19195395	0.14436609	0.15908256	0.13307136	0.10284353	0.07359725	0.03917934	0.01418021	0.00471696	0.00341574
0.00000000	0.01379252	0.06129194	0.19854908	0.15263034	0.15111464	0.13814220	0.11122429	0.07657157	0.04954339	0.02571960	0.00747091	0.00915000	0.00480000
0.00000000	0.00044520	0.12786070	0.29559813	0.23785602	0.15195067	0.09120772	0.05135243	0.01664892	0.01036805	0.00835116	0.00498025	0.00257058	0.00081020
0.00027644	0.03461125	0.05725454	0.29536708	0.17736944	0.15060420	0.10776149	0.08001436	0.03907635	0.02449091	0.01507984	0.01318724	0.00425223	0.00065465
0.00000000	0.00094709	0.01112651	0.04493622	0.18993639	0.28540784	0.22549832	0.11158558	0.06643213	0.03021721	0.01313730	0.01429363	0.00438033	0.00210145
0.00000000	0.00003360	0.01030921	0.19585023	0.25185932	0.36894979	0.11933106	0.03705172	0.00862240	0.00487498	0.00139081	0.00020921	0.00057254	0.00094514
#FshWt 1	2	3	4	5	6	7	8	9	10	11	12	13	14																																					
0.066	0.187	0.254	0.351	0.484	0.574	0.716	0.802	0.99	0.926	0.785	0.806	0.806	0.806																																					
0.066	0.187	0.254	0.351	0.484	0.574	0.716	0.802	0.99	0.926	0.785	0.806	0.806	0.806																																					
0.066	0.187	0.254	0.351	0.484	0.574	0.716	0.802	0.99	0.926	0.785	0.806	0.806	0.806																																					
0.066	0.187	0.254	0.351	0.484	0.574	0.716	0.802	0.99	0.926	0.785	0.806	0.806	0.806																																					
0.066	0.187	0.254	0.351	0.484	0.574	0.716	0.802	0.99	0.926	0.785	0.806	0.806	0.806																																					
0.066	0.187	0.254	0.351	0.484	0.574	0.716	0.802	0.99	0.926	0.785	0.806	0.806	0.806																																					
0.066	0.187	0.254	0.351	0.484	0.574	0.716	0.802	0.99	0.926	0.785	0.806	0.806	0.806																																					
0.066	0.187	0.254	0.351	0.484	0.574	0.716	0.802	0.99	0.926	0.785	0.806	0.806	0.806																																					
0.066	0.187	0.254	0.351	0.484	0.574	0.716	0.802	0.99	0.926	0.785	0.806	0.806	0.806																																					
0.066	0.187	0.254	0.351	0.484	0.574	0.716	0.802	0.99	0.926	0.785	0.806	0.806	0.806																																					
0.066	0.187	0.254	0.351	0.484	0.574	0.716	0.802	0.99	0.926	0.785	0.806	0.806	0.806																																					
0.066	0.187	0.254	0.351	0.484	0.574	0.716	0.802	0.99	0.926	0.785	0.806	0.806	0.806																																					
0.077	0.177	0.243	0.356	0.51	0.567	0.709	0.801	0.998	1.209	1.308	1.344	1.344	1.344																																					
0.077	0.177	0.243	0.356	0.51	0.567	0.709	0.801	0.998	1.209	1.308	1.344	1.344	1.344																																					
0.077	0.177	0.243	0.356	0.51	0.567	0.709	0.801	0.998	1.209	1.308	1.344	1.344	1.344																																					
0.101	0.184	0.246	0.313	0.439	0.581	0.701	0.707	0.883	0.883	0.883	0.883	0.883	0.883																																					
0.066	0.22	0.294	0.373	0.453	0.588	0.754	0.899	1.074	1.002	1.002	1.002	1.002	1.002																																					
0.066	0.187	0.254	0.351	0.484	0.574	0.716	0.802	0.99	0.926	0.785	0.806	0.806	0.806																																					
0.066	0.187	0.254	0.351	0.484	0.574	0.716	0.802	0.99	0.926	0.785	0.806	0.806	0.806																																					
0.066	0.187	0.254	0.351	0.484	0.574	0.716	0.802	0.99	0.926	0.785	0.806	0.806	0.806																																					
0.066	0.187	0.254	0.351	0.484	0.574	0.716	0.802	0.99	0.926	0.785	0.806	0.806	0.806																																					
0.066	0.187	0.254	0.351	0.484	0.574	0.716	0.802	0.99	0.926	0.785	0.806	0.806	0.806																																					
0.0664	0.187	0.2538	0.3508	0.4844	0.574	0.7164	0.8018	0.9902	0.9258	0.7848	0.8064	0.8064	0.8064																																					
0.0664	0.187	0.2538	0.3508	0.4844	0.574	0.7164	0.8018	0.9902	0.9258	0.7848	0.8064	0.8064	0.8064																																					
0.066	0.187	0.254	0.351	0.484	0.574	0.716	0.802	0.99	0.926	0.785	0.806	0.806	0.806																																					
0.066	0.187	0.254	0.351	0.484	0.574	0.716	0.802	0.99	0.926	0.785	0.806	0.806	0.806																																					
0.066	0.187	0.254	0.351	0.484	0.574	0.716	0.802	0.99	0.926	0.785	0.806	0.806	0.806																																					
0.066	0.187	0.254	0.351	0.484	0.574	0.716	0.802	0.99	0.926	0.785	0.806	0.806	0.806																																					
0.066	0.187	0.254	0.351	0.484	0.574	0.716	0.802	0.99	0.926	0.785	0.806	0.806	0.806																																					
0.066	0.187	0.254	0.351	0.484	0.574	0.716	0.802	0.99	0.926	0.785	0.806	0.806	0.806																																					
0.066	0.187	0.254	0.351	0.484	0.574	0.716	0.802	0.99	0.926	0.785	0.806	0.806	0.806																																					
0.066	0.187	0.254	0.351	0.484	0.574	0.716	0.802	0.99	0.926	0.785	0.806	0.806	0.806																																					
0.066	0.187	0.254	0.351	0.484	0.574	0.716	0.802	0.99	0.926	0.785	0.806	0.806	0.806																																					
0.066	0.187	0.254	0.351	0.484	0.574	0.716	0.802	0.99	0.926	0.785	0.806	0.806	0.806																																					
0.066	0.187	0.254	0.351	0.484	0.574	0.716	0.802	0.99	0.926	0.785	0.806	0.806	0.806																																					
0.066	0.187	0.254	0.351	0.484	0.574	0.716	0.802	0.99	0.926	0.785	0.806	0.806	0.806																																					
0.066	0.187	0.254	0.351	0.484	0.574	0.716	0.802	0.99	0.926	0.785	0.806	0.806	0.806																																					
0.066	0.187	0.254	0.351	0.484	0.574	0.716	0.802	0.99	0.926	0.785	0.806	0.806	0.806																																					
#FshWt 1	2	3	4	5	6	7	8	9	10	11	12	13	14																																					
0.076	0.186	0.332	0.538	0.722	0.902	1.096	1.287	1.463	1.646	1.84	2.134	2.269	2.896																																					
0.076	0.186	0.332	0.538	0.722	0.902	1.096	1.287	1.463	1.646	1.84	2.134	2.269	2.896																																					
0.076	0.186	0.332	0.538	0.722	0.902	1.096	1.287	1.463	1.646	1.84	2.134	2.269	2.896																																					
0.1	0.1911	0.3487	0.5652	0.8035	0.9766	1.2382	1.5516	1.9489	2.1583	2.378	2.7697	2.8099	3.7341																																					
0.0881	0.1998	0.3261	0.5346	0.7577	1.0123	1.2918	1.6154	1.9271	2.3183	2.6218	3.0451	3.2981	4.7534																																					
0.108428271	0.221249193	0.412411797	0.613945609	0.755892441	0.895245457	1.087247627	1.202371227	1.324376027	1.347741831	2.109028735	2.629959847	2.640710712	2.861626102																																					
0.123786611	0.185412465	0.365646428	0.599901669	0.818069076	0.988133662	1.258630171	1.517588158	1.689206935	1.712152021	2.069121177	3.333320158	2.662052904	2.861626102																																					
0.099925784	0.217052539	0.405190794	0.649156392	0.94158764	1.101278256	1.256629211	1.447515204	1.49252307	1.672665852	1.714147733	2.011076178	2.48080756	2.861626102																																					
0.100610846	0.162817358	0.311110061	0.537441832	0.72826906	0.977042454	1.151963336	1.345764044	1.497977167	1.662630214	2.017958003	2.637533696	2.560552164	3.994596705																																					
0.090287618	0.218392781	0.330112382	0.53106947	0.773208285	1.039786604	1.280617761	1.425115825	1.504619996	1.787153672	2.160719669	2.171111362	2.272650123	3.49807232																																					
0.105372946	0.169150622	0.305294528	0.62400907	0.865969975	1.061856953	1.314123521	1.514638756	1.663024859	1.853301209	1.922404828	1.847026698	1.870180477	2.515189416																																					
0.033157701	0.225746462	0.380360345	0.670799257	0.832588233	1.08865939	1.270907077	1.470324952	1.573944043	1.796366202	1.839284208	2.546477665	2.675874873	2.795523221																																					
0.053437591	0.16125439	0.281396254	0.503651443	0.667132716	0.8750087	1.013046605	1.139756776	1.259481776	1.44930408	1.45189897	1.613483928	1.689248826	2.824339465																																					
0.064997153	0.159817067	0.338305413	0.613796801	0.785332943	0.944532915	1.109273361	1.259894594	1.450655217	1.623355769	1.867150709	2.167047982	2.399125877	2.63898341																																					
0.076556714	0.167024087	0.320625705	0.483682745	0.649688481	0.840658055	1.037563739	1.215235922	1.437168743	1.616502563	1.979005519	2.141657095	2.607869593	3.142987152																																					
0.06673754	0.177462068	0.248823623	0.458174183	0.634502013	0.775820783	0.96496369	1.182130785	1.368819452	1.57568033	1.801871299	2.07650263	2.058280892	2.586185719																																					
0.089453955	0.18666784	0.310998711	0.483554838	0.68115405	0.775727574	0.971392605	1.043657139	1.294004536	1.499443347	1.621982017	1.944677761	2.186751204	2.398817174																																					
0.089453955	0.186804333	0.338630108	0.517579432	0.669494897	0.808061151	0.920448145	1.13186219	1.214433089	1.411588053	1.514343887	1.750166036	2.107705668	2.506190981																																					
0.089453955	0.13440487	0.386481985	0.520648008	0.673234906	0.848619088	0.987788838	1.119337846	1.342515327	1.415639996	1.670823641	1.724352064	1.76548578	1.907041739																																					
0.101889691	0.199787245	0.300117474	0.481573832	0.632179015	0.765610785	0.920737577	1.114573355	1.246572894	1.5231571	1.633894102	1.826077107	2.233520718	2.267309547																																					
0.073986701	0.204874209	0.300760303	0.48932684	0.556280119	0.752424339	0.881044585	1.0203421	1.232972747	1.356299371	1.550674398	1.784505823	1.817969104	1.757727939																																					
0.092485473	0.190798927	0.309650471	0.501432133	0.643981279	0.756345093	0.934820647	1.167032223	1.334860042	1.554266047	1.519973535	1.705978453	1.893443914	2.454797482																																					
0.039906713	0.156857192	0.313928536	0.501006585	0.704202341	0.814735996	1.009889856	1.195677214	1.318023224	1.459692406	1.607846637	1.725247001	2.175250932	2.22273687																																					
0.067499863	0.190892828	0.33299593	0.530423652	0.7041519	0.888929309	1.018251423	1.302223094	1.476410541	1.548000362	1.693453553	1.904632888	1.959158368	2.443796132																																					
0.072511601	0.178827653	0.330237291	0.512037771	0.675403722	0.857160266	1.042403765	1.251665924	1.430673613	1.769067291	1.859774839	1.995944521	2.183754974	2.801554346																																					
0.068487753	0.18432966	0.277273928	0.451559763	0.644299511	0.849441203	1.07964399	1.215195948	1.431826974	1.620551269	1.919781187	2.053680559	2.081263062	2.320406428																																					
0.064463904	0.163946225	0.313539945	0.479797738	0.70408128	0.879713788	1.071632468	1.278174313	1.503612252	1.736181003	2.054825793	2.190522664	2.609896678	2.409724925																																					
0.090207738	0.186054733	0.303042012	0.490309128	0.656265635	0.810392103	0.9867871	1.229307093	1.506481144	1.778454786	1.984766217	1.927766279	2.297251326	2.532928875																																					
0.087236307	0.175767833	0.286278403	0.516170423	0.70775579	0.882831192	1.05645595	1.255635926	1.498699525	1.848499928	1.839762639	2.139395905	2.245345997	2.655528812																																					
0.08831457	0.170268438	0.309653784	0.500779483	0.719220026	0.882015103	1.097215917	1.292239991	1.518359686	1.808779695	1.935739594	2.248924236	2.328269936	2.203892063																																					
0.057540011	0.169266424	0.308376704	0.47532174	0.689325988	0.898563879	1.077642858	1.275466367	1.518469056	1.79396481	1.993911787	2.33626263	2.500713032	2.638177075																																					
0.062478855	0.169285747	0.277323707	0.481679629	0.653897437	0.800204723	1.052930733	1.208095399	1.538181999	1.760330579	2.083658779	2.230226892	2.316628846	2.772950982																																					
0.062478855	0.139700153	0.228336004	0.481510958	0.704340092	0.881909065	1.073016316	1.292826589	1.675504399	2.064387032	2.325848151	2.585184446	2.90732601	3.193643528																																					
0.071591415	0.154526956	0.257337934	0.475015241	0.705959934	0.939112761	1.106638726	1.396101716	1.659137696	1.918761791	2.244744758	2.22325864	2.585826787	2.911325961																																					
0.073612096	0.165360993	0.292047496	0.403289867	0.514392042	0.766831981	1.089349727	1.369441598	1.658846823	1.979928727	2.251578623	2.481703626	2.794965834	2.956197633																																					
0.06058384	0.183188672	0.291846078	0.455201632	0.544073356	0.72193351	1.131926604	1.47296589	1.671130436	2.001299161	2.102051111	2.409233746	2.609585709	2.909334541																																					
0.025937992	0.210605803	0.369378713	0.497468481	0.610442769	0.70253018	1.043237473	1.362462931	1.689586206	1.898598576	2.119783796	2.22796583	2.435147397	2.676197611																																					
0.025937992	0.210605803	0.369378713	0.497468481	0.610442769	0.70253018	1.043237473	1.362462931	1.689586206	1.898598576	2.119783796	2.22796583	2.435147397	2.676197611																																					
#FshWt 1	2	3	4	5	6	7	8	9	10	11	12	13	14																																					
0.076	0.186	0.332	0.538	0.722	0.902	1.096	1.287	1.463	1.646	1.84	2.134	2.269	2.896																																					
0.076	0.186	0.332	0.538	0.722	0.902	1.096	1.287	1.463	1.646	1.84	2.134	2.269	2.896																																					
0.076	0.186	0.332	0.538	0.722	0.902	1.096	1.287	1.463	1.646	1.84	2.134	2.269	2.896																																					
0.1	0.1911	0.3487	0.5652	0.8035	0.9766	1.2382	1.5516	1.9489	2.1583	2.378	2.7697	2.8099	3.7341																																					
0.0881	0.1998	0.3261	0.5346	0.7577	1.0123	1.2918	1.6154	1.9271	2.3183	2.6218	3.0451	3.2981	4.7534																																					
0.108428271	0.221249193	0.412411797	0.613945609	0.755892441	0.895245457	1.087247627	1.202371227	1.324376027	1.347741831	2.109028735	2.629959847	2.640710712	2.861626102																																					
0.123786611	0.185412465	0.365646428	0.599901669	0.818069076	0.988133662	1.258630171	1.517588158	1.689206935	1.712152021	2.069121177	3.333320158	2.662052904	2.861626102																																					
0.099925784	0.217052539	0.405190794	0.649156392	0.94158764	1.101278256	1.256629211	1.447515204	1.49252307	1.672665852	1.714147733	2.011076178	2.48080756	2.861626102																																					
0.100610846	0.162817358	0.311110061	0.537441832	0.72826906	0.977042454	1.151963336	1.345764044	1.497977167	1.662630214	2.017958003	2.637533696	2.560552164	3.994596705																																					
0.090287618	0.218392781	0.330112382	0.53106947	0.773208285	1.039786604	1.280617761	1.425115825	1.504619996	1.787153672	2.160719669	2.171111362	2.272650123	3.49807232																																					
0.105372946	0.169150622	0.305294528	0.62400907	0.865969975	1.061856953	1.314123521	1.514638756	1.663024859	1.853301209	1.922404828	1.847026698	1.870180477	2.515189416																																					
0.033157701	0.225746462	0.380360345	0.670799257	0.832588233	1.08865939	1.270907077	1.470324952	1.573944043	1.796366202	1.839284208	2.546477665	2.675874873	2.795523221																																					
0.053437591	0.16125439	0.281396254	0.503651443	0.667132716	0.8750087	1.013046605	1.139756776	1.259481776	1.44930408	1.45189897	1.613483928	1.689248826	2.824339465																																					
0.064997153	0.159817067	0.338305413	0.613796801	0.785332943	0.944532915	1.109273361	1.259894594	1.450655217	1.623355769	1.867150709	2.167047982	2.399125877	2.63898341																																					
0.076556714	0.167024087	0.320625705	0.483682745	0.649688481	0.840658055	1.037563739	1.215235922	1.437168743	1.616502563	1.979005519	2.141657095	2.607869593	3.142987152																																					
0.06673754	0.177462068	0.248823623	0.458174183	0.634502013	0.775820783	0.96496369	1.182130785	1.368819452	1.57568033	1.801871299	2.07650263	2.058280892	2.586185719																																					
0.089453955	0.18666784	0.310998711	0.483554838	0.68115405	0.775727574	0.971392605	1.043657139	1.294004536	1.499443347	1.621982017	1.944677761	2.186751204	2.398817174																																					
0.089453955	0.186804333	0.338630108	0.517579432	0.669494897	0.808061151	0.920448145	1.13186219	1.214433089	1.411588053	1.514343887	1.750166036	2.107705668	2.506190981																																					
0.089453955	0.13440487	0.386481985	0.520648008	0.673234906	0.848619088	0.987788838	1.119337846	1.342515327	1.415639996	1.670823641	1.724352064	1.76548578	1.907041739																																					
0.101889691	0.199787245	0.300117474	0.481573832	0.632179015	0.765610785	0.920737577	1.114573355	1.246572894	1.5231571	1.633894102	1.826077107	2.233520718	2.267309547																																					
0.073986701	0.204874209	0.300760303	0.48932684	0.556280119	0.752424339	0.881044585	1.0203421	1.232972747	1.356299371	1.550674398	1.784505823	1.817969104	1.757727939																																					
0.092485473	0.190798927	0.309650471	0.501432133	0.643981279	0.756345093	0.934820647	1.167032223	1.334860042	1.554266047	1.519973535	1.705978453	1.893443914	2.454797482																																					
0.039906713	0.156857192	0.313928536	0.501006585	0.704202341	0.814735996	1.009889856	1.195677214	1.318023224	1.459692406	1.607846637	1.725247001	2.175250932	2.22273687																																					
0.067499863	0.190892828	0.33299593	0.530423652	0.7041519	0.888929309	1.018251423	1.302223094	1.476410541	1.548000362	1.693453553	1.904632888	1.959158368	2.443796132																																					
0.072511601	0.178827653	0.330237291	0.512037771	0.675403722	0.857160266	1.042403765	1.251665924	1.430673613	1.769067291	1.859774839	1.995944521	2.183754974	2.801554346																																					
0.068487753	0.18432966	0.277273928	0.451559763	0.644299511	0.849441203	1.07964399	1.215195948	1.431826974	1.620551269	1.919781187	2.053680559	2.081263062	2.320406428																																					
0.064463904	0.163946225	0.313539945	0.479797738	0.70408128	0.879713788	1.071632468	1.278174313	1.503612252	1.736181003	2.054825793	2.190522664	2.609896678	2.409724925																																					
0.090207738	0.186054733	0.303042012	0.490309128	0.656265635	0.810392103	0.9867871	1.229307093	1.506481144	1.778454786	1.984766217	1.927766279	2.297251326	2.532928875																																					
0.087236307	0.175767833	0.286278403	0.516170423	0.70775579	0.882831192	1.05645595	1.255635926	1.498699525	1.848499928	1.839762639	2.139395905	2.245345997	2.655528812																																					
0.08831457	0.170268438	0.309653784	0.500779483	0.719220026	0.882015103	1.097215917	1.292239991	1.518359686	1.808779695	1.935739594	2.248924236	2.328269936	2.203892063																																					
0.057540011	0.169266424	0.308376704	0.47532174	0.689325988	0.898563879	1.077642858	1.275466367	1.518469056	1.79396481	1.993911787	2.33626263	2.500713032	2.638177075																																					
0.062478855	0.169285747	0.277323707	0.481679629	0.653897437	0.800204723	1.052930733	1.208095399	1.538181999	1.760330579	2.083658779	2.230226892	2.316628846	2.772950982																																					
0.062478855	0.139700153	0.228336004	0.481510958	0.704340092	0.881909065	1.073016316	1.292826589	1.675504399	2.064387032	2.325848151	2.585184446	2.90732601	3.193643528																																					
0.071591415	0.154526956	0.257337934	0.475015241	0.705959934	0.939112761	1.106638726	1.396101716	1.659137696	1.918761791	2.244744758	2.22325864	2.585826787	2.911325961																																					
0.073612096	0.165360993	0.292047496	0.403289867	0.514392042	0.766831981	1.089349727	1.369441598	1.658846823	1.979928727	2.251578623	2.481703626	2.794965834	2.956197633																																					
0.06058384	0.183188672	0.291846078	0.455201632	0.544073356	0.72193351	1.131926604	1.47296589	1.671130436	2.001299161	2.102051111	2.409233746	2.609585709	2.909334541																																					
0.025937992	0.210605803	0.369378713	0.497468481	0.610442769	0.70253018	1.043237473	1.362462931	1.689586206	1.898598576	2.119783796	2.22796583	2.435147397	2.676197611																																					
0.025937992	0.210605803	0.369378713	0.497468481	0.610442769	0.70253018	1.043237473	1.362462931	1.689586206	1.898598576	2.119783796	2.22796583	2.435147397	2.676197611																																					
#Inum																																																		
2																																																		
#Inames																																																		
Acoustic%TrawlCPUE																																																		
#Inumyears																																																		
21																																																		
19																																																		
#Iyears																																																		
2000	2001	2002	2003	2004	2005	2007	2008	2009	2010	2011	2012	2013	2014	2015	2016	2017	2018	2019	2020	2021																														
2003	2004	2005	2006	2007	2008	2009	2010	2011	2012	2013	2014	2015	2016	2017	2018	2019	2020	2021																																
#Imonths																																																		
8																																																		
6																																																		
#Index																																																		
466.384	420.93	369.248	196.649	133.306	116.42	136.697	125.173	190.035	148.073	139.244	120.324	64.831	138.425	203.619	194.63	177.515	138.171	85.575	87.697	65.264																														
1.034559513	0.576847636	0.455713251	0.637097676	0.585626736	0.712431481	0.810971342	0.57552571	0.51710776	0.450422606	0.321371946	0.74749598	0.562624622	0.445311051	0.314332616	0.18343272	0.131992178	0.141657905	0.459003007																																
#Indexerr																																																		
93.2768	84.186	73.8496	39.3298	26.6612	23.284	27.3394	25.0346	38.007	29.6146	27.8488	24.0648	12.9662	27.685	40.7238	38.926	35.503	27.6342	17.115	17.5394	13.0528
0.155183927	0.086527145	0.068356988	0.095564651	0.08784401	0.106864722	0.121645701	0.086328857	0.077566164	0.067563391	0.048205792	0.112124397	0.084393693	0.066796658	0.047149892	0.027514908	0.019798827	0.021248686	0.068850451		
#Inumageyears																																																		
21																																																		
0																																																		
#Inumlengthyears																																																		
0																																																		
0																																																		
#Iyearslength																																																		
#Iyearsage																																																		
2000	2001	2002	2003	2004	2005	2007	2008	2009	2010	2011	2012	2013	2014	2015	2016	2017	2018	2019	2020	2021																														
#Iagesample																																																		
30	30	30	30	30	30	30	30	30	30	30	30	30	30	30	30	30	30	30	30	30																														
#Ipropage																																																		
0	0.00021709	0.005728537	0.022702146	0.091442628	0.079442417	0.193899733	0.197119878	0.164842488	0.131606904	0.067997388	0.025746422	0.010863498	0.008390872																																					
7.45E-07	3.22E-03	1.96E-02	3.09E-02	1.04E-01	1.66E-01	1.69E-01	1.50E-01	1.31E-01	7.49E-02	6.53E-02	2.45E-02	1.89E-02	4.19E-02																																					
1.50E-04	6.75E-03	2.56E-02	1.07E-01	1.23E-01	1.56E-01	2.09E-01	1.33E-01	1.21E-01	6.75E-02	3.12E-02	8.07E-03	5.21E-03	5.79E-03																																					
0	0	0.00099239	0.02304604	0.094895756	0.155528875	0.160397213	0.233445298	0.167300338	0.109431708	0.040537428	0.007188523	0.007172439	0.000064																																					
0.000673234	0.012185506	0.066385038	0.077500063	0.100267325	0.137627252	0.138177513	0.168127169	0.13320264	0.102692602	0.042232442	0.009201394	0.011404899	0.000322923																																					
1.89E-05	6.55E-03	2.01E-02	6.11E-02	6.12E-02	9.89E-02	1.59E-01	1.54E-01	1.40E-01	1.13E-01	1.05E-01	4.38E-02	2.56E-02	1.07E-02																																					
1.34E-06	4.09E-03	3.53E-02	9.25E-02	1.77E-01	2.65E-01	1.47E-01	1.21E-01	9.47E-02	4.06E-02	1.54E-02	4.94E-03	1.78E-03	7.39E-04																																					
0.000347138	0.072474042	0.377764817	0.280903274	0.130620285	0.046304285	0.047274722	0.014785988	0.013865983	0.005962121	0.003836219	0.004466368	0.000892696	0.000502063																																					
0.002512624	0.03734829	0.181012972	0.195574704	0.161774979	0.098481556	0.050236619	0.104767102	0.066965328	0.050293915	0.02531113	0.014286457	0.010385857	0.00105																																					
0.000989628	0.024089364	0.205888247	0.321759815	0.197151917	0.127162829	0.058912053	0.022330835	0.024620999	0.012490386	0.002766785	0.001505912	0.00033123	0																																					
0.00045876	0.027311232	0.351945847	0.279909422	0.170678161	0.057196852	0.035183645	0.035046947	0.01500284	0.009406152	0.008341213	0.005979079	0.002469836	0.001070012																																					
4.44E-04	3.55E-02	2.13E-01	2.64E-01	1.03E-01	1.06E-01	9.76E-02	1.12E-01	4.41E-02	1.62E-02	7.28E-03	4.89E-04	0.00E+00	0.00E+00																																					
1.45E-04	6.28E-02	3.42E-01	3.20E-01	1.54E-01	6.14E-02	2.61E-02	1.10E-02	5.74E-03	3.98E-03	6.24E-04	2.91E-04	3.74E-03	8.66E-03																																					
1.92E-04	3.94E-02	2.53E-01	1.61E-01	1.49E-01	1.71E-01	1.07E-01	7.09E-02	3.86E-02	9.01E-03	7.12E-04	1.06E-03	0.00E+00	0.00E+00																																					
1.34E-04	7.53E-03	1.67E-01	2.68E-01	1.32E-01	1.18E-01	1.18E-01	6.17E-02	5.95E-02	4.89E-02	8.21E-03	9.44E-03	1.80E-03	3.79E-04																																					
0.010948141	0.037990761	0.122189974	0.170354821	0.212004	0.11310125	0.148586547	0.066202463	0.045363242	0.040009885	0.022260902	0.009473664	0	0.00151																																					
0	0.409431051	0.162456737	0.102088707	0.069240147	0.063462472	0.062389955	0.026015606	0.034210896	0.018136316	0.018869038	0.012251172	0.012864143	0.008583761																																					
0.000882798	0.019954147	0.481009385	0.211265786	0.080049386	0.06722737	0.058793956	0.035521599	0.017012021	0.012229628	0.006195944	0.003268528	0.00479982	0.001789632																																					
0.000122167	0.14042312	0.339063776	0.450060528	0.03033583	0.012497849	0.004302357	0.007351141	0.004386484	0.003330566	0.002403665	0.002730359	0.001503514	0.001488645																																					
0.000561662	0.031656648	0.643360488	0.195982472	0.085234437	0.01876789	0.008794605	0.006322712	0.002388826	0.002644491	0.000725817	0.000699669	0.00018003	0.002680253																																					
0.010674976	0.077446119	0.344661712	0.361100478	0.1036716	0.053821921	0.019122219	0.009344147	0.003250007	0.004111189	0.004104114	0.004406756	0.00132453	0.002960231																																					
#Ilengthsample																																																		
#Iproplength																																																		
#Iwtatage																																																		
0.059576198	0.155086866	0.321507831	0.493620561	0.641523223	0.834376432	1.045920441	1.229769282	1.411550833	1.566098479	1.726890579	1.989560257	1.917170382	2.112449826																																					
0.059576198	0.155086866	0.321507831	0.493620561	0.641523223	0.834376432	1.045920441	1.229769282	1.411550833	1.566098479	1.726890579	1.989560257	1.917170382	2.112449826																																					
0.059576198	0.155086866	0.321507831	0.493620561	0.641523223	0.834376432	1.045920441	1.229769282	1.411550833	1.566098479	1.726890579	1.989560257	1.917170382	2.112449826																																					
0.059576198	0.155086866	0.321507831	0.493620561	0.641523223	0.834376432	1.045920441	1.229769282	1.411550833	1.566098479	1.726890579	1.989560257	1.917170382	2.112449826																																					
0.059576198	0.155086866	0.321507831	0.493620561	0.641523223	0.834376432	1.045920441	1.229769282	1.411550833	1.566098479	1.726890579	1.989560257	1.917170382	2.112449826																																					
0.059576198	0.155086866	0.321507831	0.493620561	0.641523223	0.834376432	1.045920441	1.229769282	1.411550833	1.566098479	1.726890579	1.989560257	1.917170382	2.112449826																																					
0.059576198	0.155086866	0.321507831	0.493620561	0.641523223	0.834376432	1.045920441	1.229769282	1.411550833	1.566098479	1.726890579	1.989560257	1.917170382	2.112449826																																					
0.059576198	0.155086866	0.321507831	0.493620561	0.641523223	0.834376432	1.045920441	1.229769282	1.411550833	1.566098479	1.726890579	1.989560257	1.917170382	2.112449826																																					
0.059576198	0.155086866	0.321507831	0.493620561	0.641523223	0.834376432	1.045920441	1.229769282	1.411550833	1.566098479	1.726890579	1.989560257	1.917170382	2.112449826																																					
0.059576198	0.155086866	0.321507831	0.493620561	0.641523223	0.834376432	1.045920441	1.229769282	1.411550833	1.566098479	1.726890579	1.989560257	1.917170382	2.112449826																																					
0.059576198	0.155086866	0.321507831	0.493620561	0.641523223	0.834376432	1.045920441	1.229769282	1.411550833	1.566098479	1.726890579	1.989560257	1.917170382	2.112449826																																					
0.059576198	0.155086866	0.321507831	0.493620561	0.641523223	0.834376432	1.045920441	1.229769282	1.411550833	1.566098479	1.726890579	1.989560257	1.917170382	2.112449826																																					
0.059576198	0.155086866	0.321507831	0.493620561	0.641523223	0.834376432	1.045920441	1.229769282	1.411550833	1.566098479	1.726890579	1.989560257	1.917170382	2.112449826																																					
0.059576198	0.155086866	0.321507831	0.493620561	0.641523223	0.834376432	1.045920441	1.229769282	1.411550833	1.566098479	1.726890579	1.989560257	1.917170382	2.112449826																																					
0.059576198	0.155086866	0.321507831	0.493620561	0.641523223	0.834376432	1.045920441	1.229769282	1.411550833	1.566098479	1.726890579	1.989560257	1.917170382	2.112449826																																					
0.059576198	0.155086866	0.321507831	0.493620561	0.641523223	0.834376432	1.045920441	1.229769282	1.411550833	1.566098479	1.726890579	1.989560257	1.917170382	2.114476649																																					
0.041664757	0.187862365	0.259162764	0.482519334	0.640545171	0.738509754	0.918900106	1.040694059	1.173463082	1.302577655	1.389065843	1.606984055	1.611397584	1.60214859																																					
0.059348267	0.167974977	0.277116537	0.483156246	0.659018952	0.841961328	1.014164392	1.282799062	1.515569245	1.641737031	1.820275894	2.087279617	1.966547458	2.08387136																																					
0.059576198	0.155086866	0.304416523	0.501509787	0.66195176	0.801295209	0.991377952	1.072125854	1.273824917	1.380841225	1.591539084	1.740647102	1.594456584	2.147215583																																					
0.090749566	0.160935133	0.226919235	0.425811552	0.650483448	0.782912821	0.983707799	1.132215009	1.311524051	1.461662325	1.569628349	1.809319083	2.018219114	2.018219114																																					
0.049533589	0.163068294	0.255187438	0.447539383	0.657789887	0.919081741	1.065085798	1.233448601	1.450780443	1.479289959	1.701591788	1.700152571	2.180005747	2.020754609																																					
0.059576198	0.155086866	0.321507831	0.493620561	0.641523223	0.834376432	1.045920441	1.229769282	1.411550833	1.566098479	1.726890579	1.989560257	1.917170382	2.114476649																																					
0.071159503	0.152995383	0.349503731	0.543846844	0.841255112	0.917458662	1.2669001	1.35143543	1.549901816	1.621775811	2.204957254	2.251168138	2.489962866	2.097645676																																					
0.049532554	0.170346468	0.264359929	0.508303944	0.69401806	0.842672559	1.078454326	1.4209726	1.521462938	1.648437727	1.663688049	1.987064729	1.570200868	3.361692579																																					
0.038350468	0.15257134	0.282643067	0.450127757	0.688109332	0.982903886	1.224376888	1.500395299	1.890216164	1.973897789	2.035059867	1.965099758	2.15784546	3.181984561																																					
0.050079477	0.158030598	0.281449402	0.465288356	0.697312454	0.882195271	1.098418765	1.367300246	1.646317582	1.924983146	2.284430294	2.64183618	2.685706064	2.453892635																																					
0.065303447	0.195506479	0.284754709	0.466893424	0.716602934	0.929476977	1.085044781	1.40668856	1.956189773	2.102872375	2.278257594	2.309204929	2.736083401	2.404230809																																					
0.080981725	0.181642759	0.304482321	0.478096532	0.738298385	1.051571759	1.25945247	1.478489483	1.81454944	2.073736175	1.997193378	2.724184976	2.182351821	2.453892635																																					
0.059411449	0.16496991	0.250560128	0.439559948	0.620146993	0.822757777	1.195775698	1.278207095	1.679341617	1.796497118	1.709292168	3.053046998	3.260626331	3.960579453																																					
0.058799573	0.175257354	0.250617118	0.449139529	0.767723423	0.915424573	1.162967855	1.371526344	1.460574428	1.585857728	2.182034081	1.900909576	2.182351821	2.453892635																																					
0.052014382	0.154553347	0.298845221	0.432232942	0.641233572	0.951068811	1.145813829	1.393899946	1.626155616	1.805961933	2.272148954	2.691007927	2.690602586	2.453892635																																					
0.059918438	0.120188394	0.254178465	0.476605325	0.724388621	0.960407581	1.195231972	1.281369316	1.663169013	2.014736874	2.22093539	2.704749108	2.182351821	2.453892635																																					
0.059918438	0.101428598	0.205993447	0.415732319	0.673756042	0.859164825	1.232692242	1.649597711	2.098125432	2.355600481	2.823194881	3.053136064	3.090835654	2.938600993																																					
0.067829793	0.167714737	0.222362956	0.467032139	0.803253646	0.713857822	1.366590072	1.283402567	1.960624508	1.834820785	2.922684644	2.592551595	2.526402208	3.099358514																																					
0.061651014	0.157508914	0.23135272	0.360289781	0.519837803	0.912700932	1.043336908	1.449253519	1.735403106	1.856646415	2.30583817	2.512823756	2.530876877	2.704237434																																					
0.085895527	0.195641995	0.276136475	0.39084565	0.465449768	0.807554306	1.115110282	1.390163911	1.536608738	1.608645816	2.470122321	2.50039276	3.192217511	1.894410779																																					
0.050595165	0.13155439	0.259018332	0.418924496	0.562620347	0.773427124	1.019189363	1.296996133	1.796731929	1.833558454	1.947563189	2.11053303	2.394676536	1.757379844																																					
0.050595165	0.13155439	0.259018332	0.418924496	0.562620347	0.773427124	1.019189363	1.296996133	1.796731929	1.833558454	1.947563189	2.11053303	2.394676536	1.757379844																																					
#last index 1	2	3	4	5	6	7	8	9	10	11	12	13	14																																					
0.076	0.186	0.332	0.538	0.722	0.902	1.096	1.287	1.463	1.646	1.84	2.134	2.269	2.896																																					
0.076	0.186	0.332	0.538	0.722	0.902	1.096	1.287	1.463	1.646	1.84	2.134	2.269	2.896																																					
0.076	0.186	0.332	0.538	0.722	0.902	1.096	1.287	1.463	1.646	1.84	2.134	2.269	2.896																																					
0.1	0.1911	0.3487	0.5652	0.8035	0.9766	1.2382	1.5516	1.9489	2.1583	2.378	2.7697	2.8099	3.7341																																					
0.0881	0.1998	0.3261	0.5346	0.7577	1.0123	1.2918	1.6154	1.9271	2.3183	2.6218	3.0451	3.2981	4.7534																																					
0.108428271	0.221249193	0.412411797	0.613945609	0.755892441	0.895245457	1.087247627	1.202371227	1.324376027	1.347741831	2.109028735	2.629959847	2.640710712	2.861626102																																					
0.123786611	0.185412465	0.365646428	0.599901669	0.818069076	0.988133662	1.258630171	1.517588158	1.689206935	1.712152021	2.069121177	3.333320158	2.662052904	2.861626102																																					
0.099925784	0.217052539	0.405190794	0.649156392	0.94158764	1.101278256	1.256629211	1.447515204	1.49252307	1.672665852	1.714147733	2.011076178	2.48080756	2.861626102																																					
0.100610846	0.162817358	0.311110061	0.537441832	0.72826906	0.977042454	1.151963336	1.345764044	1.497977167	1.662630214	2.017958003	2.637533696	2.560552164	3.994596705																																					
0.090287618	0.218392781	0.330112382	0.53106947	0.773208285	1.039786604	1.280617761	1.425115825	1.504619996	1.787153672	2.160719669	2.171111362	2.272650123	3.49807232																																					
0.105372946	0.169150622	0.305294528	0.62400907	0.865969975	1.061856953	1.314123521	1.514638756	1.663024859	1.853301209	1.922404828	1.847026698	1.870180477	2.515189416																																					
0.033157701	0.225746462	0.380360345	0.670799257	0.832588233	1.08865939	1.270907077	1.470324952	1.573944043	1.796366202	1.839284208	2.546477665	2.675874873	2.795523221																																					
0.053437591	0.16125439	0.281396254	0.503651443	0.667132716	0.8750087	1.013046605	1.139756776	1.259481776	1.44930408	1.45189897	1.613483928	1.689248826	2.824339465																																					
0.064997153	0.159817067	0.338305413	0.613796801	0.785332943	0.944532915	1.109273361	1.259894594	1.450655217	1.623355769	1.867150709	2.167047982	2.399125877	2.63898341																																					
0.076556714	0.167024087	0.320625705	0.483682745	0.649688481	0.840658055	1.037563739	1.215235922	1.437168743	1.616502563	1.979005519	2.141657095	2.607869593	3.142987152																																					
0.06673754	0.177462068	0.248823623	0.458174183	0.634502013	0.775820783	0.96496369	1.182130785	1.368819452	1.57568033	1.801871299	2.07650263	2.058280892	2.586185719																																					
0.089453955	0.18666784	0.310998711	0.483554838	0.68115405	0.775727574	0.971392605	1.043657139	1.294004536	1.499443347	1.621982017	1.944677761	2.186751204	2.398817174																																					
0.089453955	0.186804333	0.338630108	0.517579432	0.669494897	0.808061151	0.920448145	1.13186219	1.214433089	1.411588053	1.514343887	1.750166036	2.107705668	2.506190981																																					
0.089453955	0.13440487	0.386481985	0.520648008	0.673234906	0.848619088	0.987788838	1.119337846	1.342515327	1.415639996	1.670823641	1.724352064	1.76548578	1.907041739																																					
0.101889691	0.199787245	0.300117474	0.481573832	0.632179015	0.765610785	0.920737577	1.114573355	1.246572894	1.5231571	1.633894102	1.826077107	2.233520718	2.267309547																																					
0.073986701	0.204874209	0.300760303	0.48932684	0.556280119	0.752424339	0.881044585	1.0203421	1.232972747	1.356299371	1.550674398	1.784505823	1.817969104	1.757727939																																					
0.092485473	0.190798927	0.309650471	0.501432133	0.643981279	0.756345093	0.934820647	1.167032223	1.334860042	1.554266047	1.519973535	1.705978453	1.893443914	2.454797482																																					
0.039906713	0.156857192	0.313928536	0.501006585	0.704202341	0.814735996	1.009889856	1.195677214	1.318023224	1.459692406	1.607846637	1.725247001	2.175250932	2.22273687																																					
0.067499863	0.190892828	0.33299593	0.530423652	0.7041519	0.888929309	1.018251423	1.302223094	1.476410541	1.548000362	1.693453553	1.904632888	1.959158368	2.443796132																																					
0.072511601	0.178827653	0.330237291	0.512037771	0.675403722	0.857160266	1.042403765	1.251665924	1.430673613	1.769067291	1.859774839	1.995944521	2.183754974	2.801554346																																					
0.068487753	0.18432966	0.277273928	0.451559763	0.644299511	0.849441203	1.07964399	1.215195948	1.431826974	1.620551269	1.919781187	2.053680559	2.081263062	2.320406428																																					
0.064463904	0.163946225	0.313539945	0.479797738	0.70408128	0.879713788	1.071632468	1.278174313	1.503612252	1.736181003	2.054825793	2.190522664	2.609896678	2.409724925																																					
0.090207738	0.186054733	0.303042012	0.490309128	0.656265635	0.810392103	0.9867871	1.229307093	1.506481144	1.778454786	1.984766217	1.927766279	2.297251326	2.532928875																																					
0.087236307	0.175767833	0.286278403	0.516170423	0.70775579	0.882831192	1.05645595	1.255635926	1.498699525	1.848499928	1.839762639	2.139395905	2.245345997	2.655528812																																					
0.08831457	0.170268438	0.309653784	0.500779483	0.719220026	0.882015103	1.097215917	1.292239991	1.518359686	1.808779695	1.935739594	2.248924236	2.328269936	2.203892063																																					
0.057540011	0.169266424	0.308376704	0.47532174	0.689325988	0.898563879	1.077642858	1.275466367	1.518469056	1.79396481	1.993911787	2.33626263	2.500713032	2.638177075																																					
0.062478855	0.169285747	0.277323707	0.481679629	0.653897437	0.800204723	1.052930733	1.208095399	1.538181999	1.760330579	2.083658779	2.230226892	2.316628846	2.772950982																																					
0.062478855	0.139700153	0.228336004	0.481510958	0.704340092	0.881909065	1.073016316	1.292826589	1.675504399	2.064387032	2.325848151	2.585184446	2.90732601	3.193643528																																					
0.071591415	0.154526956	0.257337934	0.475015241	0.705959934	0.939112761	1.106638726	1.396101716	1.659137696	1.918761791	2.244744758	2.22325864	2.585826787	2.911325961																																					
0.073612096	0.165360993	0.292047496	0.403289867	0.514392042	0.766831981	1.089349727	1.369441598	1.658846823	1.979928727	2.251578623	2.481703626	2.794965834	2.956197633																																					
0.06058384	0.183188672	0.291846078	0.455201632	0.544073356	0.72193351	1.131926604	1.47296589	1.671130436	2.001299161	2.102051111	2.409233746	2.609585709	2.909334541																																					
0.025937992	0.210605803	0.369378713	0.497468481	0.610442769	0.70253018	1.043237473	1.362462931	1.689586206	1.898598576	2.119783796	2.22796583	2.435147397	2.676197611																																					
0.025937992	0.210605803	0.369378713	0.497468481	0.610442769	0.70253018	1.043237473	1.362462931	1.689586206	1.898598576	2.119783796	2.22796583	2.435147397	2.676197611																																					
#Pspwn																																																		
1																																																		
#Pageerr DON'T USE																																																		
1	0	0	0	0	0	0	0	0	0	0	0	0	0																																					
0	1	0	0	0	0	0	0	0	0	0	0	0	0																																					
0	0	0.7625	0.2215	0.0159	2.00E-04	0	0	0	0	0	0	0	0																																					
0	0	0.244	0.5117	0.2253	1.85E-02	3.00E-04	0	0	0	0	0	0	0																																					
0	0	0.0217	0.229	0.4991	0.2287	2.13E-02	4.00E-04	0	0	0	0	0	0																																					
0	0	5.00E-04	0.0243	0.232	0.487	0.2316	2.43E-02	5.00E-04	5.00E-04	5.00E-04	5.00E-04	5.00E-04	5.00E-04																																					
0	0	0.00E+00	7.00E-04	0.0274	0.234	0.4755	0.2341	2.74E-02	2.74E-02	2.74E-02	2.74E-02	2.74E-02	2.74E-02																																					
0	0	0	0.00E+00	0.001	0.0306	0.236	0.4644	0.2362	0.2362	0.2362	0.2362	0.2362	0.2362																																					
0	0	0	0	0	0.0013	0.0338	0.238	0.4538	0.4538	0.4538	0.4538	0.4538	0.4538																																					
0	0	0	0	0	0.0013	0.0338	0.238	0.4538	0.4538	0.4538	0.4538	0.4538	0.4538																																					
0	0	0	0	0	0.0013	0.0338	0.238	0.4538	0.4538	0.4538	0.4538	0.4538	0.4538																																					
0	0	0	0	0	0.0013	0.0338	0.238	0.4538	0.4538	0.4538	0.4538	0.4538	0.4538																																					
0	0	0	0	0	0.0013	0.0338	0.238	0.4538	0.4538	0.4538	0.4538	0.4538	0.4538																																					
0	0	0	0	0	0.0013	0.0338	0.238	0.4538	0.4538	0.4538	0.4538	0.4538	0.4538																																					
