# Number of parameters = 793 Objective function value = 335.279165604862  Maximum gradient component = 2.29560987184381e-05
# Mest[1]:
0.350000000000
# log_Linf[1]:
4.38701417618
# log_k[1]:
-1.83258146375
# log_Lo[1]:
2.75684036527
# log_sdage[1]:
-2.40794560865
# mean_log_rec[1]:
6.79681684200
# steepness[1]:
0.650000000000
# log_Rzero[1]:
6.50906923767
# rec_dev:
 -0.171853886785 -0.222083015926 -0.277540540812 -0.348432571286 -0.416650555096 -0.498478610818 -0.575624429161 -0.646563370339 -0.671900329101 -0.389546968629 0.0273703819111 0.554960904706 0.625276774739 0.799554611444 1.23641921652 1.04180114780 0.886631389523 0.779920661933 0.882230132765 0.905725563756 0.885525357383 0.937411185633 1.39473238410 1.03875465039 1.64980905280 0.687706106690 0.594020901999 0.663307954974 -0.000940321828853 -0.234235825246 -0.0493756180408 -0.372863459737 -0.0187652069587 0.147244774763 -0.00458575172351 -0.161745553036 -0.305593996976 -0.177574086191 -0.605000723918 -0.681578676175 -1.05348924740 -1.51513119881 -1.66461268159 -1.27899722891 -0.202354701892 -0.486101130484 0.346219763498 -0.128487587808 -0.0920240340435 -0.0160628694472 1.09510800428e-09
# log_sigmar[1]:
-0.223143551314
# fmort:
 -13.6029881131 -13.7733164765 -2.30076807745 -1.83836963442 -1.69782949035 -2.29587145083 -1.95897050073 -1.65582923547 -2.68021173194 -2.82274214477 -1.92009857437 -1.27369433640 -3.25573081948 -1.61411619281 -1.45143976538 -2.63524663978 -2.17801011231 -2.27507101350 -5.04883461140 -5.27041843420 -4.71333566490 -9.32998840620 -10.6319724394 -13.3728345493 -7.84499140773 -6.70913384784 -6.62460453965 -6.43748254032 -12.7047976445 -12.4897025612 -12.2112868915 -12.0519162851 -12.3372108768 -12.8050511019 -13.0972959660 -13.3952995795 -13.4479972030 -13.4579778654
 -2.25939679198 -1.38685209128 -2.07144049438 -2.18845462137 -2.24997885701 -2.06178169960 -2.55879121687 -2.38151912121 -2.67700977240 -2.70733945302 -2.66228257971 -2.53951315818 -2.54807424263 -2.87384333657 -2.44392712502 -2.66441831579 -2.52136041550 -2.32447967617 -1.86801715682 -1.32557337988 -1.07082291859 -0.958107049694 -1.18749998553 -1.19130855049 -1.06986331894 -0.965015285343 -1.19291683558 -1.07117065127 -1.23911453641 -1.57399036354 -1.44806785240 -1.31895560382 -1.72319141061 -1.68463173575 -1.51375803572 -1.94094495216 -2.33195645569 -2.62471319591
 -13.1147221159 -12.8650565139 -12.6443023067 -12.7411246001 -12.7562294641 -12.5419394134 -12.7527423689 -12.7656947868 -12.7632966367 -12.9085840912 -12.9850463958 -12.9252848233 -12.6539795758 -12.8602620841 -12.7854624488 -12.7143468049 -2.83177338146 -2.31076112535 -1.27025305942 -2.23547592342 -1.63855444521 -2.24275822673 -1.99017438747 -2.07610009048 -2.49673676000 -1.95355037446 -1.28096158368 -1.27544241178 -1.72013333101 -2.40231963644 -2.65593120088 -2.92244183122 -2.73557412866 -2.58406105945 -3.61088306026 -3.84989061495 -4.08453553825 -4.54513022928
# log_selcoffs_fsh[1]:
 -1.42327863975 -0.0850934435324 0.360629642209 0.252867185107 0.111809011577 0.000406962172053
 -1.65800118858 0.175332419212 0.475428712922 0.168746434554 -0.0438428242261 -0.141321272854
 -1.97380879756 -0.431147593931 0.783486889710 0.255314611065 -0.0174608773131 -0.289470540869
 -2.05311691771 -0.408156885026 0.532163038644 0.573539881163 -0.0118601514729 -0.299171130800
 -2.00113992277 -0.00778796681569 0.753141115553 0.270008879484 -0.243144408071 -0.423452858535
 -2.03035230828 -0.286917932109 0.753508136767 0.464137483477 -0.257602400439 -0.461791821389
# log_selcoffs_fsh[2]:
 -5.47985216457 -4.22501895643 -3.00582736171 -1.87835050132 -0.901123035623 -0.131291100945 0.398101228276 0.716149027172 0.878402831182 0.937349708980
 -5.59866015273 -4.29924362654 -3.02207060466 -1.85989259047 -0.799059307662 0.0635567064170 0.460646367603 0.675459056179 0.821620625229 0.891482124472
 -5.66512266606 -4.33495359122 -3.03606943024 -1.77887935419 -0.767760291355 0.109818362005 0.465546722369 0.655016986072 0.806127495470 0.887552035186
 -5.69934005665 -4.30151047050 -2.99225561573 -1.75828978227 -0.762065914481 0.0153978605951 0.416018074145 0.676291720518 0.838599213294 0.909371892652
 -5.71660031619 -4.28913358929 -2.96707342321 -1.76166871099 -0.721877014129 0.0237850475157 0.371674519628 0.643627483712 0.846668342399 0.941752710826
 -5.73779069483 -4.27529708048 -2.92879645632 -1.73289245070 -0.719806273980 -0.0747494000320 0.329330982653 0.650808186073 0.880314852800 0.962803072422
 -5.74256540104 -4.22488771519 -2.80303176679 -1.69137042828 -0.828955902919 -0.226304318830 0.261593761841 0.645320221363 0.944832616705 1.00258383135
 -5.75710720950 -4.28263671065 -2.85561692543 -1.72266725554 -0.861967566800 -0.281199852629 0.250570255101 0.681619564761 0.936664698726 1.01393416089
 -5.74627304015 -4.33244614364 -3.01200672211 -1.78860199887 -0.878862427119 -0.294928712233 0.274095731038 0.704381934336 0.937060002617 0.999543283864
 -5.71377079438 -4.33529659926 -3.05859901116 -1.81415113645 -0.889601676053 -0.256973635417 0.339595958358 0.707602680751 0.893298464885 0.997976912305
 -5.64826514825 -4.34726476264 -3.06797588271 -1.79307586836 -0.896450391425 -0.254223655434 0.243978774508 0.637312946108 0.923567945796 1.06507941974
 -5.59980024840 -4.30802203190 -3.09185397225 -1.82956066836 -0.685967157926 -0.137444726835 0.240829219081 0.585163962027 0.895912407591 1.05938458331
 -5.53927690740 -4.17786703485 -2.93582424597 -1.80059104361 -0.841101651066 -0.111807040754 0.248743368674 0.607827659443 0.888256739489 1.06030811372
 -5.45596299452 -3.95380420062 -2.67625721087 -1.66528874407 -0.781859319150 -0.217090211490 0.207945347680 0.581825702168 0.895167555966 1.09459942175
 -5.41801565197 -3.94108192112 -2.61646577986 -1.58717644872 -0.757686968823 -0.200159561512 0.179436043997 0.569724632342 0.907083780797 1.08849920446
 -5.41581385391 -3.95096783381 -2.61094851901 -1.54402876726 -0.766281191510 -0.230040056732 0.221175317398 0.599913544986 0.928835771221 1.03993415502
 -5.42159682054 -3.93933196222 -2.54310463867 -1.45154330114 -0.720380767894 -0.257013411401 0.214502781790 0.676124012737 0.927840390005 0.981641842210
 -5.38558108800 -3.85062794699 -2.42276300113 -1.39992497888 -0.749140884178 -0.284220296211 0.190277035375 0.616786059358 0.964159719787 1.00369904008
 -5.37182511092 -3.78495797952 -2.35535076837 -1.25809951856 -0.563068594344 -0.144390665550 0.238292113945 0.623690505070 0.876050699051 0.964053366300
 -5.41212935642 -3.74073691546 -2.22489511726 -1.12267128365 -0.345359789625 0.0649366955713 0.312029025535 0.650973382008 0.822236626430 0.790306396404
 -5.39489789566 -3.63385477286 -2.03135119052 -0.934846656262 -0.246297967782 0.142566120335 0.379367461328 0.592526513342 0.776740562713 0.725632743413
 -5.37428803105 -3.54751450673 -1.82445216181 -0.710802893426 -0.131014889469 0.181477883752 0.413861551378 0.574723051711 0.690887729517 0.669391756559
 -5.35058165769 -3.49948728293 -1.74913677191 -0.576613281951 -0.0211030829263 0.229367063784 0.425470780848 0.555724515838 0.623966274703 0.616573019065
 -5.28418483361 -3.45012159233 -1.80896616875 -0.732905693509 -0.141752971330 0.166975864778 0.411293275947 0.582041479613 0.710478385201 0.660557345526
 -5.21766142871 -3.35035600171 -1.65688258674 -0.579235188815 -0.0995152668982 0.154278349717 0.331230782485 0.522702552648 0.676988087664 0.736759543921
 -5.18597629593 -3.26283124951 -1.59249242003 -0.462103968756 -0.0386081394147 0.169152130125 0.289001071361 0.464575591117 0.631561176288 0.774426138821
 -5.19414994215 -3.20199195515 -1.48417097384 -0.419073881193 0.0841435584171 0.225497808047 0.281237190957 0.376880362947 0.555489643563 0.790002081543
 -5.39860279859 -3.36071702762 -1.50077110246 -0.135541189910 0.448885111422 0.550890893670 0.367836629543 0.230821016866 0.265466525750 0.441426586108
 -5.51878559504 -3.43801591415 -1.53044518886 -0.147079627611 0.531852277773 0.552351238076 0.449154456368 0.242826846456 0.185290234465 0.336028502981
 -5.60405002063 -3.49052573521 -1.67040404364 -0.352842908153 0.361966857512 0.594612207493 0.459051845368 0.370082223710 0.286087243507 0.381759152875
 -5.61329290085 -3.51481110215 -1.87904776076 -0.739282655655 0.0626167577532 0.395032292858 0.457222375661 0.474042593508 0.522469731751 0.649724045763
 -5.59970297959 -3.73319370370 -2.04687510922 -0.967482721825 -0.318293103510 0.0801011426444 0.262104015835 0.460090761019 0.718569087395 0.999545666614
 -5.57289535366 -3.90019308762 -2.30256677508 -1.10637629695 -0.558220839822 -0.187016007913 0.0811197923210 0.372732426810 0.793245165003 1.22283192805
 -5.59650678321 -3.99208086412 -2.44532997360 -1.20185536144 -0.672409927562 -0.209582741813 0.0269328477048 0.345298060054 0.811821916410 1.27463020087
# log_selcoffs_fsh[3]:
 -5.58896273595 -4.50480828083 -3.46332221946 -2.50346193291 -1.64453959063 -0.892397789977 -0.265414226787 0.234252709289 0.704588251571 1.03343717040 1.22516538287
 -5.63387727515 -4.52538763390 -3.46953300473 -2.49662723014 -1.58657133704 -0.772812639210 -0.135351346660 0.329302809713 0.666617923461 1.01543150104 1.17376969703
 -5.64649531057 -4.35719862487 -3.17903162081 -2.04751812198 -1.03051936022 -0.440471136421 -0.00697910195630 0.303106287030 0.608058151830 0.930317240049 1.12918764891
 -5.62641347237 -3.94192151226 -2.50027649709 -1.57488037540 -0.941620194966 -0.426874280893 -0.0158073497452 0.318536120166 0.620557859297 0.898800740681 1.08832669413
 -5.58020001000 -3.61224893108 -1.90613405980 -1.06138035518 -0.705792190902 -0.451150243726 -0.151559353172 0.171711554548 0.561872628046 0.907882187861 1.11980936899
 -5.59815527285 -3.65585888959 -1.74960213335 -0.735343526043 -0.484917628415 -0.455358049954 -0.207462689514 0.152925768102 0.554361692320 0.873092992209 1.08325731967
 -5.58771949276 -3.80293592855 -2.04723291606 -0.620613533642 -0.155591937025 -0.109171249510 -0.0752708787334 0.161380670404 0.467152024440 0.765732006319 0.995517162909
 -5.53122006992 -3.82994966572 -2.18984795618 -0.811383126249 0.0123804749383 0.170197177623 0.113342521235 0.145400455486 0.363854994532 0.678046080352 0.930093822664
 -5.40936348695 -3.66635885631 -2.06347687138 -0.845025977449 -0.123430502729 0.163338376657 0.168161508408 0.188687440909 0.351451483751 0.671738527464 0.948766627641
 -5.26549873285 -3.30294851275 -1.49472883971 -0.669562793851 -0.301878068906 -0.209258148833 -0.123126950871 0.0972587285795 0.439226226086 0.804605635812 1.06387763951
 -5.15954156984 -3.00733461452 -1.41284606159 -0.666768930273 -0.533881264284 -0.481080650651 -0.285046322996 0.0749989041342 0.506920686625 0.884005280438 1.12264439544
 -5.32436397865 -3.36425013620 -1.70524106751 -1.04885568804 -0.645520360425 -0.465648026844 -0.231068989495 0.208374373248 0.616536065524 0.916118087501 1.06434120096
 -5.60555215837 -3.89348270372 -2.36476586379 -1.12341954683 -0.570480764755 -0.318874164492 -0.0286735699511 0.305588809582 0.619745138490 0.870116234755 0.989463157203
 -5.94089730951 -4.23257800020 -2.63200853434 -1.25179853446 -0.464129990351 -0.240714261983 0.0127369802882 0.407480431392 0.633770308471 0.816167732047 0.935238406225
 -6.30802771880 -4.48377974456 -2.73055028834 -1.35954388239 -0.555714756951 -0.208782632042 0.172189107932 0.447699491120 0.673463888268 0.805607173896 0.845013192621
 -6.63676430091 -4.72768277773 -2.75628480332 -1.11721672075 -0.423056175504 -0.0782717700553 0.238674376287 0.494120940115 0.615729407823 0.723367203076 0.787720556685
 -6.87302114946 -4.94669995620 -2.92124976849 -1.06514111116 -0.189266549800 0.131065634971 0.296843846011 0.444697495113 0.540152741459 0.639844501433 0.745561924621
 -6.98824999816 -5.15894350730 -3.34451537463 -1.67578104957 -0.561065580008 0.155866285171 0.493974565092 0.598463126981 0.601973000958 0.620208609336 0.635755791400
 -7.08705879521 -5.48584705706 -3.90454316554 -2.22081415743 -0.926361698231 0.187128382698 0.745263247675 0.732136306015 0.604665762744 0.508219246424 0.460642096863
# log_sel_spl_fsh[1]:
 0.00000000000 0.00000000000 0.00000000000 0.00000000000
 0.00000000000 0.00000000000 0.00000000000 0.00000000000
 0.00000000000 0.00000000000 0.00000000000 0.00000000000
 0.00000000000 0.00000000000 0.00000000000 0.00000000000
 0.00000000000 0.00000000000 0.00000000000 0.00000000000
 0.00000000000 0.00000000000 0.00000000000 0.00000000000
# log_sel_spl_fsh[2]:
 0.00000000000 0.00000000000 0.00000000000 0.00000000000
 0.00000000000 0.00000000000 0.00000000000 0.00000000000
 0.00000000000 0.00000000000 0.00000000000 0.00000000000
 0.00000000000 0.00000000000 0.00000000000 0.00000000000
 0.00000000000 0.00000000000 0.00000000000 0.00000000000
 0.00000000000 0.00000000000 0.00000000000 0.00000000000
 0.00000000000 0.00000000000 0.00000000000 0.00000000000
 0.00000000000 0.00000000000 0.00000000000 0.00000000000
 0.00000000000 0.00000000000 0.00000000000 0.00000000000
 0.00000000000 0.00000000000 0.00000000000 0.00000000000
 0.00000000000 0.00000000000 0.00000000000 0.00000000000
 0.00000000000 0.00000000000 0.00000000000 0.00000000000
 0.00000000000 0.00000000000 0.00000000000 0.00000000000
 0.00000000000 0.00000000000 0.00000000000 0.00000000000
 0.00000000000 0.00000000000 0.00000000000 0.00000000000
 0.00000000000 0.00000000000 0.00000000000 0.00000000000
 0.00000000000 0.00000000000 0.00000000000 0.00000000000
 0.00000000000 0.00000000000 0.00000000000 0.00000000000
 0.00000000000 0.00000000000 0.00000000000 0.00000000000
 0.00000000000 0.00000000000 0.00000000000 0.00000000000
 0.00000000000 0.00000000000 0.00000000000 0.00000000000
 0.00000000000 0.00000000000 0.00000000000 0.00000000000
 0.00000000000 0.00000000000 0.00000000000 0.00000000000
 0.00000000000 0.00000000000 0.00000000000 0.00000000000
 0.00000000000 0.00000000000 0.00000000000 0.00000000000
 0.00000000000 0.00000000000 0.00000000000 0.00000000000
 0.00000000000 0.00000000000 0.00000000000 0.00000000000
 0.00000000000 0.00000000000 0.00000000000 0.00000000000
 0.00000000000 0.00000000000 0.00000000000 0.00000000000
 0.00000000000 0.00000000000 0.00000000000 0.00000000000
 0.00000000000 0.00000000000 0.00000000000 0.00000000000
 0.00000000000 0.00000000000 0.00000000000 0.00000000000
 0.00000000000 0.00000000000 0.00000000000 0.00000000000
 0.00000000000 0.00000000000 0.00000000000 0.00000000000
# log_sel_spl_fsh[3]:
 0.00000000000 0.00000000000 0.00000000000 0.00000000000
 0.00000000000 0.00000000000 0.00000000000 0.00000000000
 0.00000000000 0.00000000000 0.00000000000 0.00000000000
 0.00000000000 0.00000000000 0.00000000000 0.00000000000
 0.00000000000 0.00000000000 0.00000000000 0.00000000000
 0.00000000000 0.00000000000 0.00000000000 0.00000000000
 0.00000000000 0.00000000000 0.00000000000 0.00000000000
 0.00000000000 0.00000000000 0.00000000000 0.00000000000
 0.00000000000 0.00000000000 0.00000000000 0.00000000000
 0.00000000000 0.00000000000 0.00000000000 0.00000000000
 0.00000000000 0.00000000000 0.00000000000 0.00000000000
 0.00000000000 0.00000000000 0.00000000000 0.00000000000
 0.00000000000 0.00000000000 0.00000000000 0.00000000000
 0.00000000000 0.00000000000 0.00000000000 0.00000000000
 0.00000000000 0.00000000000 0.00000000000 0.00000000000
 0.00000000000 0.00000000000 0.00000000000 0.00000000000
 0.00000000000 0.00000000000 0.00000000000 0.00000000000
 0.00000000000 0.00000000000 0.00000000000 0.00000000000
 0.00000000000 0.00000000000 0.00000000000 0.00000000000
# logsel_slope_fsh[1]:
 0.00000000000 0.00000000000 0.00000000000 0.00000000000 0.00000000000 0.00000000000
# logsel_slope_fsh[2]:
 0.00000000000 0.00000000000 0.00000000000 0.00000000000 0.00000000000 0.00000000000 0.00000000000 0.00000000000 0.00000000000 0.00000000000 0.00000000000 0.00000000000 0.00000000000 0.00000000000 0.00000000000 0.00000000000 0.00000000000 0.00000000000 0.00000000000 0.00000000000 0.00000000000 0.00000000000 0.00000000000 0.00000000000 0.00000000000 0.00000000000 0.00000000000 0.00000000000 0.00000000000 0.00000000000 0.00000000000 0.00000000000 0.00000000000 0.00000000000
# logsel_slope_fsh[3]:
 0.00000000000 0.00000000000 0.00000000000 0.00000000000 0.00000000000 0.00000000000 0.00000000000 0.00000000000 0.00000000000 0.00000000000 0.00000000000 0.00000000000 0.00000000000 0.00000000000 0.00000000000 0.00000000000 0.00000000000 0.00000000000 0.00000000000
# sel50_fsh[1]:
 0.00000000000 0.00000000000 0.00000000000 0.00000000000 0.00000000000 0.00000000000
# sel50_fsh[2]:
 0.00000000000 0.00000000000 0.00000000000 0.00000000000 0.00000000000 0.00000000000 0.00000000000 0.00000000000 0.00000000000 0.00000000000 0.00000000000 0.00000000000 0.00000000000 0.00000000000 0.00000000000 0.00000000000 0.00000000000 0.00000000000 0.00000000000 0.00000000000 0.00000000000 0.00000000000 0.00000000000 0.00000000000 0.00000000000 0.00000000000 0.00000000000 0.00000000000 0.00000000000 0.00000000000 0.00000000000 0.00000000000 0.00000000000 0.00000000000
# sel50_fsh[3]:
 0.00000000000 0.00000000000 0.00000000000 0.00000000000 0.00000000000 0.00000000000 0.00000000000 0.00000000000 0.00000000000 0.00000000000 0.00000000000 0.00000000000 0.00000000000 0.00000000000 0.00000000000 0.00000000000 0.00000000000 0.00000000000 0.00000000000
# logsel_p1_fsh[1]:
 0.00000000000 0.00000000000 0.00000000000 0.00000000000 0.00000000000 0.00000000000
# logsel_p1_fsh[2]:
 0.00000000000 0.00000000000 0.00000000000 0.00000000000 0.00000000000 0.00000000000 0.00000000000 0.00000000000 0.00000000000 0.00000000000 0.00000000000 0.00000000000 0.00000000000 0.00000000000 0.00000000000 0.00000000000 0.00000000000 0.00000000000 0.00000000000 0.00000000000 0.00000000000 0.00000000000 0.00000000000 0.00000000000 0.00000000000 0.00000000000 0.00000000000 0.00000000000 0.00000000000 0.00000000000 0.00000000000 0.00000000000 0.00000000000 0.00000000000
# logsel_p1_fsh[3]:
 0.00000000000 0.00000000000 0.00000000000 0.00000000000 0.00000000000 0.00000000000 0.00000000000 0.00000000000 0.00000000000 0.00000000000 0.00000000000 0.00000000000 0.00000000000 0.00000000000 0.00000000000 0.00000000000 0.00000000000 0.00000000000 0.00000000000
# logsel_p2_fsh[1]:
 0.00000000000 0.00000000000 0.00000000000 0.00000000000 0.00000000000 0.00000000000
# logsel_p2_fsh[2]:
 0.00000000000 0.00000000000 0.00000000000 0.00000000000 0.00000000000 0.00000000000 0.00000000000 0.00000000000 0.00000000000 0.00000000000 0.00000000000 0.00000000000 0.00000000000 0.00000000000 0.00000000000 0.00000000000 0.00000000000 0.00000000000 0.00000000000 0.00000000000 0.00000000000 0.00000000000 0.00000000000 0.00000000000 0.00000000000 0.00000000000 0.00000000000 0.00000000000 0.00000000000 0.00000000000 0.00000000000 0.00000000000 0.00000000000 0.00000000000
# logsel_p2_fsh[3]:
 0.00000000000 0.00000000000 0.00000000000 0.00000000000 0.00000000000 0.00000000000 0.00000000000 0.00000000000 0.00000000000 0.00000000000 0.00000000000 0.00000000000 0.00000000000 0.00000000000 0.00000000000 0.00000000000 0.00000000000 0.00000000000 0.00000000000
# logsel_p3_fsh[1]:
 0.00000000000 0.00000000000 0.00000000000 0.00000000000 0.00000000000 0.00000000000
# logsel_p3_fsh[2]:
 0.00000000000 0.00000000000 0.00000000000 0.00000000000 0.00000000000 0.00000000000 0.00000000000 0.00000000000 0.00000000000 0.00000000000 0.00000000000 0.00000000000 0.00000000000 0.00000000000 0.00000000000 0.00000000000 0.00000000000 0.00000000000 0.00000000000 0.00000000000 0.00000000000 0.00000000000 0.00000000000 0.00000000000 0.00000000000 0.00000000000 0.00000000000 0.00000000000 0.00000000000 0.00000000000 0.00000000000 0.00000000000 0.00000000000 0.00000000000
# logsel_p3_fsh[3]:
 0.00000000000 0.00000000000 0.00000000000 0.00000000000 0.00000000000 0.00000000000 0.00000000000 0.00000000000 0.00000000000 0.00000000000 0.00000000000 0.00000000000 0.00000000000 0.00000000000 0.00000000000 0.00000000000 0.00000000000 0.00000000000 0.00000000000
# rec_dev_future:
 0.00000000000 0.00000000000 0.00000000000 0.00000000000 0.00000000000 0.00000000000 0.00000000000 0.00000000000 0.00000000000 0.00000000000 0.00000000000 0.00000000000 0.00000000000 0.00000000000 0.00000000000 0.00000000000 0.00000000000 0.00000000000 0.00000000000 0.00000000000
# log_q_ind[1]:
-0.287682072452
# log_q_ind[2]:
-6.03674527595
# log_q_power_ind[1]:
0.00000000000
# log_q_power_ind[2]:
0.00000000000
# log_selcoffs_ind[1]:
 -7.30686281344 -3.39153794313 -1.57020537111 -1.23227671401 -1.10459599773 -0.710401919461 -0.139925338380 0.408018989228 0.868430922037 1.35759214273
# log_selcoffs_ind[2]:
 0.00000000000 0.00000000000 0.00000000000 0.00000000000 0.00000000000 0.00000000000 0.00000000000 0.00000000000 0.00000000000 0.00000000000
# logsel_slope_ind[1]:
 0.00000000000
# logsel_slope_ind[2]:
 0.00000000000
# sel50_ind[1]:
 0.00000000000
# sel50_ind[2]:
 0.00000000000
# logsel_p1_ind[1]:
 0.00000000000
# logsel_p1_ind[2]:
 0.00000000000
# sel_p2_ind[1]:
 0.00000000000
# sel_p2_ind[2]:
 0.00000000000
# logsel_p3_ind[1]:
 0.00000000000
# logsel_p3_ind[2]:
 0.00000000000
