# Number of parameters = 995 Objective function value = 248.599984262583  Maximum gradient component = 2.21800407610048e-05
# Mest[1]:
0.350000000000
# log_Linf[1]:
4.38701417618
# log_k[1]:
-1.83258146375
# log_Lo[1]:
2.75684036527
# log_sdage[1]:
-2.40794560865
# mean_log_rec[1]:
6.83791986995
# steepness[1]:
0.452001299154
# log_Rzero[1]:
7.45470982300
# rec_dev:
 -0.125468555190 -0.166476181458 -0.214942953944 -0.277349257752 -0.337834037752 -0.412403218955 -0.481418206383 -0.539612226903 -0.549400498672 -0.239544782391 0.188963225322 0.708397453866 0.744406664862 0.864026131757 1.19502944610 0.981203914802 0.834059599662 0.731476473910 0.819975400815 0.846254723805 0.806396391524 0.791489490087 1.22024726842 0.866749118978 1.54832012976 0.599305084132 0.606403062846 0.723429564462 0.0739909454738 -0.115988042883 0.0321534885531 -0.339547373612 -0.0126559790366 0.168315777828 -0.0588297686065 -0.244032564933 -0.387796111364 -0.273173575728 -0.727464434225 -0.785190023016 -1.19318579928 -1.62058539133 -1.74678100711 -1.44614224753 -0.559467346065 -0.919086191275 -0.239619034705 -0.993498201980 -0.698482673450 -0.0766140105616 -3.45556472325e-10
# log_sigmar[1]:
-0.223143551314
# fmort:
 -13.6795121879 -13.8263555209 -2.31387438976 -1.83226583356 -1.69613553361 -2.29486279808 -1.94566189192 -1.62694851404 -2.62672781174 -2.73255176081 -1.77800152546 -1.09480551086 -3.09117142191 -1.50342573594 -1.35963095826 -2.60110239609 -2.20118072845 -2.33681099074 -5.14669480492 -5.37401745889 -4.80927706511 -9.39926284180 -10.6951098316 -13.4237276157 -7.86817843378 -6.70641847414 -6.60200217590 -6.40666839627 -12.6578960911 -12.4357911355 -12.1519342663 -11.9595155567 -12.1319448588 -12.4971855298 -12.7033701125 -12.8838712156 -12.8794502282 -12.9583644887
 -2.57475947132 -1.74356903953 -2.45326243169 -2.55168686348 -2.58676426619 -2.36239704663 -2.82253268468 -2.60203316217 -2.86568363658 -2.85745479954 -2.76346070841 -2.57092686050 -2.51483620003 -2.80124529926 -2.32837961890 -2.51820520788 -2.36796605466 -2.17207244721 -1.71432128865 -1.15070104705 -0.905235996838 -0.799802865207 -1.03834171781 -1.03553587213 -0.902392995007 -0.804167117212 -1.03704959112 -0.919251794844 -1.08306064935 -1.43231202570 -1.32841405528 -1.21471077164 -1.59919262136 -1.55029233225 -1.36806140875 -1.78956750283 -2.08799587565 -2.28723588755
 -13.4527770192 -13.2150100660 -12.9978850528 -13.0676559463 -13.0537112733 -12.7676891069 -12.9477907225 -12.9139990202 -12.9011420785 -13.0096941534 -13.0355480794 -12.9119764790 -12.5739422410 -12.7414233839 -12.6297430486 -12.5268788374 -2.63218603357 -2.10424068472 -1.05463102819 -1.99242999131 -1.41841696231 -2.05154045303 -1.83512598739 -1.94542716554 -2.37555082524 -1.81703311805 -1.12001934689 -1.11821390549 -1.58227672038 -2.28008409985 -2.53820897574 -2.79683968616 -2.58894264450 -2.40801125504 -3.39329750517 -3.60139740915 -3.73640167228 -4.08313753466
# log_selcoffs_fsh[1]:
 -1.58928713163 -0.239556670190 0.245642695015 0.249665474514 0.226340042533 0.176397041783
 -1.81056800123 0.0831840708519 0.429479538721 0.175223347221 0.0333470312672 -0.0122570208928
 -2.13910494872 -0.515525037776 0.753849962612 0.275709291297 0.0346731856567 -0.214257344923
 -2.23015413194 -0.518768864944 0.505670484883 0.603894793540 0.0393823358090 -0.261701553599
 -2.17177849452 -0.116669014300 0.725891503271 0.342689156382 -0.159676300640 -0.402834962229
 -2.21774518535 -0.414946879239 0.703944836526 0.556954980723 -0.161516690937 -0.489625337523
# log_selcoffs_fsh[2]:
 -5.24508883815 -4.00551156931 -2.80462212866 -1.70187873099 -0.757313118317 -0.0286860369441 0.451950531264 0.718017310699 0.833534389108 0.862813363822
 -5.37882003683 -4.08790680123 -2.82476373534 -1.69455190213 -0.669275202247 0.158385496105 0.516452373393 0.682296659827 0.774444083112 0.801121275927
 -5.45899437570 -4.13628898762 -2.84992655558 -1.61695194601 -0.643405357164 0.200126786873 0.519328246358 0.664109613711 0.760947430921 0.794073411565
 -5.50652772340 -4.11704852451 -2.82138975008 -1.60808930833 -0.636480515019 0.106448999297 0.470052324782 0.686358782508 0.797474936111 0.820619121115
 -5.54072915033 -4.12218088100 -2.81536295235 -1.63041593496 -0.608943020506 0.117172298796 0.428026967686 0.655828946989 0.806323121894 0.856656711985
 -5.58035589804 -4.12716310172 -2.79690899582 -1.62311251925 -0.626642648977 0.00699592014509 0.390344161655 0.670194391504 0.846389870479 0.882565471826
 -5.60430260630 -4.09397781664 -2.68862286073 -1.60023958323 -0.755723460649 -0.161092154201 0.316875803907 0.674073388004 0.922617420002 0.931386373882
 -5.64108239226 -4.16835222245 -2.75399580576 -1.64449414692 -0.803948773023 -0.233658544495 0.291802407787 0.707015333097 0.925223521984 0.953894669367
 -5.65834013383 -4.23940975667 -2.92335502327 -1.71782513625 -0.828926295939 -0.257874922912 0.303042359901 0.722428515273 0.929030542200 0.953287145716
 -5.66081048401 -4.27663869829 -2.99511344137 -1.75489716677 -0.843801810692 -0.224171382184 0.362514722643 0.719211288853 0.885210944815 0.962096286646
 -5.63224338454 -4.33051955915 -3.04218668013 -1.75736845339 -0.857159797217 -0.221450278300 0.266527456895 0.647410528014 0.915783667069 1.03764629141
 -5.62120270298 -4.33499997369 -3.11132168167 -1.82504331885 -0.661765474283 -0.106651819456 0.264695255155 0.595804926398 0.888590991336 1.03443682515
 -5.59333991418 -4.24948696876 -3.00298866091 -1.83607298880 -0.837164581692 -0.0873818382583 0.275878678644 0.623483246542 0.883577872474 1.03709785468
 -5.53349113739 -4.06432066214 -2.79422601412 -1.74574776928 -0.806291195414 -0.201580803077 0.237128230840 0.605094232667 0.897940785470 1.07352559067
 -5.51044100094 -4.07631477011 -2.77406667912 -1.71548023625 -0.817062414589 -0.200376593902 0.209243845256 0.601341933054 0.916598052386 1.07105995481
 -5.51684227747 -4.10245084118 -2.79173549693 -1.71002482697 -0.866986563689 -0.255579629305 0.244197319837 0.637838303839 0.950041265438 1.02524978120
 -5.52294167427 -4.09771821935 -2.73716058291 -1.63510103760 -0.848556253493 -0.311786762993 0.222832801119 0.722171944640 0.957638854840 0.972856206189
 -5.47437443153 -4.00186407163 -2.61821165500 -1.59991127730 -0.907748178450 -0.385438814024 0.157772547118 0.646279198833 1.02106868651 1.01653695328
 -5.42670703615 -3.91029510756 -2.53318289166 -1.45359605636 -0.738121246121 -0.269179432226 0.175805968536 0.637053900966 0.930331180014 1.03031887830
 -5.43312707467 -3.84447037194 -2.39759741557 -1.32850514868 -0.540813477586 -0.0880516979032 0.234387322809 0.656235005508 0.897476785047 0.906392082602
 -5.38157590875 -3.70685078259 -2.18757097307 -1.14403352632 -0.462812829302 -0.0426088209403 0.266870886618 0.592746294231 0.882508297142 0.883995453754
 -5.33359761196 -3.59301378752 -1.95222425611 -0.902852369066 -0.344220442053 -0.0126028195818 0.293716119424 0.579566929363 0.810021485459 0.854166400381
 -5.29154856221 -3.52491476617 -1.85439948062 -0.757905670219 -0.229614965887 0.0383512927162 0.313938101886 0.574094193305 0.753912029998 0.805027284147
 -5.20684550883 -3.45524940781 -1.88488086008 -0.871634713477 -0.342563988364 -0.0367059234631 0.282968353523 0.582197380546 0.829478144992 0.837146742128
 -5.11627236096 -3.32877156646 -1.70174020530 -0.678201702904 -0.260048998232 -0.0423055264856 0.190508871745 0.511607802531 0.784684407221 0.903865128215
 -5.05965816226 -3.21797414540 -1.61214878225 -0.536437029551 -0.165926365959 0.00103385439460 0.148392079859 0.439146574126 0.732466492219 0.928073464233
 -5.03818701677 -3.12998743865 -1.48633599518 -0.466387239725 -0.00625360909573 0.105390123846 0.168602910168 0.335505427228 0.624642122790 0.932773096142
 -5.22054975935 -3.26547990282 -1.47962095346 -0.176505625097 0.372772581795 0.467359053534 0.310744964470 0.241542996262 0.355411905837 0.575797818426
 -5.31172837357 -3.31316985526 -1.48166782044 -0.156682777128 0.474370212335 0.479597455664 0.397882724483 0.256012506781 0.267175831550 0.449353248693
 -5.36534169885 -3.32972066526 -1.59206653041 -0.336207085574 0.329531094958 0.529431876294 0.408748479648 0.371115351524 0.344503649275 0.462277114938
 -5.34617722581 -3.30876614849 -1.76129113073 -0.706495593672 0.0449342874784 0.351863838022 0.415208262956 0.465811302475 0.549957694640 0.685434091678
 -5.31396056313 -3.47997886323 -1.86136066951 -0.890068812187 -0.321681605374 0.0534435703903 0.241162520729 0.457074124268 0.726918198493 0.992320022012
 -5.28878105824 -3.60057371361 -2.04573378857 -0.935385580045 -0.504849698460 -0.193045861976 0.0736626922274 0.385536576517 0.798300800670 1.17843176499
 -5.34404294463 -3.67120142511 -2.11384590760 -0.940333517083 -0.524730787585 -0.154443163621 0.0253401868027 0.359760986847 0.817445978271 1.18983577141
# log_selcoffs_fsh[3]:
 -5.80888022755 -4.74081622301 -3.69719384347 -2.69938223508 -1.76993322151 -0.938281401895 -0.257719533322 0.241664757760 0.690992866412 1.02376439679 1.25534662439
 -5.85259637513 -4.77067084955 -3.72882092392 -2.74035487434 -1.78239678936 -0.889931514526 -0.169767779302 0.346719462456 0.681075691299 1.03027340275 1.18938226414
 -5.83773912213 -4.58037931489 -3.43250405182 -2.31778266932 -1.28773125229 -0.653740917762 -0.128680736241 0.289572326516 0.667610686303 0.986185916931 1.16763122347
 -5.78430453965 -4.13110795015 -2.71855079826 -1.81849391122 -1.19343093767 -0.647336141995 -0.170088802443 0.266122353206 0.655786303928 0.985778621168 1.15403517431
 -5.69271847535 -3.76058446758 -2.08156462571 -1.26357912827 -0.935945252798 -0.686940876008 -0.338181548825 0.0782961095473 0.578678789157 0.993398024234 1.22144106125
 -5.67323601104 -3.76190414091 -1.89289458016 -0.902357909680 -0.680538750419 -0.671223263487 -0.402432297149 0.0427787861214 0.558258038221 0.961556708665 1.20112676719
 -5.62543209117 -3.86129791626 -2.13257435199 -0.748145987435 -0.313620213969 -0.301281403643 -0.264325700331 0.0409775367628 0.459967280679 0.864370653000 1.14607689626
 -5.54194259245 -3.85730614250 -2.23549093325 -0.892843613865 -0.128211591383 -0.00446590243706 -0.0623432460245 0.0289725841308 0.355999370531 0.780302000734 1.10015148214
 -5.40326346898 -3.68172600399 -2.10046053550 -0.912718302707 -0.253102542551 -0.0246519306570 -0.0112928672414 0.0779143050809 0.347043705893 0.773248099721 1.11283637566
 -5.25408462450 -3.32020296580 -1.54369358051 -0.755374090015 -0.445784922141 -0.411256407165 -0.316176500854 -0.0158466969610 0.430288795001 0.888235154794 1.19098420604
 -5.13692564084 -3.02073863718 -1.45412857129 -0.748629690740 -0.662641750190 -0.659562866420 -0.475731966284 -0.0524991877433 0.492300212135 0.952059521456 1.22635300294
 -5.27785225711 -3.35871731638 -1.73489786583 -1.09676469067 -0.726232193470 -0.583872187484 -0.374237355748 0.0842382681897 0.574421523055 0.975613783283 1.16430221881
 -5.53055736214 -3.86538885678 -2.37140899057 -1.15356695894 -0.610501007554 -0.382900503862 -0.115553197562 0.222089053866 0.578276006017 0.904278443369 1.08132940742
 -5.83130255769 -4.18356522017 -2.62745637404 -1.26467654814 -0.490881661096 -0.276075874516 -0.0394924204665 0.352337423647 0.603813410947 0.835759151464 1.00689044895
 -6.15185889051 -4.40346840898 -2.71683471423 -1.37723830481 -0.572584758816 -0.236773865113 0.139906900638 0.413557963493 0.655068180150 0.821300494373 0.897295037783
 -6.42869603580 -4.59157901142 -2.70754490492 -1.13994843930 -0.457881704417 -0.104079291783 0.206019726474 0.468913923329 0.608455505685 0.743674523480 0.832761051787
 -6.61841397083 -4.74719240610 -2.79355235538 -1.04651269618 -0.238868571805 0.0823300568567 0.262854036801 0.419525720401 0.538252468489 0.667746372692 0.797311983016
 -6.70821105499 -4.90631199720 -3.14689365619 -1.56162535425 -0.564206478936 0.0927724965540 0.435034653857 0.568375490706 0.602030056849 0.656043125559 0.697731187526
 -6.80904772858 -5.19971663274 -3.64033726019 -2.03697824477 -0.835558457137 0.181472240166 0.662840162733 0.676626483604 0.606861241677 0.556858483471 0.540420488273
# log_sel_spl_fsh[1]:
 0.00000000000 0.00000000000 0.00000000000 0.00000000000
 0.00000000000 0.00000000000 0.00000000000 0.00000000000
 0.00000000000 0.00000000000 0.00000000000 0.00000000000
 0.00000000000 0.00000000000 0.00000000000 0.00000000000
 0.00000000000 0.00000000000 0.00000000000 0.00000000000
 0.00000000000 0.00000000000 0.00000000000 0.00000000000
# log_sel_spl_fsh[2]:
 0.00000000000 0.00000000000 0.00000000000 0.00000000000
 0.00000000000 0.00000000000 0.00000000000 0.00000000000
 0.00000000000 0.00000000000 0.00000000000 0.00000000000
 0.00000000000 0.00000000000 0.00000000000 0.00000000000
 0.00000000000 0.00000000000 0.00000000000 0.00000000000
 0.00000000000 0.00000000000 0.00000000000 0.00000000000
 0.00000000000 0.00000000000 0.00000000000 0.00000000000
 0.00000000000 0.00000000000 0.00000000000 0.00000000000
 0.00000000000 0.00000000000 0.00000000000 0.00000000000
 0.00000000000 0.00000000000 0.00000000000 0.00000000000
 0.00000000000 0.00000000000 0.00000000000 0.00000000000
 0.00000000000 0.00000000000 0.00000000000 0.00000000000
 0.00000000000 0.00000000000 0.00000000000 0.00000000000
 0.00000000000 0.00000000000 0.00000000000 0.00000000000
 0.00000000000 0.00000000000 0.00000000000 0.00000000000
 0.00000000000 0.00000000000 0.00000000000 0.00000000000
 0.00000000000 0.00000000000 0.00000000000 0.00000000000
 0.00000000000 0.00000000000 0.00000000000 0.00000000000
 0.00000000000 0.00000000000 0.00000000000 0.00000000000
 0.00000000000 0.00000000000 0.00000000000 0.00000000000
 0.00000000000 0.00000000000 0.00000000000 0.00000000000
 0.00000000000 0.00000000000 0.00000000000 0.00000000000
 0.00000000000 0.00000000000 0.00000000000 0.00000000000
 0.00000000000 0.00000000000 0.00000000000 0.00000000000
 0.00000000000 0.00000000000 0.00000000000 0.00000000000
 0.00000000000 0.00000000000 0.00000000000 0.00000000000
 0.00000000000 0.00000000000 0.00000000000 0.00000000000
 0.00000000000 0.00000000000 0.00000000000 0.00000000000
 0.00000000000 0.00000000000 0.00000000000 0.00000000000
 0.00000000000 0.00000000000 0.00000000000 0.00000000000
 0.00000000000 0.00000000000 0.00000000000 0.00000000000
 0.00000000000 0.00000000000 0.00000000000 0.00000000000
 0.00000000000 0.00000000000 0.00000000000 0.00000000000
 0.00000000000 0.00000000000 0.00000000000 0.00000000000
# log_sel_spl_fsh[3]:
 0.00000000000 0.00000000000 0.00000000000 0.00000000000
 0.00000000000 0.00000000000 0.00000000000 0.00000000000
 0.00000000000 0.00000000000 0.00000000000 0.00000000000
 0.00000000000 0.00000000000 0.00000000000 0.00000000000
 0.00000000000 0.00000000000 0.00000000000 0.00000000000
 0.00000000000 0.00000000000 0.00000000000 0.00000000000
 0.00000000000 0.00000000000 0.00000000000 0.00000000000
 0.00000000000 0.00000000000 0.00000000000 0.00000000000
 0.00000000000 0.00000000000 0.00000000000 0.00000000000
 0.00000000000 0.00000000000 0.00000000000 0.00000000000
 0.00000000000 0.00000000000 0.00000000000 0.00000000000
 0.00000000000 0.00000000000 0.00000000000 0.00000000000
 0.00000000000 0.00000000000 0.00000000000 0.00000000000
 0.00000000000 0.00000000000 0.00000000000 0.00000000000
 0.00000000000 0.00000000000 0.00000000000 0.00000000000
 0.00000000000 0.00000000000 0.00000000000 0.00000000000
 0.00000000000 0.00000000000 0.00000000000 0.00000000000
 0.00000000000 0.00000000000 0.00000000000 0.00000000000
 0.00000000000 0.00000000000 0.00000000000 0.00000000000
# logsel_slope_fsh[1]:
 0.00000000000 0.00000000000 0.00000000000 0.00000000000 0.00000000000 0.00000000000
# logsel_slope_fsh[2]:
 0.00000000000 0.00000000000 0.00000000000 0.00000000000 0.00000000000 0.00000000000 0.00000000000 0.00000000000 0.00000000000 0.00000000000 0.00000000000 0.00000000000 0.00000000000 0.00000000000 0.00000000000 0.00000000000 0.00000000000 0.00000000000 0.00000000000 0.00000000000 0.00000000000 0.00000000000 0.00000000000 0.00000000000 0.00000000000 0.00000000000 0.00000000000 0.00000000000 0.00000000000 0.00000000000 0.00000000000 0.00000000000 0.00000000000 0.00000000000
# logsel_slope_fsh[3]:
 0.00000000000 0.00000000000 0.00000000000 0.00000000000 0.00000000000 0.00000000000 0.00000000000 0.00000000000 0.00000000000 0.00000000000 0.00000000000 0.00000000000 0.00000000000 0.00000000000 0.00000000000 0.00000000000 0.00000000000 0.00000000000 0.00000000000
# sel50_fsh[1]:
 0.00000000000 0.00000000000 0.00000000000 0.00000000000 0.00000000000 0.00000000000
# sel50_fsh[2]:
 0.00000000000 0.00000000000 0.00000000000 0.00000000000 0.00000000000 0.00000000000 0.00000000000 0.00000000000 0.00000000000 0.00000000000 0.00000000000 0.00000000000 0.00000000000 0.00000000000 0.00000000000 0.00000000000 0.00000000000 0.00000000000 0.00000000000 0.00000000000 0.00000000000 0.00000000000 0.00000000000 0.00000000000 0.00000000000 0.00000000000 0.00000000000 0.00000000000 0.00000000000 0.00000000000 0.00000000000 0.00000000000 0.00000000000 0.00000000000
# sel50_fsh[3]:
 0.00000000000 0.00000000000 0.00000000000 0.00000000000 0.00000000000 0.00000000000 0.00000000000 0.00000000000 0.00000000000 0.00000000000 0.00000000000 0.00000000000 0.00000000000 0.00000000000 0.00000000000 0.00000000000 0.00000000000 0.00000000000 0.00000000000
# logsel_p1_fsh[1]:
 0.00000000000 0.00000000000 0.00000000000 0.00000000000 0.00000000000 0.00000000000
# logsel_p1_fsh[2]:
 0.00000000000 0.00000000000 0.00000000000 0.00000000000 0.00000000000 0.00000000000 0.00000000000 0.00000000000 0.00000000000 0.00000000000 0.00000000000 0.00000000000 0.00000000000 0.00000000000 0.00000000000 0.00000000000 0.00000000000 0.00000000000 0.00000000000 0.00000000000 0.00000000000 0.00000000000 0.00000000000 0.00000000000 0.00000000000 0.00000000000 0.00000000000 0.00000000000 0.00000000000 0.00000000000 0.00000000000 0.00000000000 0.00000000000 0.00000000000
# logsel_p1_fsh[3]:
 0.00000000000 0.00000000000 0.00000000000 0.00000000000 0.00000000000 0.00000000000 0.00000000000 0.00000000000 0.00000000000 0.00000000000 0.00000000000 0.00000000000 0.00000000000 0.00000000000 0.00000000000 0.00000000000 0.00000000000 0.00000000000 0.00000000000
# logsel_p2_fsh[1]:
 0.00000000000 0.00000000000 0.00000000000 0.00000000000 0.00000000000 0.00000000000
# logsel_p2_fsh[2]:
 0.00000000000 0.00000000000 0.00000000000 0.00000000000 0.00000000000 0.00000000000 0.00000000000 0.00000000000 0.00000000000 0.00000000000 0.00000000000 0.00000000000 0.00000000000 0.00000000000 0.00000000000 0.00000000000 0.00000000000 0.00000000000 0.00000000000 0.00000000000 0.00000000000 0.00000000000 0.00000000000 0.00000000000 0.00000000000 0.00000000000 0.00000000000 0.00000000000 0.00000000000 0.00000000000 0.00000000000 0.00000000000 0.00000000000 0.00000000000
# logsel_p2_fsh[3]:
 0.00000000000 0.00000000000 0.00000000000 0.00000000000 0.00000000000 0.00000000000 0.00000000000 0.00000000000 0.00000000000 0.00000000000 0.00000000000 0.00000000000 0.00000000000 0.00000000000 0.00000000000 0.00000000000 0.00000000000 0.00000000000 0.00000000000
# logsel_p3_fsh[1]:
 0.00000000000 0.00000000000 0.00000000000 0.00000000000 0.00000000000 0.00000000000
# logsel_p3_fsh[2]:
 0.00000000000 0.00000000000 0.00000000000 0.00000000000 0.00000000000 0.00000000000 0.00000000000 0.00000000000 0.00000000000 0.00000000000 0.00000000000 0.00000000000 0.00000000000 0.00000000000 0.00000000000 0.00000000000 0.00000000000 0.00000000000 0.00000000000 0.00000000000 0.00000000000 0.00000000000 0.00000000000 0.00000000000 0.00000000000 0.00000000000 0.00000000000 0.00000000000 0.00000000000 0.00000000000 0.00000000000 0.00000000000 0.00000000000 0.00000000000
# logsel_p3_fsh[3]:
 0.00000000000 0.00000000000 0.00000000000 0.00000000000 0.00000000000 0.00000000000 0.00000000000 0.00000000000 0.00000000000 0.00000000000 0.00000000000 0.00000000000 0.00000000000 0.00000000000 0.00000000000 0.00000000000 0.00000000000 0.00000000000 0.00000000000
# rec_dev_future:
 0.00000000000 0.00000000000 0.00000000000 0.00000000000 0.00000000000 0.00000000000 0.00000000000 0.00000000000 0.00000000000 0.00000000000 0.00000000000 0.00000000000 0.00000000000 0.00000000000 0.00000000000 0.00000000000 0.00000000000 0.00000000000 0.00000000000 0.00000000000
# log_q_ind[1]:
-0.181219723944
# log_q_ind[2]:
-5.89015528500
# log_q_power_ind[1]:
0.00000000000
# log_q_power_ind[2]:
0.00000000000
# log_selcoffs_ind[1]:
 -7.62501841976 -5.73311773596 -4.26999165080 -2.84015841828 -1.64176747495 -0.959023349048 -0.0600116250034 0.646627752879 0.986179809036 1.33898091893
 -7.61864670995 -5.63467395445 -4.12292729919 -2.71131062453 -1.34344243681 -0.709316353631 0.0822417319605 0.407288789581 0.973205574141 1.36749211979
 -7.60793890487 -5.52283213808 -3.95782826119 -2.44820463656 -1.40198906887 -0.530503046308 -0.0387750620120 0.493344110483 0.936744466199 1.36203443586
 -7.59207937117 -5.43935565513 -3.94584580044 -2.75850045058 -1.84012942242 -0.912141548658 -0.211181415105 0.403806127032 1.08949982549 1.40414512441
 -7.56977894781 -5.24386260928 -3.64942040118 -2.73135334392 -1.92594984951 -1.33768107785 -0.609042011367 0.425310438935 0.886015113680 1.60853632889
 -7.53636111309 -5.07886559673 -3.60837666286 -2.84782777797 -2.05838955109 -1.33624635741 -0.806643322960 0.121083716984 0.915470834213 1.69463526658
 -7.46933763800 -4.70334570246 -3.18600559019 -2.44605093682 -1.46924418401 -0.823707653302 -0.566540445406 0.167450569982 0.787265296156 1.65753087410
 -7.38279039909 -3.99107828169 -1.69840528446 -1.61490810560 -1.42736556206 -1.10382037946 -0.829810405328 -0.0481977787805 0.768900187974 1.70128808218
 -7.28830742464 -3.83453021518 -1.71590538368 -1.33974232954 -1.19378062033 -0.950436670397 -0.735881962872 0.201356522814 0.723352235721 1.62587613744
 -7.20318609917 -3.76583159315 -1.47463061840 -0.826495176329 -0.904742998106 -0.898863438982 -0.730365543434 0.0355102374314 0.612911571685 1.63594492937
 -7.11863296887 -3.53406784863 -1.14962176129 -0.754362347443 -0.866341334280 -1.03824931562 -0.807104454457 0.0282338181524 0.556587294358 1.64651860255
 -7.03042447374 -3.28693273206 -1.25620249207 -0.967596733941 -1.12655815789 -0.889090172987 -0.588595419260 0.136166506397 0.504252294738 1.64964200064
 -6.93926850049 -2.90173103369 -0.970748228426 -0.709716212126 -1.06563729014 -0.873972993693 -0.679812564140 -0.194028155744 0.348069158309 1.71650493530
 -6.84626315632 -2.74345468253 -0.737756402874 -0.771723736860 -0.581573106834 -0.223450938291 0.00195664471268 0.134305384428 0.379658318117 1.39325252747
 -6.75228321502 -2.70536822859 -0.748030476722 -0.239183646558 -0.359703443007 -0.0174554201378 0.289979006395 0.172476384352 0.298449429688 1.13732907400
 -6.65335951320 -2.34771976072 -0.924126071702 -0.307103095925 0.00948292520332 -0.0299321645176 0.462550504801 0.153660886389 0.193088690484 1.03795109500
 -6.64409038111 -1.53396454008 -0.788056406265 -0.331632868010 -0.245363043373 -0.123421525310 0.313569611194 0.123734030875 0.348115348073 1.10784230430
 -6.62093895163 -2.39202394989 -0.503580857628 -0.0862252638733 -0.443860143080 -0.321141282316 0.112413708847 0.0840904293068 0.480717718852 1.16148053546
 -6.57612063814 -2.49220878219 -0.500249328156 -0.244897335770 -1.00256205275 -0.875839894115 -0.347913565636 -0.0235612183455 0.846012171844 1.31642320153
 -6.52192293315 -2.74966156110 -0.553463001735 -0.674184315547 -1.28068199763 -1.29339829584 -0.660671097781 -0.126161534620 1.03686876161 1.40597906073
 -6.45526300090 -2.80032111826 -0.719741663955 -1.09953891242 -1.32783824079 -1.63155675102 -0.881743304830 -0.211457095251 1.13814098666 1.46154901764
# log_selcoffs_ind[2]:
 0.00000000000 0.00000000000 0.00000000000 0.00000000000 0.00000000000 0.00000000000 0.00000000000 0.00000000000 0.00000000000 0.00000000000
# logsel_slope_ind[1]:
 0.00000000000 0.00000000000 0.00000000000 0.00000000000 0.00000000000 0.00000000000 0.00000000000 0.00000000000 0.00000000000 0.00000000000 0.00000000000 0.00000000000 0.00000000000 0.00000000000 0.00000000000 0.00000000000 0.00000000000 0.00000000000 0.00000000000 0.00000000000 0.00000000000
# logsel_slope_ind[2]:
 0.00000000000
# sel50_ind[1]:
 0.00000000000 0.00000000000 0.00000000000 0.00000000000 0.00000000000 0.00000000000 0.00000000000 0.00000000000 0.00000000000 0.00000000000 0.00000000000 0.00000000000 0.00000000000 0.00000000000 0.00000000000 0.00000000000 0.00000000000 0.00000000000 0.00000000000 0.00000000000 0.00000000000
# sel50_ind[2]:
 0.00000000000
# logsel_p1_ind[1]:
 0.00000000000 0.00000000000 0.00000000000 0.00000000000 0.00000000000 0.00000000000 0.00000000000 0.00000000000 0.00000000000 0.00000000000 0.00000000000 0.00000000000 0.00000000000 0.00000000000 0.00000000000 0.00000000000 0.00000000000 0.00000000000 0.00000000000 0.00000000000 0.00000000000
# logsel_p1_ind[2]:
 0.00000000000
# sel_p2_ind[1]:
 0.00000000000 0.00000000000 0.00000000000 0.00000000000 0.00000000000 0.00000000000 0.00000000000 0.00000000000 0.00000000000 0.00000000000 0.00000000000 0.00000000000 0.00000000000 0.00000000000 0.00000000000 0.00000000000 0.00000000000 0.00000000000 0.00000000000 0.00000000000 0.00000000000
# sel_p2_ind[2]:
 0.00000000000
# logsel_p3_ind[1]:
 0.00000000000 0.00000000000 0.00000000000 0.00000000000 0.00000000000 0.00000000000 0.00000000000 0.00000000000 0.00000000000 0.00000000000 0.00000000000 0.00000000000 0.00000000000 0.00000000000 0.00000000000 0.00000000000 0.00000000000 0.00000000000 0.00000000000 0.00000000000 0.00000000000
# logsel_p3_ind[2]:
 0.00000000000
