# Number of parameters = 995 Objective function value = 248.495957085889  Maximum gradient component = 5.62164742535182e-05
# Mest[1]:
0.350000000000
# log_Linf[1]:
4.38701417618
# log_k[1]:
-1.83258146375
# log_Lo[1]:
2.75684036527
# log_sdage[1]:
-2.40794560865
# mean_log_rec[1]:
6.84785315234
# steepness[1]:
0.488752554165
# log_Rzero[1]:
7.54038013051
# rec_dev:
 -0.117935871305 -0.157144146072 -0.204070686283 -0.264687491896 -0.323414850296 -0.396258004561 -0.463312138470 -0.518865854328 -0.525880603958 -0.211463953584 0.218499928412 0.734630362879 0.762445784201 0.872036908610 1.19146396168 0.973739938462 0.824842802766 0.721278514403 0.810791260200 0.839112746936 0.795005084211 0.774338761001 1.20214937754 0.851521559835 1.53611469287 0.586712982250 0.594992268051 0.712983433404 0.0626321432333 -0.126815807178 0.0221947789434 -0.349960581178 -0.0220449317737 0.159659486121 -0.0675885371275 -0.253017866483 -0.397344595438 -0.283509440279 -0.738580262601 -0.796438568692 -1.20379776189 -1.62821828769 -1.75126179667 -1.44689426903 -0.556408756914 -0.910550699763 -0.226914017340 -0.972581714469 -0.675247701612 -0.0749190056020 -4.05673894477e-09
# log_sigmar[1]:
-0.223143551314
# fmort:
 -13.6982829882 -13.8407016369 -2.32338652895 -1.83939753967 -1.70320851176 -2.30183957158 -1.95108996276 -1.63052772805 -2.62706057518 -2.72825178140 -1.76838107944 -1.08193064791 -3.08149433814 -1.49872571466 -1.35753738414 -2.59889514948 -2.19928465219 -2.33521107078 -5.14454705818 -5.37153753842 -4.80672146754 -9.39665034530 -10.6927609767 -13.4217530284 -7.86645746041 -6.70452884552 -6.59959411964 -6.40393556230 -12.6549574668 -12.4333220415 -12.1508936262 -11.9608763250 -12.1367364295 -12.5055471136 -12.7161257284 -12.9012120374 -12.9011238740 -12.9803031094
 -2.62164083964 -1.79910081257 -2.51491925791 -2.61312411803 -2.64664111192 -2.41948490399 -2.87550264298 -2.64983141954 -2.90993453983 -2.89587415761 -2.79455581439 -2.59377010405 -2.53099852028 -2.81319196713 -2.33665164503 -2.52389505769 -2.37195462518 -2.17451582997 -1.71549777508 -1.15157284109 -0.905908247382 -0.800484484824 -1.03879353734 -1.03600860031 -0.902803454409 -0.804522153724 -1.03721186830 -0.919015315059 -1.08257964660 -1.43141287018 -1.32731914481 -1.21345563589 -1.59828990843 -1.54911775687 -1.36691172579 -1.78924583929 -2.09194597300 -2.29613299974
 -13.5005551537 -13.2679797020 -13.0557731687 -13.1253675986 -13.1102298622 -12.8181758510 -12.9947561137 -12.9552217499 -12.9413344775 -13.0442722535 -13.0626417892 -12.9318227767 -12.5865006297 -12.7500275069 -12.6355694780 -12.5301480763 -2.63413066942 -2.10521857869 -1.05529147817 -1.99351399423 -1.41953127967 -2.05270916528 -1.83628014067 -1.94662387883 -2.37680806953 -1.81840161712 -1.12115752170 -1.11906154317 -1.58327498674 -2.28109702708 -2.53894542311 -2.79708493704 -2.58872880165 -2.40805497798 -3.39491585946 -3.60652398545 -3.74605370735 -4.09743288335
# log_selcoffs_fsh[1]:
 -1.59318917839 -0.252806315174 0.229436864650 0.240264007170 0.234558032823 0.203984633138
 -1.81543314228 0.0779587075721 0.422212771837 0.169678922415 0.0382488574147 0.00688367220379
 -2.14498128861 -0.519575250928 0.751412457503 0.272847455610 0.0369501722909 -0.202332555392
 -2.23510834091 -0.521985153648 0.503409917723 0.602642769448 0.0412315495019 -0.253227730712
 -2.17600808325 -0.118828575813 0.724286593871 0.341856456037 -0.157348305960 -0.395530084218
 -2.22187458349 -0.417449782423 0.702159354386 0.556493528973 -0.158924929806 -0.482628715315
# log_selcoffs_fsh[2]:
 -5.19911521719 -3.96390687203 -2.76781342746 -1.67075269443 -0.732949802374 -0.0121233854930 0.459972072451 0.717428282126 0.825483221531 0.850140579664
 -5.33488768676 -4.04737663328 -2.78850779574 -1.66484457580 -0.647089452599 0.173334192280 0.524467780327 0.682314565449 0.765999933593 0.786178432747
 -5.41702241856 -4.09718890541 -2.81467765614 -1.58763148775 -0.621682170190 0.214792105738 0.527216754317 0.664435638761 0.752603565980 0.778333488964
 -5.46654484726 -4.07964141640 -2.78744658606 -1.57943025049 -0.614330835014 0.121748659840 0.478427627050 0.686973115588 0.789571267364 0.805153419098
 -5.50322776680 -4.08721507016 -2.78365297907 -1.60334606648 -0.587454061304 0.132941083579 0.437084403877 0.656947581919 0.798336182898 0.841248016327
 -5.54540454576 -4.09493673395 -2.76808662527 -1.59862403405 -0.606799683256 0.0222592839627 0.400225827446 0.672590941514 0.839270733804 0.867408322399
 -5.57185920432 -4.06421959826 -2.66255999529 -1.57866671474 -0.738217674626 -0.146984552412 0.327083806011 0.677982229143 0.917298042290 0.917247229567
 -5.61137819020 -4.14111113739 -2.73022432050 -1.62553566219 -0.789177735193 -0.221657171851 0.301004999936 0.711318461197 0.921328008514 0.940984902651
 -5.63165434946 -4.21509306788 -2.90218800879 -1.70101816708 -0.816599966053 -0.248108803546 0.310837831678 0.726505946345 0.926114814847 0.941937862341
 -5.63741584871 -4.25602137752 -2.97758010760 -1.74107451689 -0.833605204363 -0.216385033411 0.368954582035 0.722873537480 0.882991932009 0.952204235842
 -5.61162988939 -4.31326875503 -3.02814506910 -1.74673636669 -0.849173702033 -0.215037825883 0.272004598200 0.650804986730 0.914412096066 1.02995663541
 -5.60338072777 -4.32067318124 -3.10036714036 -1.81692503314 -0.655785259869 -0.101707179846 0.268963566070 0.598537517692 0.887547981266 1.02815711181
 -5.57798013376 -4.23769550885 -2.99442566175 -1.83020123382 -0.832834107435 -0.0838017430210 0.279157382799 0.625585033888 0.882826502711 1.03241020459
 -5.52036989176 -4.05481784729 -2.78779218911 -1.74155528795 -0.803530056737 -0.199080985933 0.239548153985 0.606811887135 0.897514066046 1.07017128254
 -5.49934428734 -4.06860511628 -2.76933837623 -1.71268978766 -0.815302118621 -0.199026075014 0.210744388677 0.602491887049 0.916398691042 1.06889513548
 -5.50758626520 -4.09628088630 -2.78825112192 -1.70845544752 -0.866291611205 -0.255102007987 0.244705196203 0.638396556362 0.949979656012 1.02422845533
 -5.51527531938 -4.09285972514 -2.73470382889 -1.63437117817 -0.848947755774 -0.312415030074 0.222460386040 0.722072209757 0.957777056445 0.973054493084
 -5.46849794483 -3.99838573315 -2.61682171731 -1.59983953691 -0.908473367657 -0.386622472962 0.156843465492 0.645952649270 1.02132399267 1.01722214767
 -5.42253445057 -3.90810005624 -2.53257921244 -1.45401926394 -0.739029821064 -0.270363977596 0.174718366651 0.636677750502 0.930693288527 1.03118071163
 -5.43049898931 -3.84339196102 -2.39771211808 -1.32931392573 -0.542015076489 -0.0894009761034 0.233367155558 0.656173827501 0.898056804829 0.907243071551
 -5.38024330196 -3.70653835034 -2.18806559148 -1.14486634785 -0.463836634555 -0.0437923869376 0.265892140288 0.592517414872 0.883133114248 0.884930895923
 -5.33340401557 -3.59322809368 -1.95285859102 -0.903737571658 -0.345225270558 -0.0137929906064 0.292734455774 0.579318652755 0.810639271325 0.855319305304
 -5.29247396407 -3.52557381447 -1.85509676740 -0.758941530213 -0.230872213898 0.0370065115326 0.312840655205 0.573907153293 0.754689652801 0.806454081579
 -5.20897530378 -3.45635099131 -1.88553196949 -0.872609507030 -0.344069516631 -0.0384508681570 0.281632450903 0.581829362983 0.830309513674 0.838801505851
 -5.11979488231 -3.33051561398 -1.70239959416 -0.679023015616 -0.261503228654 -0.0442085014253 0.188878193086 0.511121977012 0.785549890641 0.905664510057
 -5.06493455864 -3.22077590670 -1.61322153744 -0.537284119629 -0.167167150571 -0.000609686086241 0.146905551460 0.438607498191 0.733325258190 0.929780010607
 -5.04551170538 -3.13431738414 -1.48808108688 -0.467095115622 -0.00701270261082 0.104383464753 0.167612298447 0.335048983842 0.625177482419 0.934250093945
 -5.23023066774 -3.27205588056 -1.48317692899 -0.178094801708 0.371963182159 0.467073306480 0.310863828357 0.242100442794 0.356349560786 0.576843920691
 -5.32360937532 -3.32205635591 -1.48734531342 -0.159304947981 0.473505143486 0.479582129394 0.398635409404 0.257131292490 0.268293508236 0.450177497286
 -5.37915585718 -3.34085105719 -1.60010576961 -0.341104031012 0.327588872904 0.529258114950 0.409723625448 0.373017650307 0.346275622723 0.463436538797
 -5.36156505676 -3.32205106004 -1.77173157388 -0.713818915368 0.0404337721880 0.350225080040 0.415739996478 0.467989700794 0.552692785068 0.687416049354
 -5.33040832220 -3.49536108515 -1.87432128665 -0.900003832247 -0.328851919217 0.0488539633137 0.239969349714 0.458901603888 0.730345792063 0.995335863520
 -5.30534182523 -3.61765873599 -2.06139317376 -0.948075285178 -0.514724218759 -0.200437684179 0.0696813565755 0.386107736542 0.802153995835 1.18284296843
 -5.35957827716 -3.68880498647 -2.13153217718 -0.956261924622 -0.536782957292 -0.164355218275 0.0197848513051 0.359025578159 0.821553409648 1.19643491870
# log_selcoffs_fsh[3]:
 -5.80805200533 -4.74026885165 -3.69702701485 -2.69969766601 -1.77061273125 -0.938972356360 -0.258368992732 0.240556525317 0.689646968790 1.02346794071 1.25700306872
 -5.85213275906 -4.77034666446 -3.72870693628 -2.74062069856 -1.78315481843 -0.890757862183 -0.170374230423 0.346202646751 0.680575559337 1.03007290400 1.19037700506
 -5.83747984494 -4.58005998226 -3.43216761602 -2.31750411685 -1.28775597122 -0.654313246438 -0.129261094197 0.289050329934 0.667071303675 0.986222721508 1.16838444594
 -5.78422310401 -4.13088778069 -2.71816886173 -1.81813453464 -1.19320502075 -0.647548554169 -0.170837199241 0.265390583993 0.655380674100 0.985900380069 1.15466442699
 -5.69272107999 -3.76052572098 -2.08127183385 -1.26300182598 -0.935540289196 -0.686829880576 -0.338580926049 0.0774828667236 0.578102817247 0.993405351469 1.22195839824
 -5.67320660511 -3.76191929831 -1.89291724388 -0.902125196319 -0.680169178912 -0.671192162190 -0.402772899176 0.0421794636476 0.557746043300 0.961532678673 1.20158293690
 -5.62532016752 -3.86118814774 -2.13255982755 -0.748230783978 -0.313577448371 -0.301330153978 -0.264720997497 0.0404283021396 0.459566899274 0.864394092943 1.14655182194
 -5.54177400592 -3.85695524523 -2.23520735504 -0.892888181702 -0.128579791527 -0.00488718584632 -0.0628601642838 0.0283881607882 0.355684552958 0.780481132550 1.10077313738
 -5.40323486227 -3.68112559491 -2.09977706533 -0.912516775959 -0.253560390050 -0.0255912449243 -0.0122427476378 0.0771793111864 0.346748970754 0.773581414183 1.11366394862
 -5.25465233283 -3.31966990339 -1.54277883322 -0.755050550515 -0.446325564587 -0.412515591924 -0.317638815350 -0.0169202183282 0.429864236338 0.888555276876 1.19183853918
 -5.13866057282 -3.02063585288 -1.45315986765 -0.748100104204 -0.662936303425 -0.660694786712 -0.477343009706 -0.0539620576614 0.491651604719 0.952292551837 1.22726476309
 -5.28138043781 -3.35964560121 -1.73399456881 -1.09563507806 -0.725800283566 -0.584345091976 -0.375499590422 0.0826585921264 0.573323686767 0.975756217306 1.16546390633
 -5.53649218806 -3.86839909983 -2.37180148302 -1.15251991724 -0.609411957167 -0.382534199546 -0.116081797397 0.220898525901 0.577113818892 0.904105433525 1.08248380114
 -5.83999941792 -4.18935040805 -2.63036086158 -1.26510143681 -0.490129495256 -0.275265432137 -0.0392302681642 0.351867418054 0.602958451931 0.835405752433 1.00767984779
 -6.16335904284 -4.41231903458 -2.72292967495 -1.38062004898 -0.573591289470 -0.236465137489 0.140639813221 0.414030615001 0.654969198062 0.821084068771 0.897634760734
 -6.44259769702 -4.60334674072 -2.71685003381 -1.14659759569 -0.461977912624 -0.105524910281 0.206425153698 0.470172587971 0.609635570834 0.744300513490 0.833094860082
 -6.63390245208 -4.76113334360 -2.80545520125 -1.05576317148 -0.245436336144 0.0784440922635 0.262233807861 0.421233379907 0.540876089863 0.669970577627 0.798585945720
 -6.72459698105 -4.92191195238 -3.16072229499 -1.57257504780 -0.572199194882 0.0875715304795 0.432750836095 0.569377592592 0.604952154489 0.658996502287 0.699690651650
 -6.82544947799 -5.21603961126 -3.65531065310 -2.04897245486 -0.844013826723 0.176165294106 0.660242002903 0.677047607045 0.609661059165 0.560448006883 0.543233417329
# log_sel_spl_fsh[1]:
 0.00000000000 0.00000000000 0.00000000000 0.00000000000
 0.00000000000 0.00000000000 0.00000000000 0.00000000000
 0.00000000000 0.00000000000 0.00000000000 0.00000000000
 0.00000000000 0.00000000000 0.00000000000 0.00000000000
 0.00000000000 0.00000000000 0.00000000000 0.00000000000
 0.00000000000 0.00000000000 0.00000000000 0.00000000000
# log_sel_spl_fsh[2]:
 0.00000000000 0.00000000000 0.00000000000 0.00000000000
 0.00000000000 0.00000000000 0.00000000000 0.00000000000
 0.00000000000 0.00000000000 0.00000000000 0.00000000000
 0.00000000000 0.00000000000 0.00000000000 0.00000000000
 0.00000000000 0.00000000000 0.00000000000 0.00000000000
 0.00000000000 0.00000000000 0.00000000000 0.00000000000
 0.00000000000 0.00000000000 0.00000000000 0.00000000000
 0.00000000000 0.00000000000 0.00000000000 0.00000000000
 0.00000000000 0.00000000000 0.00000000000 0.00000000000
 0.00000000000 0.00000000000 0.00000000000 0.00000000000
 0.00000000000 0.00000000000 0.00000000000 0.00000000000
 0.00000000000 0.00000000000 0.00000000000 0.00000000000
 0.00000000000 0.00000000000 0.00000000000 0.00000000000
 0.00000000000 0.00000000000 0.00000000000 0.00000000000
 0.00000000000 0.00000000000 0.00000000000 0.00000000000
 0.00000000000 0.00000000000 0.00000000000 0.00000000000
 0.00000000000 0.00000000000 0.00000000000 0.00000000000
 0.00000000000 0.00000000000 0.00000000000 0.00000000000
 0.00000000000 0.00000000000 0.00000000000 0.00000000000
 0.00000000000 0.00000000000 0.00000000000 0.00000000000
 0.00000000000 0.00000000000 0.00000000000 0.00000000000
 0.00000000000 0.00000000000 0.00000000000 0.00000000000
 0.00000000000 0.00000000000 0.00000000000 0.00000000000
 0.00000000000 0.00000000000 0.00000000000 0.00000000000
 0.00000000000 0.00000000000 0.00000000000 0.00000000000
 0.00000000000 0.00000000000 0.00000000000 0.00000000000
 0.00000000000 0.00000000000 0.00000000000 0.00000000000
 0.00000000000 0.00000000000 0.00000000000 0.00000000000
 0.00000000000 0.00000000000 0.00000000000 0.00000000000
 0.00000000000 0.00000000000 0.00000000000 0.00000000000
 0.00000000000 0.00000000000 0.00000000000 0.00000000000
 0.00000000000 0.00000000000 0.00000000000 0.00000000000
 0.00000000000 0.00000000000 0.00000000000 0.00000000000
 0.00000000000 0.00000000000 0.00000000000 0.00000000000
# log_sel_spl_fsh[3]:
 0.00000000000 0.00000000000 0.00000000000 0.00000000000
 0.00000000000 0.00000000000 0.00000000000 0.00000000000
 0.00000000000 0.00000000000 0.00000000000 0.00000000000
 0.00000000000 0.00000000000 0.00000000000 0.00000000000
 0.00000000000 0.00000000000 0.00000000000 0.00000000000
 0.00000000000 0.00000000000 0.00000000000 0.00000000000
 0.00000000000 0.00000000000 0.00000000000 0.00000000000
 0.00000000000 0.00000000000 0.00000000000 0.00000000000
 0.00000000000 0.00000000000 0.00000000000 0.00000000000
 0.00000000000 0.00000000000 0.00000000000 0.00000000000
 0.00000000000 0.00000000000 0.00000000000 0.00000000000
 0.00000000000 0.00000000000 0.00000000000 0.00000000000
 0.00000000000 0.00000000000 0.00000000000 0.00000000000
 0.00000000000 0.00000000000 0.00000000000 0.00000000000
 0.00000000000 0.00000000000 0.00000000000 0.00000000000
 0.00000000000 0.00000000000 0.00000000000 0.00000000000
 0.00000000000 0.00000000000 0.00000000000 0.00000000000
 0.00000000000 0.00000000000 0.00000000000 0.00000000000
 0.00000000000 0.00000000000 0.00000000000 0.00000000000
# logsel_slope_fsh[1]:
 0.00000000000 0.00000000000 0.00000000000 0.00000000000 0.00000000000 0.00000000000
# logsel_slope_fsh[2]:
 0.00000000000 0.00000000000 0.00000000000 0.00000000000 0.00000000000 0.00000000000 0.00000000000 0.00000000000 0.00000000000 0.00000000000 0.00000000000 0.00000000000 0.00000000000 0.00000000000 0.00000000000 0.00000000000 0.00000000000 0.00000000000 0.00000000000 0.00000000000 0.00000000000 0.00000000000 0.00000000000 0.00000000000 0.00000000000 0.00000000000 0.00000000000 0.00000000000 0.00000000000 0.00000000000 0.00000000000 0.00000000000 0.00000000000 0.00000000000
# logsel_slope_fsh[3]:
 0.00000000000 0.00000000000 0.00000000000 0.00000000000 0.00000000000 0.00000000000 0.00000000000 0.00000000000 0.00000000000 0.00000000000 0.00000000000 0.00000000000 0.00000000000 0.00000000000 0.00000000000 0.00000000000 0.00000000000 0.00000000000 0.00000000000
# sel50_fsh[1]:
 0.00000000000 0.00000000000 0.00000000000 0.00000000000 0.00000000000 0.00000000000
# sel50_fsh[2]:
 0.00000000000 0.00000000000 0.00000000000 0.00000000000 0.00000000000 0.00000000000 0.00000000000 0.00000000000 0.00000000000 0.00000000000 0.00000000000 0.00000000000 0.00000000000 0.00000000000 0.00000000000 0.00000000000 0.00000000000 0.00000000000 0.00000000000 0.00000000000 0.00000000000 0.00000000000 0.00000000000 0.00000000000 0.00000000000 0.00000000000 0.00000000000 0.00000000000 0.00000000000 0.00000000000 0.00000000000 0.00000000000 0.00000000000 0.00000000000
# sel50_fsh[3]:
 0.00000000000 0.00000000000 0.00000000000 0.00000000000 0.00000000000 0.00000000000 0.00000000000 0.00000000000 0.00000000000 0.00000000000 0.00000000000 0.00000000000 0.00000000000 0.00000000000 0.00000000000 0.00000000000 0.00000000000 0.00000000000 0.00000000000
# logsel_p1_fsh[1]:
 0.00000000000 0.00000000000 0.00000000000 0.00000000000 0.00000000000 0.00000000000
# logsel_p1_fsh[2]:
 0.00000000000 0.00000000000 0.00000000000 0.00000000000 0.00000000000 0.00000000000 0.00000000000 0.00000000000 0.00000000000 0.00000000000 0.00000000000 0.00000000000 0.00000000000 0.00000000000 0.00000000000 0.00000000000 0.00000000000 0.00000000000 0.00000000000 0.00000000000 0.00000000000 0.00000000000 0.00000000000 0.00000000000 0.00000000000 0.00000000000 0.00000000000 0.00000000000 0.00000000000 0.00000000000 0.00000000000 0.00000000000 0.00000000000 0.00000000000
# logsel_p1_fsh[3]:
 0.00000000000 0.00000000000 0.00000000000 0.00000000000 0.00000000000 0.00000000000 0.00000000000 0.00000000000 0.00000000000 0.00000000000 0.00000000000 0.00000000000 0.00000000000 0.00000000000 0.00000000000 0.00000000000 0.00000000000 0.00000000000 0.00000000000
# logsel_p2_fsh[1]:
 0.00000000000 0.00000000000 0.00000000000 0.00000000000 0.00000000000 0.00000000000
# logsel_p2_fsh[2]:
 0.00000000000 0.00000000000 0.00000000000 0.00000000000 0.00000000000 0.00000000000 0.00000000000 0.00000000000 0.00000000000 0.00000000000 0.00000000000 0.00000000000 0.00000000000 0.00000000000 0.00000000000 0.00000000000 0.00000000000 0.00000000000 0.00000000000 0.00000000000 0.00000000000 0.00000000000 0.00000000000 0.00000000000 0.00000000000 0.00000000000 0.00000000000 0.00000000000 0.00000000000 0.00000000000 0.00000000000 0.00000000000 0.00000000000 0.00000000000
# logsel_p2_fsh[3]:
 0.00000000000 0.00000000000 0.00000000000 0.00000000000 0.00000000000 0.00000000000 0.00000000000 0.00000000000 0.00000000000 0.00000000000 0.00000000000 0.00000000000 0.00000000000 0.00000000000 0.00000000000 0.00000000000 0.00000000000 0.00000000000 0.00000000000
# logsel_p3_fsh[1]:
 0.00000000000 0.00000000000 0.00000000000 0.00000000000 0.00000000000 0.00000000000
# logsel_p3_fsh[2]:
 0.00000000000 0.00000000000 0.00000000000 0.00000000000 0.00000000000 0.00000000000 0.00000000000 0.00000000000 0.00000000000 0.00000000000 0.00000000000 0.00000000000 0.00000000000 0.00000000000 0.00000000000 0.00000000000 0.00000000000 0.00000000000 0.00000000000 0.00000000000 0.00000000000 0.00000000000 0.00000000000 0.00000000000 0.00000000000 0.00000000000 0.00000000000 0.00000000000 0.00000000000 0.00000000000 0.00000000000 0.00000000000 0.00000000000 0.00000000000
# logsel_p3_fsh[3]:
 0.00000000000 0.00000000000 0.00000000000 0.00000000000 0.00000000000 0.00000000000 0.00000000000 0.00000000000 0.00000000000 0.00000000000 0.00000000000 0.00000000000 0.00000000000 0.00000000000 0.00000000000 0.00000000000 0.00000000000 0.00000000000 0.00000000000
# rec_dev_future:
 0.00000000000 0.00000000000 0.00000000000 0.00000000000 0.00000000000 0.00000000000 0.00000000000 0.00000000000 0.00000000000 0.00000000000 0.00000000000 0.00000000000 0.00000000000 0.00000000000 0.00000000000 0.00000000000 0.00000000000 0.00000000000 0.00000000000 0.00000000000
# log_q_ind[1]:
-0.183466355742
# log_q_ind[2]:
-5.89042058531
# log_q_power_ind[1]:
0.00000000000
# log_q_power_ind[2]:
0.00000000000
# log_selcoffs_ind[1]:
 -7.62641964831 -5.73054601446 -4.26752110766 -2.83823963852 -1.64120550928 -0.957959417963 -0.0587194014554 0.648497021250 0.987797364425 1.33640856183
 -7.62011051256 -5.63216000852 -4.12055044454 -2.70951492301 -1.34221508550 -0.708743953759 0.0834070622233 0.408717128659 0.974749897763 1.36538253617
 -7.60950342826 -5.52042485032 -3.95539894857 -2.44654007645 -1.40058530017 -0.529124716487 -0.0381998505880 0.494530419723 0.937918673426 1.36027783451
 -7.59378306111 -5.43706891590 -3.94342725645 -2.75638601888 -1.83880515370 -0.910810061562 -0.209935069138 0.404044720192 1.09019730976 1.40306967244
 -7.57167053921 -5.24167290957 -3.64709644262 -2.72897212594 -1.92382198168 -1.33661685079 -0.608012940395 0.426379935591 0.885844701860 1.60801565515
 -7.53852847876 -5.07687201022 -3.60622410600 -2.84572119153 -2.05607166417 -1.33467125252 -0.806326141482 0.121515661868 0.915695935591 1.69425056535
 -7.47193301442 -4.70154285489 -3.18457358520 -2.44446893783 -1.46720596035 -0.822399442379 -0.565820935335 0.167820904527 0.786711716307 1.65736205783
 -7.38592983925 -3.98925285843 -1.69715827111 -1.61395025364 -1.42613358198 -1.10260720883 -0.829384960765 -0.0480356965307 0.768507351540 1.70117097573
 -7.29207579471 -3.83250806333 -1.71452775118 -1.33886969063 -1.19332509237 -0.950056608833 -0.735852899696 0.200994475762 0.722821425556 1.62601777245
 -7.20766200979 -3.76354069774 -1.47275494136 -0.825435309087 -0.904466633302 -0.899284971280 -0.731094955947 0.0345873216989 0.611830695745 1.63641563384
 -7.12388476659 -3.53170804442 -1.14711889534 -0.752867439167 -0.865933042312 -1.03886197079 -0.808565081603 0.0263935586436 0.554884041961 1.64728813110
 -7.03654874775 -3.28491237680 -1.25313208885 -0.965415087420 -1.12558611959 -0.889419381575 -0.590138665453 0.133687428823 0.501790408707 1.65075734917
 -6.94635756289 -2.90098041457 -0.967691395774 -0.706854513391 -1.06389085428 -0.873616210094 -0.681044337009 -0.196821576860 0.343834336509 1.71750210085
 -6.85436549296 -2.74531631165 -0.736107432452 -0.769387217986 -0.579506296182 -0.222366500168 0.00152629767390 0.132449990388 0.376352566419 1.39414812570
 -6.76142369408 -2.71033945197 -0.749582618244 -0.238517867036 -0.358354511354 -0.0164853163059 0.289801524228 0.171329581464 0.295874328359 1.13852166445
 -6.66354991783 -2.35600899339 -0.928703882490 -0.308973863738 0.00966069650419 -0.0293442207911 0.462319550244 0.152812166098 0.190770725344 1.04056990449
 -6.65530695420 -1.54571002703 -0.795695483636 -0.335947127702 -0.247423287887 -0.124152899327 0.312933171664 0.122618037151 0.345652989684 1.11342677403
 -6.63304680830 -2.40844721312 -0.514921924258 -0.0939311467941 -0.449084551356 -0.324435857975 0.110515351611 0.0824524238881 0.477850421443 1.17071102184
 -6.58878195083 -2.51365313365 -0.517783452354 -0.257709305831 -1.01239289949 -0.883107895337 -0.353606840123 -0.0278639636461 0.839647957462 1.33023316730
 -6.53483204071 -2.77592039230 -0.575288573068 -0.692024671397 -1.29432339886 -1.30394583168 -0.669460549012 -0.133543134837 1.02614849632 1.42318960833
 -6.46794776109 -2.82892072787 -0.747703623508 -1.12035775691 -1.34478009534 -1.64453177914 -0.892662216346 -0.220847135542 1.12391978291 1.48109555308
# log_selcoffs_ind[2]:
 0.00000000000 0.00000000000 0.00000000000 0.00000000000 0.00000000000 0.00000000000 0.00000000000 0.00000000000 0.00000000000 0.00000000000
# logsel_slope_ind[1]:
 0.00000000000 0.00000000000 0.00000000000 0.00000000000 0.00000000000 0.00000000000 0.00000000000 0.00000000000 0.00000000000 0.00000000000 0.00000000000 0.00000000000 0.00000000000 0.00000000000 0.00000000000 0.00000000000 0.00000000000 0.00000000000 0.00000000000 0.00000000000 0.00000000000
# logsel_slope_ind[2]:
 0.00000000000
# sel50_ind[1]:
 0.00000000000 0.00000000000 0.00000000000 0.00000000000 0.00000000000 0.00000000000 0.00000000000 0.00000000000 0.00000000000 0.00000000000 0.00000000000 0.00000000000 0.00000000000 0.00000000000 0.00000000000 0.00000000000 0.00000000000 0.00000000000 0.00000000000 0.00000000000 0.00000000000
# sel50_ind[2]:
 0.00000000000
# logsel_p1_ind[1]:
 0.00000000000 0.00000000000 0.00000000000 0.00000000000 0.00000000000 0.00000000000 0.00000000000 0.00000000000 0.00000000000 0.00000000000 0.00000000000 0.00000000000 0.00000000000 0.00000000000 0.00000000000 0.00000000000 0.00000000000 0.00000000000 0.00000000000 0.00000000000 0.00000000000
# logsel_p1_ind[2]:
 0.00000000000
# sel_p2_ind[1]:
 0.00000000000 0.00000000000 0.00000000000 0.00000000000 0.00000000000 0.00000000000 0.00000000000 0.00000000000 0.00000000000 0.00000000000 0.00000000000 0.00000000000 0.00000000000 0.00000000000 0.00000000000 0.00000000000 0.00000000000 0.00000000000 0.00000000000 0.00000000000 0.00000000000
# sel_p2_ind[2]:
 0.00000000000
# logsel_p3_ind[1]:
 0.00000000000 0.00000000000 0.00000000000 0.00000000000 0.00000000000 0.00000000000 0.00000000000 0.00000000000 0.00000000000 0.00000000000 0.00000000000 0.00000000000 0.00000000000 0.00000000000 0.00000000000 0.00000000000 0.00000000000 0.00000000000 0.00000000000 0.00000000000 0.00000000000
# logsel_p3_ind[2]:
 0.00000000000
