# Number of parameters = 995 Objective function value = 238.257185043648  Maximum gradient component = 5.51041262357387e-05
# Mest[1]:
0.350000000000
# log_Linf[1]:
4.38701417618
# log_k[1]:
-1.83258146375
# log_Lo[1]:
2.75684036527
# log_sdage[1]:
-2.40794560865
# mean_log_rec[1]:
6.69593486464
# steepness[1]:
0.611770835512
# log_Rzero[1]:
6.45485712289
# rec_dev:
 -0.167193670988 -0.215549068486 -0.268207447952 -0.336073141222 -0.400551975738 -0.478625137168 -0.553356924541 -0.625375783778 -0.652303275648 -0.368891474000 0.0538116072734 0.595000326727 0.684380237794 0.879172691190 1.32485711823 1.12739164932 0.972754864428 0.868802265660 0.963555946078 0.969963590280 0.946423216982 0.983943610126 1.45436191957 1.05684701973 1.72232431531 0.750659958229 0.762304284716 0.881586608899 0.186635067489 0.00413593671528 0.163920635028 -0.214338324796 0.126937610963 0.315718937892 0.0863556190695 -0.100775108843 -0.246850513222 -0.132674556957 -0.594445310937 -0.655009859281 -1.07086976508 -1.51985930896 -1.65514922556 -1.35578988423 -0.460743413879 -0.803930225830 -0.0911458805663 -0.691398190636 -0.358829111008 -0.0527726577159 -4.58340920773e-10
# log_sigmar[1]:
-0.223143551314
# fmort:
 -13.5565653777 -13.7418998567 -2.28136405101 -1.82670118911 -1.68676607252 -2.28244389735 -1.94286921688 -1.63376870407 -2.65250368400 -2.79119315489 -1.88285984033 -1.22253895155 -3.18489308446 -1.54596805988 -1.37706888075 -2.61242521225 -2.20120941837 -2.33754291096 -5.13586696039 -5.35835835644 -4.79625279468 -9.38557143517 -10.6854249981 -13.4186974415 -7.86426257724 -6.70170800911 -6.59479321472 -6.39972038409 -12.6459256706 -12.4200761225 -12.1276453936 -11.9197693717 -12.0780526913 -12.4401826089 -12.6654260440 -12.8747020229 -12.9291805233 -13.0162517392
 -2.16035141505 -1.25441452581 -1.91592893891 -2.03336979744 -2.10126146346 -1.92318001491 -2.43068427944 -2.26347233331 -2.56316153532 -2.60257321423 -2.56401939568 -2.43452278619 -2.43056100835 -2.74536374949 -2.29623429098 -2.50062550617 -2.35714661888 -2.16572622041 -1.70947421750 -1.14717556067 -0.904079292238 -0.801337553572 -1.03715856216 -1.03696134546 -0.906984372657 -0.809118686023 -1.03996926673 -0.921552218717 -1.08470451169 -1.43392066225 -1.33236237506 -1.21795916982 -1.60039207830 -1.55005481668 -1.36677556082 -1.78543148472 -2.10021822138 -2.32110201290
 -13.0170395750 -12.7268887447 -12.4685105768 -12.5616890183 -12.5855156903 -12.3815910232 -12.6094165478 -12.6346304675 -12.6388106200 -12.7906753186 -12.8691385502 -12.7995862556 -12.5144980809 -12.7077999651 -12.6152472726 -12.5278921975 -2.63899853095 -2.11496522203 -1.06067205984 -1.99960974842 -1.42477574887 -2.05667659959 -1.83871530233 -1.94941385047 -2.38126164429 -1.82670674654 -1.13279305690 -1.13232130555 -1.59858613405 -2.29701335743 -2.55460841670 -2.81074330494 -2.59711450967 -2.40515520301 -3.37577748796 -3.56960779229 -3.71355416796 -4.07847463418
# log_selcoffs_fsh[1]:
 -1.53662183026 -0.120692197963 0.384206416848 0.292148785184 0.126138946754 -0.0445831287099
 -1.76227330870 0.129380793954 0.487913007351 0.204012911669 -0.0189669549630 -0.158077639205
 -2.09717886069 -0.491032327111 0.772392577510 0.289541184739 0.0178384259272 -0.292426082589
 -2.20110647381 -0.510877562585 0.507080203399 0.614380846082 0.0356583218912 -0.295578415207
 -2.14920771791 -0.118866765253 0.720123220293 0.348928818187 -0.152494451688 -0.408420849199
 -2.19966043198 -0.426687872896 0.683191999636 0.568258763307 -0.141284781056 -0.473416129155
# log_selcoffs_fsh[2]:
 -5.59196477109 -4.32957953236 -3.10193032069 -1.96373177411 -0.972314227343 -0.183928409608 0.368542298481 0.712397528617 0.898701301727 0.973310041458
 -5.70464039249 -4.39871162163 -3.11434668588 -1.94088884306 -0.865571890986 0.0127092278490 0.429121614112 0.669422230943 0.843922811460 0.935427870946
 -5.76692913981 -4.42983670725 -3.12330270476 -1.85526485963 -0.830219927884 0.0617207248996 0.434084532630 0.646803572663 0.827206187623 0.934136478086
 -5.79856629008 -4.39252069874 -3.07485084206 -1.82995454690 -0.820861202475 -0.0309983481302 0.384778265381 0.666315470108 0.856639109008 0.954311192131
 -5.81336106693 -4.37505195093 -3.04326194658 -1.82754035673 -0.776190760498 -0.0198222736396 0.340405557933 0.632037992089 0.863146452639 0.985011475677
 -5.83344715129 -4.35612560743 -2.99722892831 -1.79096640138 -0.768414420396 -0.114810719239 0.298945362028 0.636685429031 0.893704979418 1.00409191302
 -5.83916864247 -4.30243281388 -2.86429505186 -1.74098945877 -0.870757027542 -0.262532854987 0.231885180377 0.629235936674 0.953653606078 1.04067305066
 -5.85713227627 -4.35901206583 -2.91172242886 -1.76428664353 -0.896025355241 -0.312016313952 0.223619991437 0.665365162138 0.942958749689 1.04911974173
 -5.85323234090 -4.41181159516 -3.06569994100 -1.82366885516 -0.904612146878 -0.319426442224 0.250458276071 0.688741669616 0.941659103020 1.03162584852
 -5.83118899020 -4.42272979103 -3.11572159021 -1.84450129492 -0.907120168060 -0.273662937537 0.320011024094 0.692638099503 0.895958442762 1.02694878681
 -5.78059652727 -4.45112837929 -3.13780216826 -1.82927227005 -0.909536764341 -0.263388054407 0.229990453640 0.623938083856 0.923636041843 1.08751864607
 -5.74765262332 -4.43345678910 -3.18506401585 -1.88005068101 -0.705138603950 -0.141136590060 0.235476607970 0.576972991998 0.895383530249 1.07641471866
 -5.70053903722 -4.32936422758 -3.05988711402 -1.87726572365 -0.869849455355 -0.117084173808 0.251133369611 0.608545819114 0.889467598341 1.07089224627
 -5.62337690018 -4.12801037974 -2.83752649425 -1.77664671972 -0.831297969432 -0.224808558532 0.214192306499 0.591300516885 0.902407007051 1.10114821570
 -5.58560409334 -4.12704702558 -2.80745449147 -1.74022231478 -0.837525667292 -0.219667733754 0.191531745571 0.588859160032 0.920201324645 1.09389526275
 -5.57953008593 -4.14301373737 -2.81652389215 -1.73103962392 -0.886614752926 -0.273489017083 0.228724768300 0.629489307335 0.953665213264 1.04444325060
 -5.57512215491 -4.13036788706 -2.75611631212 -1.65047209101 -0.868287940956 -0.332069626503 0.207279069134 0.715921198247 0.963701234010 0.989448402802
 -5.51806127537 -4.02897504158 -2.63334617296 -1.61103870539 -0.922163983173 -0.406181348817 0.140985694065 0.640228231417 1.02752983744 1.02974504043
 -5.46391205745 -3.93374580132 -2.54651574480 -1.46318201722 -0.749052318579 -0.284157338802 0.161086167825 0.633880573132 0.936600599963 1.04023663058
 -5.46664427957 -3.86687945563 -2.41177611486 -1.33879227039 -0.551717235193 -0.102013380972 0.222841544008 0.659645615726 0.905718620754 0.910923316835
 -5.41053695568 -3.72666291008 -2.20005732599 -1.15122221498 -0.468020815607 -0.0492743790354 0.260369122675 0.592789790335 0.889504138634 0.886198840307
 -5.35727006683 -3.60921896866 -1.96219177210 -0.907732105115 -0.346499872786 -0.0160202405478 0.290471143974 0.579578918316 0.813097750853 0.856851800109
 -5.31008732515 -3.53769015630 -1.86299014258 -0.763541252010 -0.232754819251 0.0349923251093 0.310399613077 0.574293054495 0.756757805356 0.808971871863
 -5.22064467187 -3.46453912638 -1.89215010981 -0.878680305980 -0.349275205045 -0.0425854936793 0.279128664887 0.581739305764 0.833104602776 0.842492847348
 -5.12582181592 -3.33453381100 -1.70693265760 -0.685260630402 -0.268408556195 -0.0508785929215 0.184655258731 0.511299023914 0.789238492700 0.910706760067
 -5.06633617909 -3.22055760507 -1.61517549762 -0.543320715468 -0.174975324735 -0.00826230508499 0.141965794349 0.438743479443 0.737894380140 0.935315975619
 -5.04341483714 -3.12912188917 -1.48502906697 -0.469644099047 -0.0134481200776 0.0979396951796 0.163262001441 0.334532884271 0.628646465844 0.939550067054
 -5.22716616798 -3.26226541564 -1.47380980615 -0.177064909225 0.366896521614 0.462839068659 0.309531293072 0.243844548067 0.359914220538 0.579747976700
 -5.32183048037 -3.30813301290 -1.46830430279 -0.147995483687 0.474604044475 0.476287529503 0.396131489778 0.255920667009 0.267259687024 0.447389150460
 -5.38133585821 -3.32495888236 -1.57249669623 -0.313862605914 0.340745746095 0.530474403039 0.405619784681 0.366225467983 0.337254217620 0.452308322625
 -5.37251332321 -3.30886769195 -1.74115935639 -0.676537425020 0.0735219616162 0.367803059540 0.418705263483 0.458520863652 0.534097472385 0.666097676241
 -5.35390359410 -3.49366562056 -1.84733949881 -0.858609922724 -0.282771203308 0.0904483948586 0.262209979967 0.457502064076 0.708225227990 0.965008929529
 -5.34200546212 -3.63299975267 -2.04778972000 -0.909291377482 -0.463519488443 -0.145945348057 0.114171234125 0.400044138512 0.782527963140 1.14544769322
 -5.40143879797 -3.72607331249 -2.13778315090 -0.927934757069 -0.488350892962 -0.106631188574 0.0700327074327 0.384077619507 0.804979553803 1.15315387745
# log_selcoffs_fsh[3]:
 -5.80732511306 -4.74244345866 -3.70391978544 -2.71404764871 -1.79251670586 -0.960898779317 -0.269207883830 0.247634384563 0.707493940965 1.03051022515 1.24470813179
 -5.84799788388 -4.76710674965 -3.72760394651 -2.74527463794 -1.79784447621 -0.907897493580 -0.181628922365 0.343977796594 0.687137315099 1.03837178740 1.18607749207
 -5.83203335419 -4.57362962360 -3.42502536198 -2.31064503756 -1.28642525511 -0.666862985943 -0.141574771114 0.283290555117 0.668054460186 0.991403188412 1.17077647115
 -5.78032292087 -4.12606246012 -2.71143546206 -1.81100085491 -1.18720647916 -0.648593072037 -0.182383711726 0.256351098544 0.653640145155 0.989888505063 1.15814845740
 -5.68983794049 -3.75875651831 -2.07776385877 -1.25510460053 -0.927822351600 -0.681130669457 -0.339455926453 0.0692225796456 0.573306833838 0.993741558084 1.22445569212
 -5.67024143512 -3.76200913996 -1.89456330041 -0.900396466099 -0.674096374789 -0.666156410959 -0.400566961949 0.0407447988861 0.555319643259 0.960869364914 1.20154042458
 -5.62081824893 -3.86025204984 -2.13429571896 -0.750310388583 -0.311891299292 -0.296536261785 -0.260988504361 0.0424087523471 0.459706684640 0.863396043147 1.14450882209
 -5.53456911842 -3.85354799005 -2.23482139007 -0.894287594904 -0.130180474533 -0.00289215864683 -0.0585964236833 0.0321698522014 0.357720223323 0.779827369214 1.09759423033
 -5.39233366956 -3.67480992142 -2.09698033743 -0.911932969528 -0.254349696963 -0.0259890490689 -0.00952785296528 0.0815315210966 0.349899497299 0.773383320825 1.10997376324
 -5.23952968528 -3.31004341770 -1.53808498284 -0.752933523774 -0.445549173403 -0.412355423122 -0.315875460033 -0.0128570615163 0.433433301132 0.888656479153 1.18755871163
 -5.11870047092 -3.00596212348 -1.44385618415 -0.743134376972 -0.660341830284 -0.659668598455 -0.476072841617 -0.0508145391154 0.495360071326 0.952133861594 1.22236144119
 -5.25622304271 -3.33743614989 -1.71637777607 -1.08330520733 -0.719010848890 -0.580965983108 -0.373934330517 0.0839455988485 0.574534219910 0.974812937509 1.16061895884
 -5.50836402881 -3.83864698265 -2.34442735488 -1.13164995473 -0.595846744033 -0.376083307251 -0.113557874203 0.221212858233 0.575991091462 0.901162763602 1.07731441828
 -5.81281085997 -4.15463307159 -2.59273922697 -1.23385326414 -0.469148612490 -0.263704786384 -0.0356089586083 0.351119710543 0.599563561736 0.830078119173 1.00103794560
 -6.14154087178 -4.37675723281 -2.67774589861 -1.33558579367 -0.540801972707 -0.217538344995 0.147758814674 0.411912933572 0.648331614183 0.812453632245 0.888742041177
 -6.43387689045 -4.57482256746 -2.67273322565 -1.09511816481 -0.414633794113 -0.0748082888933 0.219084298138 0.467833722547 0.597180609914 0.728536957606 0.817802108016
 -6.64432318169 -4.75142871746 -2.77542173651 -1.01193556854 -0.196482567556 0.122549781488 0.285737831561 0.422329147537 0.524209068931 0.643820214070 0.771548945244
 -6.75361786721 -4.93715783697 -3.15776795179 -1.55045851030 -0.536850160465 0.129052947072 0.468734035299 0.582788730811 0.593335700273 0.629363414060 0.662286986762
 -6.86519561695 -5.25841760484 -3.68632269397 -2.05624659436 -0.829118655085 0.206054032904 0.695659010934 0.698559781615 0.603356516928 0.526562865154 0.493640645973
# log_sel_spl_fsh[1]:
 0.00000000000 0.00000000000 0.00000000000 0.00000000000
 0.00000000000 0.00000000000 0.00000000000 0.00000000000
 0.00000000000 0.00000000000 0.00000000000 0.00000000000
 0.00000000000 0.00000000000 0.00000000000 0.00000000000
 0.00000000000 0.00000000000 0.00000000000 0.00000000000
 0.00000000000 0.00000000000 0.00000000000 0.00000000000
# log_sel_spl_fsh[2]:
 0.00000000000 0.00000000000 0.00000000000 0.00000000000
 0.00000000000 0.00000000000 0.00000000000 0.00000000000
 0.00000000000 0.00000000000 0.00000000000 0.00000000000
 0.00000000000 0.00000000000 0.00000000000 0.00000000000
 0.00000000000 0.00000000000 0.00000000000 0.00000000000
 0.00000000000 0.00000000000 0.00000000000 0.00000000000
 0.00000000000 0.00000000000 0.00000000000 0.00000000000
 0.00000000000 0.00000000000 0.00000000000 0.00000000000
 0.00000000000 0.00000000000 0.00000000000 0.00000000000
 0.00000000000 0.00000000000 0.00000000000 0.00000000000
 0.00000000000 0.00000000000 0.00000000000 0.00000000000
 0.00000000000 0.00000000000 0.00000000000 0.00000000000
 0.00000000000 0.00000000000 0.00000000000 0.00000000000
 0.00000000000 0.00000000000 0.00000000000 0.00000000000
 0.00000000000 0.00000000000 0.00000000000 0.00000000000
 0.00000000000 0.00000000000 0.00000000000 0.00000000000
 0.00000000000 0.00000000000 0.00000000000 0.00000000000
 0.00000000000 0.00000000000 0.00000000000 0.00000000000
 0.00000000000 0.00000000000 0.00000000000 0.00000000000
 0.00000000000 0.00000000000 0.00000000000 0.00000000000
 0.00000000000 0.00000000000 0.00000000000 0.00000000000
 0.00000000000 0.00000000000 0.00000000000 0.00000000000
 0.00000000000 0.00000000000 0.00000000000 0.00000000000
 0.00000000000 0.00000000000 0.00000000000 0.00000000000
 0.00000000000 0.00000000000 0.00000000000 0.00000000000
 0.00000000000 0.00000000000 0.00000000000 0.00000000000
 0.00000000000 0.00000000000 0.00000000000 0.00000000000
 0.00000000000 0.00000000000 0.00000000000 0.00000000000
 0.00000000000 0.00000000000 0.00000000000 0.00000000000
 0.00000000000 0.00000000000 0.00000000000 0.00000000000
 0.00000000000 0.00000000000 0.00000000000 0.00000000000
 0.00000000000 0.00000000000 0.00000000000 0.00000000000
 0.00000000000 0.00000000000 0.00000000000 0.00000000000
 0.00000000000 0.00000000000 0.00000000000 0.00000000000
# log_sel_spl_fsh[3]:
 0.00000000000 0.00000000000 0.00000000000 0.00000000000
 0.00000000000 0.00000000000 0.00000000000 0.00000000000
 0.00000000000 0.00000000000 0.00000000000 0.00000000000
 0.00000000000 0.00000000000 0.00000000000 0.00000000000
 0.00000000000 0.00000000000 0.00000000000 0.00000000000
 0.00000000000 0.00000000000 0.00000000000 0.00000000000
 0.00000000000 0.00000000000 0.00000000000 0.00000000000
 0.00000000000 0.00000000000 0.00000000000 0.00000000000
 0.00000000000 0.00000000000 0.00000000000 0.00000000000
 0.00000000000 0.00000000000 0.00000000000 0.00000000000
 0.00000000000 0.00000000000 0.00000000000 0.00000000000
 0.00000000000 0.00000000000 0.00000000000 0.00000000000
 0.00000000000 0.00000000000 0.00000000000 0.00000000000
 0.00000000000 0.00000000000 0.00000000000 0.00000000000
 0.00000000000 0.00000000000 0.00000000000 0.00000000000
 0.00000000000 0.00000000000 0.00000000000 0.00000000000
 0.00000000000 0.00000000000 0.00000000000 0.00000000000
 0.00000000000 0.00000000000 0.00000000000 0.00000000000
 0.00000000000 0.00000000000 0.00000000000 0.00000000000
# logsel_slope_fsh[1]:
 0.00000000000 0.00000000000 0.00000000000 0.00000000000 0.00000000000 0.00000000000
# logsel_slope_fsh[2]:
 0.00000000000 0.00000000000 0.00000000000 0.00000000000 0.00000000000 0.00000000000 0.00000000000 0.00000000000 0.00000000000 0.00000000000 0.00000000000 0.00000000000 0.00000000000 0.00000000000 0.00000000000 0.00000000000 0.00000000000 0.00000000000 0.00000000000 0.00000000000 0.00000000000 0.00000000000 0.00000000000 0.00000000000 0.00000000000 0.00000000000 0.00000000000 0.00000000000 0.00000000000 0.00000000000 0.00000000000 0.00000000000 0.00000000000 0.00000000000
# logsel_slope_fsh[3]:
 0.00000000000 0.00000000000 0.00000000000 0.00000000000 0.00000000000 0.00000000000 0.00000000000 0.00000000000 0.00000000000 0.00000000000 0.00000000000 0.00000000000 0.00000000000 0.00000000000 0.00000000000 0.00000000000 0.00000000000 0.00000000000 0.00000000000
# sel50_fsh[1]:
 0.00000000000 0.00000000000 0.00000000000 0.00000000000 0.00000000000 0.00000000000
# sel50_fsh[2]:
 0.00000000000 0.00000000000 0.00000000000 0.00000000000 0.00000000000 0.00000000000 0.00000000000 0.00000000000 0.00000000000 0.00000000000 0.00000000000 0.00000000000 0.00000000000 0.00000000000 0.00000000000 0.00000000000 0.00000000000 0.00000000000 0.00000000000 0.00000000000 0.00000000000 0.00000000000 0.00000000000 0.00000000000 0.00000000000 0.00000000000 0.00000000000 0.00000000000 0.00000000000 0.00000000000 0.00000000000 0.00000000000 0.00000000000 0.00000000000
# sel50_fsh[3]:
 0.00000000000 0.00000000000 0.00000000000 0.00000000000 0.00000000000 0.00000000000 0.00000000000 0.00000000000 0.00000000000 0.00000000000 0.00000000000 0.00000000000 0.00000000000 0.00000000000 0.00000000000 0.00000000000 0.00000000000 0.00000000000 0.00000000000
# logsel_p1_fsh[1]:
 0.00000000000 0.00000000000 0.00000000000 0.00000000000 0.00000000000 0.00000000000
# logsel_p1_fsh[2]:
 0.00000000000 0.00000000000 0.00000000000 0.00000000000 0.00000000000 0.00000000000 0.00000000000 0.00000000000 0.00000000000 0.00000000000 0.00000000000 0.00000000000 0.00000000000 0.00000000000 0.00000000000 0.00000000000 0.00000000000 0.00000000000 0.00000000000 0.00000000000 0.00000000000 0.00000000000 0.00000000000 0.00000000000 0.00000000000 0.00000000000 0.00000000000 0.00000000000 0.00000000000 0.00000000000 0.00000000000 0.00000000000 0.00000000000 0.00000000000
# logsel_p1_fsh[3]:
 0.00000000000 0.00000000000 0.00000000000 0.00000000000 0.00000000000 0.00000000000 0.00000000000 0.00000000000 0.00000000000 0.00000000000 0.00000000000 0.00000000000 0.00000000000 0.00000000000 0.00000000000 0.00000000000 0.00000000000 0.00000000000 0.00000000000
# logsel_p2_fsh[1]:
 0.00000000000 0.00000000000 0.00000000000 0.00000000000 0.00000000000 0.00000000000
# logsel_p2_fsh[2]:
 0.00000000000 0.00000000000 0.00000000000 0.00000000000 0.00000000000 0.00000000000 0.00000000000 0.00000000000 0.00000000000 0.00000000000 0.00000000000 0.00000000000 0.00000000000 0.00000000000 0.00000000000 0.00000000000 0.00000000000 0.00000000000 0.00000000000 0.00000000000 0.00000000000 0.00000000000 0.00000000000 0.00000000000 0.00000000000 0.00000000000 0.00000000000 0.00000000000 0.00000000000 0.00000000000 0.00000000000 0.00000000000 0.00000000000 0.00000000000
# logsel_p2_fsh[3]:
 0.00000000000 0.00000000000 0.00000000000 0.00000000000 0.00000000000 0.00000000000 0.00000000000 0.00000000000 0.00000000000 0.00000000000 0.00000000000 0.00000000000 0.00000000000 0.00000000000 0.00000000000 0.00000000000 0.00000000000 0.00000000000 0.00000000000
# logsel_p3_fsh[1]:
 0.00000000000 0.00000000000 0.00000000000 0.00000000000 0.00000000000 0.00000000000
# logsel_p3_fsh[2]:
 0.00000000000 0.00000000000 0.00000000000 0.00000000000 0.00000000000 0.00000000000 0.00000000000 0.00000000000 0.00000000000 0.00000000000 0.00000000000 0.00000000000 0.00000000000 0.00000000000 0.00000000000 0.00000000000 0.00000000000 0.00000000000 0.00000000000 0.00000000000 0.00000000000 0.00000000000 0.00000000000 0.00000000000 0.00000000000 0.00000000000 0.00000000000 0.00000000000 0.00000000000 0.00000000000 0.00000000000 0.00000000000 0.00000000000 0.00000000000
# logsel_p3_fsh[3]:
 0.00000000000 0.00000000000 0.00000000000 0.00000000000 0.00000000000 0.00000000000 0.00000000000 0.00000000000 0.00000000000 0.00000000000 0.00000000000 0.00000000000 0.00000000000 0.00000000000 0.00000000000 0.00000000000 0.00000000000 0.00000000000 0.00000000000
# rec_dev_future:
 0.00000000000 0.00000000000 0.00000000000 0.00000000000 0.00000000000 0.00000000000 0.00000000000 0.00000000000 0.00000000000 0.00000000000 0.00000000000 0.00000000000 0.00000000000 0.00000000000 0.00000000000 0.00000000000 0.00000000000 0.00000000000 0.00000000000 0.00000000000
# log_q_ind[1]:
-0.182586115432
# log_q_ind[2]:
-5.88835990699
# log_q_power_ind[1]:
0.00000000000
# log_q_power_ind[2]:
0.00000000000
# log_selcoffs_ind[1]:
 -7.61476723679 -5.72415011177 -4.26840147322 -2.84341288804 -1.64910189286 -0.965953404146 -0.0792762534069 0.635595982405 0.980828409444 1.35391866590
 -7.60862598897 -5.62334117398 -4.11882072513 -2.71521474890 -1.34739580583 -0.716391574279 0.0722538272610 0.390978741613 0.967672946534 1.38124175558
 -7.59829684214 -5.51037806174 -3.94575616588 -2.45042769210 -1.40719543248 -0.533174555800 -0.0474648619019 0.485320001526 0.925134896212 1.37567445988
 -7.58292487688 -5.42665682610 -3.92985647247 -2.74527715140 -1.84600212401 -0.920450288797 -0.218067627668 0.392799453804 1.08625250705 1.41261205460
 -7.56130736770 -5.23190061458 -3.63380776012 -2.71320289044 -1.91109207544 -1.35047377937 -0.624342338019 0.415571043962 0.876790236829 1.61747308905
 -7.52864232441 -5.06942943804 -3.59532507083 -2.83433246194 -2.03966784140 -1.32737612330 -0.827681964976 0.107638041590 0.909690718787 1.70064202692
 -7.46221850713 -4.69693783217 -3.18324117795 -2.44112780890 -1.45542739920 -0.815582013319 -0.565670055790 0.170713770919 0.773980555191 1.66081428369
 -7.37618818696 -3.98573966119 -1.69850765449 -1.61772286626 -1.42422275881 -1.09566470385 -0.827507621419 -0.0424401613160 0.767365838742 1.70015691555
 -7.28219642416 -3.82860008896 -1.71562214592 -1.34261533049 -1.19814041621 -0.950612028316 -0.735017875965 0.203023668545 0.722484734929 1.62612920618
 -7.19753328856 -3.75779854774 -1.47249913877 -0.828187801907 -0.910624089913 -0.906954186138 -0.736048565215 0.0339195237265 0.610624783950 1.63872747971
 -7.11348649640 -3.52147402654 -1.14577990989 -0.754244005220 -0.871719538660 -1.04849914027 -0.819565677880 0.0186962852695 0.552293733934 1.65170488378
 -7.02589036491 -3.26913367367 -1.24544796251 -0.965332513527 -1.12991779204 -0.898934944704 -0.603232610564 0.120071048758 0.495789665165 1.65745237388
 -6.93554016971 -2.87681052333 -0.954701171819 -0.699905761870 -1.06659012380 -0.881979019482 -0.694381215822 -0.213092719313 0.330729873028 1.72340257440
 -6.84365001978 -2.71095266290 -0.713778968460 -0.757834642155 -0.576522832784 -0.228543770715 -0.00769803691319 0.122570989551 0.372190174625 1.39694009489
 -6.75109085270 -2.67111572598 -0.716134093733 -0.222351900705 -0.353052319960 -0.0190123563802 0.282611986852 0.165801841699 0.296018500706 1.13309482587
 -6.65409244370 -2.31610082689 -0.890861954470 -0.281939663817 0.0210363105660 -0.0272649119632 0.459819921203 0.150581889408 0.193733757333 1.02280972709
 -6.64721894813 -1.51205978182 -0.757027495620 -0.301774580113 -0.222709124100 -0.111127967864 0.319578001213 0.129088399078 0.356200524052 1.07578041152
 -6.62674233140 -2.39159406901 -0.473209527298 -0.0464740859729 -0.405517222886 -0.290570415102 0.137295436034 0.103860449181 0.498790467477 1.10253564834
 -6.58399489749 -2.52740975271 -0.482153628847 -0.202633196951 -0.952220080402 -0.822439622688 -0.291500843616 0.0284816274503 0.906098864481 1.22635975256
 -6.52876863123 -2.86186309891 -0.568187653619 -0.645161492905 -1.22964081829 -1.23024166920 -0.587977386786 -0.0509029962475 1.13539849303 1.29401306498
 -6.45566937748 -2.95406817522 -0.851348662491 -1.08950986531 -1.28195279897 -1.56537511533 -0.801761563644 -0.124054530717 1.26953368017 1.33645116462
# log_selcoffs_ind[2]:
 0.00000000000 0.00000000000 0.00000000000 0.00000000000 0.00000000000 0.00000000000 0.00000000000 0.00000000000 0.00000000000 0.00000000000
# logsel_slope_ind[1]:
 0.00000000000 0.00000000000 0.00000000000 0.00000000000 0.00000000000 0.00000000000 0.00000000000 0.00000000000 0.00000000000 0.00000000000 0.00000000000 0.00000000000 0.00000000000 0.00000000000 0.00000000000 0.00000000000 0.00000000000 0.00000000000 0.00000000000 0.00000000000 0.00000000000
# logsel_slope_ind[2]:
 0.00000000000
# sel50_ind[1]:
 0.00000000000 0.00000000000 0.00000000000 0.00000000000 0.00000000000 0.00000000000 0.00000000000 0.00000000000 0.00000000000 0.00000000000 0.00000000000 0.00000000000 0.00000000000 0.00000000000 0.00000000000 0.00000000000 0.00000000000 0.00000000000 0.00000000000 0.00000000000 0.00000000000
# sel50_ind[2]:
 0.00000000000
# logsel_p1_ind[1]:
 0.00000000000 0.00000000000 0.00000000000 0.00000000000 0.00000000000 0.00000000000 0.00000000000 0.00000000000 0.00000000000 0.00000000000 0.00000000000 0.00000000000 0.00000000000 0.00000000000 0.00000000000 0.00000000000 0.00000000000 0.00000000000 0.00000000000 0.00000000000 0.00000000000
# logsel_p1_ind[2]:
 0.00000000000
# sel_p2_ind[1]:
 0.00000000000 0.00000000000 0.00000000000 0.00000000000 0.00000000000 0.00000000000 0.00000000000 0.00000000000 0.00000000000 0.00000000000 0.00000000000 0.00000000000 0.00000000000 0.00000000000 0.00000000000 0.00000000000 0.00000000000 0.00000000000 0.00000000000 0.00000000000 0.00000000000
# sel_p2_ind[2]:
 0.00000000000
# logsel_p3_ind[1]:
 0.00000000000 0.00000000000 0.00000000000 0.00000000000 0.00000000000 0.00000000000 0.00000000000 0.00000000000 0.00000000000 0.00000000000 0.00000000000 0.00000000000 0.00000000000 0.00000000000 0.00000000000 0.00000000000 0.00000000000 0.00000000000 0.00000000000 0.00000000000 0.00000000000
# logsel_p3_ind[2]:
 0.00000000000
