# Number of parameters = 795 Objective function value = 334.829432618122  Maximum gradient component = 7.99034172372585e-05
# Mest[1]:
0.350000000000
# log_Linf[1]:
4.38701417618
# log_k[1]:
-1.83258146375
# log_Lo[1]:
2.75684036527
# log_sdage[1]:
-2.40794560865
# mean_log_rec[1]:
6.81080335498
# steepness[1]:
0.649631545007
# log_Rzero[1]:
6.51818855253
# rec_dev:
 -0.170545493341 -0.220631634230 -0.276195039194 -0.347168727060 -0.415616287128 -0.497623109733 -0.574487364628 -0.644168916842 -0.668614667882 -0.386531297671 0.0276213630145 0.551236262915 0.618789411340 0.792713602877 1.23143166942 1.03890403594 0.885168898335 0.781742113538 0.888655880344 0.918756075784 0.895544426496 0.943117587071 1.39426257973 1.03539818432 1.63896976260 0.677619265650 0.582550268069 0.649629554605 -0.0134143158807 -0.244118599721 -0.0588903926562 -0.380351140618 -0.0255597646686 0.140415878243 -0.0119700662797 -0.168838110753 -0.311355668342 -0.182018003558 -0.606014028535 -0.678984000060 -1.04129073680 -1.49818740332 -1.64763349271 -1.26469160005 -0.191053848527 -0.477802200066 0.352471595313 -0.124487011487 -0.0904420535902 -0.0163730970297 -4.35015579114e-09
# log_sigmar[1]:
-0.223143551314
# fmort:
 -13.6258749781 -13.7954131435 -2.32313635745 -1.86131461157 -1.72162737761 -2.32126791188 -1.98770728381 -1.69038208496 -2.71869753138 -2.86083001385 -1.95724190118 -1.31112950771 -3.28988037334 -1.64270827573 -1.48053141657 -2.65797009588 -2.19467238574 -2.29123190711 -5.06664090543 -5.28744924897 -4.73094186736 -9.34826010360 -10.6497033956 -13.3899739612 -7.86209353989 -6.72741251103 -6.64471810191 -6.46080730394 -12.7322712369 -12.5220034434 -12.2494761989 -12.0956661842 -12.3801967181 -12.8436532071 -13.1324409523 -13.4266885675 -13.4760767895 -13.4832620618
 -2.27910184246 -1.41456921181 -2.10632096319 -2.22754859555 -2.29296001118 -2.10742627451 -2.60594178331 -2.43219263312 -2.73195036128 -2.76243889771 -2.71923016575 -2.60487910319 -2.62076408012 -2.94789994907 -2.52258475132 -2.74392383271 -2.59671774118 -2.39466833200 -1.93392845767 -1.39367432254 -1.13479503263 -1.01739526356 -1.24898814966 -1.25136023040 -1.12729458117 -1.02614236080 -1.25683106498 -1.13539465212 -1.30330740723 -1.62747011177 -1.50101405253 -1.37955733057 -1.79651833807 -1.76828726307 -1.60693876093 -2.02687394111 -2.40134984395 -2.67831835741
 -13.1369767818 -12.8992682628 -12.6946906228 -12.8013662984 -12.8235319921 -12.6158902631 -12.8260877362 -12.8420423427 -12.8397835407 -12.9838816074 -13.0622369589 -13.0111029943 -12.7475095132 -12.9542072639 -12.8823248644 -12.8112826844 -2.92569276580 -2.40292153542 -1.36323051603 -2.34033063502 -1.74225785927 -2.35218273992 -2.09311448072 -2.17057521378 -2.58436316315 -2.03983237742 -1.36845976095 -1.36365825268 -1.80657653663 -2.48289790061 -2.73542012564 -3.00895960615 -2.83409732719 -2.69376549961 -3.72791117470 -3.95875475484 -4.18080222305 -4.62818677714
# log_selcoffs_fsh[1]:
 -1.40187323351 -0.0679637286492 0.370014304857 0.250313145271 0.0972735744203 -0.0148848282663
 -1.63982822963 0.191018799141 0.482970708703 0.165722568997 -0.0580776835525 -0.161578510055
 -1.95789537204 -0.418135425312 0.791775960038 0.254669795780 -0.0299072151960 -0.311035890537
 -2.03950142693 -0.396552901465 0.540919930041 0.574193153093 -0.0213183791040 -0.321471800771
 -1.98853772990 0.00116020910124 0.758016743365 0.269287108132 -0.252824873473 -0.442747717102
 -2.01693611184 -0.279357309043 0.756531570399 0.463142438743 -0.263100256361 -0.474701579917
# log_selcoffs_fsh[2]:
 -5.44776245778 -4.19496773607 -2.97791980264 -1.85305182880 -0.879500685005 -0.114963743944 0.407394511926 0.717295145384 0.871810781381 0.925670598884
 -5.56814360622 -4.27120260164 -2.99622894438 -1.83614255832 -0.778333065768 0.0798085955553 0.470686261759 0.677303754899 0.814234456053 0.876908638898
 -5.63517877478 -4.30777234553 -3.01114220556 -1.75588108432 -0.747386860311 0.126111994177 0.476073504967 0.657589994021 0.798739256843 0.871440221973
 -5.66907066760 -4.27443398717 -2.96758665408 -1.73544856284 -0.741611393772 0.0321887299143 0.427197153345 0.679636233415 0.831803815881 0.892919164264
 -5.68552607408 -4.26199256421 -2.94285747524 -1.73931774282 -0.701655041077 0.0406846076677 0.383619166685 0.647779075116 0.840035775425 0.924870129544
 -5.70500502779 -4.24735060554 -2.90469543106 -1.71119808347 -0.700065934104 -0.0579289991336 0.341652642283 0.656139273388 0.874409706914 0.945700565513
 -5.70721989673 -4.19482301320 -2.77809356954 -1.66993492384 -0.809824812295 -0.209595777630 0.274465670609 0.651542901974 0.940347310121 0.985870439091
 -5.71883738426 -4.24941588123 -2.82811417947 -1.70077974588 -0.843600637810 -0.265331320146 0.263184897376 0.688119728920 0.932660077120 0.997454053739
 -5.70478247427 -4.29508067174 -2.98009144153 -1.76357556921 -0.860304695100 -0.280003528289 0.285800079640 0.710564402448 0.933137891102 0.983411178396
 -5.66928096754 -4.29341415758 -3.02108136079 -1.78377385766 -0.867716087322 -0.242280901340 0.349951327700 0.712647307633 0.889102639352 0.982103898328
 -5.60139282153 -4.30073036545 -3.02443857110 -1.75572240288 -0.868391464404 -0.236057040807 0.254002637234 0.640849631193 0.918604674910 1.05045787097
 -5.55260686036 -4.25997917896 -3.04442392527 -1.78707827092 -0.651895309887 -0.114355174060 0.252768582628 0.586758427301 0.888036481878 1.04304350729
 -5.49233310238 -4.12925019917 -2.88680312949 -1.75423099842 -0.802121639269 -0.0837453493591 0.264326880510 0.609525278018 0.877651782350 1.04225128256
 -5.41034279358 -3.90597472768 -2.62740213590 -1.61817959058 -0.740019080585 -0.184888785498 0.226494991157 0.585086937814 0.883273398145 1.07446780725
 -5.37354554343 -3.89485252665 -2.56908375339 -1.54119791930 -0.715956613654 -0.166502503611 0.200378377556 0.573076576016 0.894566415728 1.06715093422
 -5.37138183118 -3.90576444126 -2.56556300093 -1.50017076055 -0.726591266156 -0.197381958335 0.241680036132 0.603791572036 0.914938079889 1.01948945479
 -5.37583838820 -3.89389077139 -2.49883134703 -1.40988277488 -0.683456334614 -0.227220900279 0.232776924921 0.675057283323 0.914572813284 0.965113672728
 -5.33946806971 -3.80580806593 -2.37994160363 -1.36020007025 -0.713220474093 -0.254987200219 0.209128315903 0.619790971892 0.946252676346 0.990144739883
 -5.32819620945 -3.74335029684 -2.31658852495 -1.22336718978 -0.531848685644 -0.119080296740 0.252922291762 0.623861554438 0.862812427209 0.947654215780
 -5.37031288134 -3.70092910971 -2.18798998338 -1.08979177655 -0.317109422730 0.0877880638527 0.325174839843 0.649116079365 0.807403486953 0.771038644744
 -5.35688643886 -3.59695658565 -1.99571555478 -0.901384293651 -0.216472159757 0.167068218227 0.393628014691 0.592001358897 0.758696391678 0.699786076964
 -5.33957967322 -3.51327261035 -1.79042301831 -0.677528857428 -0.101048446989 0.204829435535 0.427407579308 0.573607112762 0.672491141044 0.637841594127
 -5.31787409741 -3.46697260677 -1.71665175827 -0.545015534534 0.00767683784118 0.251735653565 0.437507181365 0.554276966531 0.605004668451 0.582014177091
 -5.25239819179 -3.41840007305 -1.77670249201 -0.700565950425 -0.111751900860 0.191447221086 0.425879406152 0.582003613912 0.692257374637 0.627250830472
 -5.18788094298 -3.32103349924 -1.62670210336 -0.548535910850 -0.0704139879181 0.178849004111 0.347324843862 0.524200033358 0.659098442982 0.702428191592
 -5.15728903375 -3.23591221663 -1.56583471538 -0.435353374678 -0.0128129880268 0.191944282993 0.305661925363 0.468201176095 0.615067854019 0.739874803834
 -5.16608880312 -3.17770057316 -1.46158143830 -0.396048027225 0.106437365662 0.246143764570 0.297123959183 0.382170318748 0.540892786671 0.754897321402
 -5.36699032698 -3.33517492038 -1.48151173896 -0.120431979331 0.462431530057 0.561933168586 0.375138045115 0.231122919542 0.251521595212 0.407273281971
 -5.48261553358 -3.40893207512 -1.51004044430 -0.134656629451 0.541862131919 0.559994272961 0.451255326406 0.239890785469 0.175019826416 0.311387320994
 -5.56174515132 -3.45476570506 -1.64296028670 -0.335837196521 0.368753223606 0.596984351329 0.457352074199 0.363180813241 0.279965532849 0.373622941115
 -5.56407244931 -3.47078964475 -1.84103344462 -0.710065372145 0.0785151102961 0.395009151718 0.446672096636 0.458979043495 0.515021934539 0.657259379647
 -5.54498178405 -3.68198454068 -1.99984022886 -0.927593164101 -0.291020848727 0.0872127505562 0.246541283129 0.433058703491 0.703329628931 1.01501401191
 -5.51597613252 -3.84567533334 -2.25118389463 -1.06086364875 -0.523193070311 -0.171013660509 0.0698234690461 0.339513884485 0.768331029730 1.23981991265
 -5.54036920967 -3.93851640424 -2.39498930936 -1.15683165826 -0.635180611803 -0.189441066136 0.0206804992161 0.315058369687 0.784041303672 1.28982220650
# log_selcoffs_fsh[3]:
 -5.51003541273 -4.42712727202 -3.38741452392 -2.43047882129 -1.57634573753 -0.832709273996 -0.220563197569 0.258518592504 0.704897714591 1.01847261298 1.20325363319
 -5.55706853524 -4.44955721629 -3.39526358963 -2.42505828908 -1.51978273043 -0.713403504941 -0.0884678588116 0.353450788413 0.672752801607 0.995286572866 1.14717665183
 -5.57488453965 -4.28582346661 -3.10808745677 -1.97777644869 -0.962918768475 -0.378012219624 0.0439165508399 0.333201306494 0.608287668305 0.907468995191 1.09082710066
 -5.55589148635 -3.87112877252 -2.42985624371 -1.50592173258 -0.874947115570 -0.365699532387 0.0339571409237 0.348944347348 0.623115380091 0.870081865911 1.04763404415
 -5.51297133003 -3.54329383509 -1.83624805931 -0.992265237530 -0.638603388947 -0.389213632983 -0.100442861460 0.202658862465 0.564145965207 0.881630449022 1.07480023466
 -5.53270863733 -3.58899033100 -1.68227422348 -0.669505369000 -0.421854056227 -0.397300108023 -0.159927070793 0.181172548715 0.553616833640 0.844725638909 1.03845306574
 -5.52638480922 -3.74102072546 -1.98549991626 -0.560708367690 -0.0992178831541 -0.0584074926911 -0.0343697867289 0.184135447488 0.463484896222 0.733345923283 0.945977794219
 -5.47332507744 -3.77222562050 -2.13294087602 -0.756770032516 0.0626993661102 0.214034846656 0.148468867723 0.163335525320 0.357417848308 0.645312441074 0.878820423477
 -5.35390461609 -3.61120484561 -2.00869820991 -0.791492074494 -0.0735964558727 0.206269662240 0.201265680546 0.204980085108 0.344820419779 0.641124589238 0.900968819025
 -5.21122662336 -3.24922149245 -1.44107581955 -0.616728836997 -0.251908952010 -0.164944825515 -0.0883197693082 0.116425328410 0.437212911330 0.780149529254 1.02424025043
 -5.10620926534 -2.95560741895 -1.36164444277 -0.616544412789 -0.486097643704 -0.437900527860 -0.249700847940 0.0963858824859 0.508234192190 0.864321285484 1.08838384168
 -5.27063862081 -3.31465885474 -1.65772865806 -1.00288901793 -0.602763863154 -0.426880707437 -0.198658502843 0.229580583932 0.619254889193 0.898589708067 1.03307886671
 -5.55041199197 -3.84496491643 -2.32193329952 -1.08385277375 -0.534685783899 -0.288285576484 -0.00346342520629 0.322840554523 0.623266412969 0.854821614549 0.959120259142
 -5.88283624213 -4.18180753199 -2.58886208882 -1.21534522157 -0.432129796104 -0.214437031748 0.0320236739354 0.420186874816 0.636611935365 0.803162866397 0.906912134926
 -6.24606308010 -4.42765670697 -2.68127430236 -1.31839317661 -0.523152281972 -0.183980018182 0.189044415694 0.456089663778 0.673528158332 0.793193996981 0.818854689424
 -6.57093710166 -4.66502627286 -2.69764711493 -1.06523638156 -0.382017684594 -0.0518625665183 0.252430013183 0.497635695978 0.609966386593 0.708249609360 0.761948766849
 -6.80516633366 -4.87880642563 -2.85371618243 -1.00123708992 -0.135188249012 0.167344965568 0.311210376448 0.441887721857 0.525493943450 0.616216266635 0.716179333187
 -6.91839708178 -5.08742914740 -3.27227427909 -1.60507061896 -0.498196904457 0.203468465943 0.517753346287 0.596083335618 0.583076901788 0.591474363963 0.603948659070
 -7.01639450158 -5.41429942711 -3.83356781079 -2.15329825278 -0.864569572812 0.236827032407 0.772528912706 0.732638160641 0.581668536694 0.473275318071 0.424222330326
# log_sel_spl_fsh[1]:
 0.00000000000 0.00000000000 0.00000000000 0.00000000000
 0.00000000000 0.00000000000 0.00000000000 0.00000000000
 0.00000000000 0.00000000000 0.00000000000 0.00000000000
 0.00000000000 0.00000000000 0.00000000000 0.00000000000
 0.00000000000 0.00000000000 0.00000000000 0.00000000000
 0.00000000000 0.00000000000 0.00000000000 0.00000000000
# log_sel_spl_fsh[2]:
 0.00000000000 0.00000000000 0.00000000000 0.00000000000
 0.00000000000 0.00000000000 0.00000000000 0.00000000000
 0.00000000000 0.00000000000 0.00000000000 0.00000000000
 0.00000000000 0.00000000000 0.00000000000 0.00000000000
 0.00000000000 0.00000000000 0.00000000000 0.00000000000
 0.00000000000 0.00000000000 0.00000000000 0.00000000000
 0.00000000000 0.00000000000 0.00000000000 0.00000000000
 0.00000000000 0.00000000000 0.00000000000 0.00000000000
 0.00000000000 0.00000000000 0.00000000000 0.00000000000
 0.00000000000 0.00000000000 0.00000000000 0.00000000000
 0.00000000000 0.00000000000 0.00000000000 0.00000000000
 0.00000000000 0.00000000000 0.00000000000 0.00000000000
 0.00000000000 0.00000000000 0.00000000000 0.00000000000
 0.00000000000 0.00000000000 0.00000000000 0.00000000000
 0.00000000000 0.00000000000 0.00000000000 0.00000000000
 0.00000000000 0.00000000000 0.00000000000 0.00000000000
 0.00000000000 0.00000000000 0.00000000000 0.00000000000
 0.00000000000 0.00000000000 0.00000000000 0.00000000000
 0.00000000000 0.00000000000 0.00000000000 0.00000000000
 0.00000000000 0.00000000000 0.00000000000 0.00000000000
 0.00000000000 0.00000000000 0.00000000000 0.00000000000
 0.00000000000 0.00000000000 0.00000000000 0.00000000000
 0.00000000000 0.00000000000 0.00000000000 0.00000000000
 0.00000000000 0.00000000000 0.00000000000 0.00000000000
 0.00000000000 0.00000000000 0.00000000000 0.00000000000
 0.00000000000 0.00000000000 0.00000000000 0.00000000000
 0.00000000000 0.00000000000 0.00000000000 0.00000000000
 0.00000000000 0.00000000000 0.00000000000 0.00000000000
 0.00000000000 0.00000000000 0.00000000000 0.00000000000
 0.00000000000 0.00000000000 0.00000000000 0.00000000000
 0.00000000000 0.00000000000 0.00000000000 0.00000000000
 0.00000000000 0.00000000000 0.00000000000 0.00000000000
 0.00000000000 0.00000000000 0.00000000000 0.00000000000
 0.00000000000 0.00000000000 0.00000000000 0.00000000000
# log_sel_spl_fsh[3]:
 0.00000000000 0.00000000000 0.00000000000 0.00000000000
 0.00000000000 0.00000000000 0.00000000000 0.00000000000
 0.00000000000 0.00000000000 0.00000000000 0.00000000000
 0.00000000000 0.00000000000 0.00000000000 0.00000000000
 0.00000000000 0.00000000000 0.00000000000 0.00000000000
 0.00000000000 0.00000000000 0.00000000000 0.00000000000
 0.00000000000 0.00000000000 0.00000000000 0.00000000000
 0.00000000000 0.00000000000 0.00000000000 0.00000000000
 0.00000000000 0.00000000000 0.00000000000 0.00000000000
 0.00000000000 0.00000000000 0.00000000000 0.00000000000
 0.00000000000 0.00000000000 0.00000000000 0.00000000000
 0.00000000000 0.00000000000 0.00000000000 0.00000000000
 0.00000000000 0.00000000000 0.00000000000 0.00000000000
 0.00000000000 0.00000000000 0.00000000000 0.00000000000
 0.00000000000 0.00000000000 0.00000000000 0.00000000000
 0.00000000000 0.00000000000 0.00000000000 0.00000000000
 0.00000000000 0.00000000000 0.00000000000 0.00000000000
 0.00000000000 0.00000000000 0.00000000000 0.00000000000
 0.00000000000 0.00000000000 0.00000000000 0.00000000000
# logsel_slope_fsh[1]:
 0.00000000000 0.00000000000 0.00000000000 0.00000000000 0.00000000000 0.00000000000
# logsel_slope_fsh[2]:
 0.00000000000 0.00000000000 0.00000000000 0.00000000000 0.00000000000 0.00000000000 0.00000000000 0.00000000000 0.00000000000 0.00000000000 0.00000000000 0.00000000000 0.00000000000 0.00000000000 0.00000000000 0.00000000000 0.00000000000 0.00000000000 0.00000000000 0.00000000000 0.00000000000 0.00000000000 0.00000000000 0.00000000000 0.00000000000 0.00000000000 0.00000000000 0.00000000000 0.00000000000 0.00000000000 0.00000000000 0.00000000000 0.00000000000 0.00000000000
# logsel_slope_fsh[3]:
 0.00000000000 0.00000000000 0.00000000000 0.00000000000 0.00000000000 0.00000000000 0.00000000000 0.00000000000 0.00000000000 0.00000000000 0.00000000000 0.00000000000 0.00000000000 0.00000000000 0.00000000000 0.00000000000 0.00000000000 0.00000000000 0.00000000000
# sel50_fsh[1]:
 0.00000000000 0.00000000000 0.00000000000 0.00000000000 0.00000000000 0.00000000000
# sel50_fsh[2]:
 0.00000000000 0.00000000000 0.00000000000 0.00000000000 0.00000000000 0.00000000000 0.00000000000 0.00000000000 0.00000000000 0.00000000000 0.00000000000 0.00000000000 0.00000000000 0.00000000000 0.00000000000 0.00000000000 0.00000000000 0.00000000000 0.00000000000 0.00000000000 0.00000000000 0.00000000000 0.00000000000 0.00000000000 0.00000000000 0.00000000000 0.00000000000 0.00000000000 0.00000000000 0.00000000000 0.00000000000 0.00000000000 0.00000000000 0.00000000000
# sel50_fsh[3]:
 0.00000000000 0.00000000000 0.00000000000 0.00000000000 0.00000000000 0.00000000000 0.00000000000 0.00000000000 0.00000000000 0.00000000000 0.00000000000 0.00000000000 0.00000000000 0.00000000000 0.00000000000 0.00000000000 0.00000000000 0.00000000000 0.00000000000
# logsel_p1_fsh[1]:
 0.00000000000 0.00000000000 0.00000000000 0.00000000000 0.00000000000 0.00000000000
# logsel_p1_fsh[2]:
 0.00000000000 0.00000000000 0.00000000000 0.00000000000 0.00000000000 0.00000000000 0.00000000000 0.00000000000 0.00000000000 0.00000000000 0.00000000000 0.00000000000 0.00000000000 0.00000000000 0.00000000000 0.00000000000 0.00000000000 0.00000000000 0.00000000000 0.00000000000 0.00000000000 0.00000000000 0.00000000000 0.00000000000 0.00000000000 0.00000000000 0.00000000000 0.00000000000 0.00000000000 0.00000000000 0.00000000000 0.00000000000 0.00000000000 0.00000000000
# logsel_p1_fsh[3]:
 0.00000000000 0.00000000000 0.00000000000 0.00000000000 0.00000000000 0.00000000000 0.00000000000 0.00000000000 0.00000000000 0.00000000000 0.00000000000 0.00000000000 0.00000000000 0.00000000000 0.00000000000 0.00000000000 0.00000000000 0.00000000000 0.00000000000
# logsel_p2_fsh[1]:
 0.00000000000 0.00000000000 0.00000000000 0.00000000000 0.00000000000 0.00000000000
# logsel_p2_fsh[2]:
 0.00000000000 0.00000000000 0.00000000000 0.00000000000 0.00000000000 0.00000000000 0.00000000000 0.00000000000 0.00000000000 0.00000000000 0.00000000000 0.00000000000 0.00000000000 0.00000000000 0.00000000000 0.00000000000 0.00000000000 0.00000000000 0.00000000000 0.00000000000 0.00000000000 0.00000000000 0.00000000000 0.00000000000 0.00000000000 0.00000000000 0.00000000000 0.00000000000 0.00000000000 0.00000000000 0.00000000000 0.00000000000 0.00000000000 0.00000000000
# logsel_p2_fsh[3]:
 0.00000000000 0.00000000000 0.00000000000 0.00000000000 0.00000000000 0.00000000000 0.00000000000 0.00000000000 0.00000000000 0.00000000000 0.00000000000 0.00000000000 0.00000000000 0.00000000000 0.00000000000 0.00000000000 0.00000000000 0.00000000000 0.00000000000
# logsel_p3_fsh[1]:
 0.00000000000 0.00000000000 0.00000000000 0.00000000000 0.00000000000 0.00000000000
# logsel_p3_fsh[2]:
 0.00000000000 0.00000000000 0.00000000000 0.00000000000 0.00000000000 0.00000000000 0.00000000000 0.00000000000 0.00000000000 0.00000000000 0.00000000000 0.00000000000 0.00000000000 0.00000000000 0.00000000000 0.00000000000 0.00000000000 0.00000000000 0.00000000000 0.00000000000 0.00000000000 0.00000000000 0.00000000000 0.00000000000 0.00000000000 0.00000000000 0.00000000000 0.00000000000 0.00000000000 0.00000000000 0.00000000000 0.00000000000 0.00000000000 0.00000000000
# logsel_p3_fsh[3]:
 0.00000000000 0.00000000000 0.00000000000 0.00000000000 0.00000000000 0.00000000000 0.00000000000 0.00000000000 0.00000000000 0.00000000000 0.00000000000 0.00000000000 0.00000000000 0.00000000000 0.00000000000 0.00000000000 0.00000000000 0.00000000000 0.00000000000
# rec_dev_future:
 0.00000000000 0.00000000000 0.00000000000 0.00000000000 0.00000000000 0.00000000000 0.00000000000 0.00000000000 0.00000000000 0.00000000000 0.00000000000 0.00000000000 0.00000000000 0.00000000000 0.00000000000 0.00000000000 0.00000000000 0.00000000000 0.00000000000 0.00000000000
# log_q_ind[1]:
-0.400026658669
# log_q_ind[2]:
-6.10438653369
# log_q_power_ind[1]:
0.00000000000
# log_q_power_ind[2]:
0.00000000000
# log_selcoffs_ind[1]:
 -7.21361350906 -3.29817903371 -1.47678896891 -1.13948841505 -1.01435470091 -0.626066829332 -0.0663833387732 0.457116344379 0.872454425363 1.28331224008
# log_selcoffs_ind[2]:
 0.00000000000 0.00000000000 0.00000000000 0.00000000000 0.00000000000 0.00000000000 0.00000000000 0.00000000000 0.00000000000 0.00000000000
# logsel_slope_ind[1]:
 0.00000000000
# logsel_slope_ind[2]:
 0.00000000000
# sel50_ind[1]:
 0.00000000000
# sel50_ind[2]:
 0.00000000000
# logsel_p1_ind[1]:
 0.00000000000
# logsel_p1_ind[2]:
 0.00000000000
# sel_p2_ind[1]:
 0.00000000000
# sel_p2_ind[2]:
 0.00000000000
# logsel_p3_ind[1]:
 0.00000000000
# logsel_p3_ind[2]:
 0.00000000000
