# Number of parameters = 794 Objective function value = 335.279157867852  Maximum gradient component = 0.000140153649921885
# Mest[1]:
0.350000000000
# log_Linf[1]:
4.38701417618
# log_k[1]:
-1.83258146375
# log_Lo[1]:
2.75684036527
# log_sdage[1]:
-2.40794560865
# mean_log_rec[1]:
6.79681863088
# steepness[1]:
0.650479757217
# log_Rzero[1]:
6.50875560071
# rec_dev:
 -0.171856363483 -0.222085794092 -0.277543235886 -0.348435226751 -0.416653639910 -0.498481790616 -0.575628326707 -0.646568666627 -0.671907410166 -0.389557108420 0.0273588131672 0.554949835371 0.625268174533 0.799549098213 1.23641581590 1.04179863599 0.886629334199 0.779918925956 0.882228133638 0.905722557848 0.885523654350 0.937411070305 1.39473268462 1.03875370935 1.64980757824 0.687705257438 0.594020731193 0.663308221646 -0.000952336524257 -0.234245656268 -0.0493817900981 -0.372870905937 -0.0187678764797 0.147245506163 -0.00458415037465 -0.161743090304 -0.305592279079 -0.177574776776 -0.605003964763 -0.681583294074 -1.05349210160 -1.51512693268 -1.66459565035 -1.27896877395 -0.202319613072 -0.486049676285 0.346273865468 -0.128458120434 -0.0920063475566 -0.0160608528867 -6.22889473334e-09
# log_sigmar[1]:
-0.223143551314
# fmort:
 -13.6029807132 -13.7733114347 -2.30076542307 -1.83836817706 -1.69782816869 -2.29587018386 -1.95896970739 -1.65582878354 -2.68021206056 -2.82274394242 -1.92010193665 -1.27369839296 -3.25573278672 -1.61411671145 -1.45143964564 -2.63524602576 -2.17800816116 -2.27506881174 -5.04882870385 -5.27041135919 -4.71332915056 -9.32998225382 -10.6319685987 -13.3728329534 -7.84499114711 -6.70913363836 -6.62460318891 -6.43748063253 -12.7047944086 -12.4897003671 -12.2112883648 -12.0519256661 -12.3372315938 -12.8050815483 -13.0973375912 -13.3953436178 -13.4480358310 -13.4580051625
 -2.25934958329 -1.38680698045 -2.07139830422 -2.18841771637 -2.24994599115 -2.06175392099 -2.55876745658 -2.38149903993 -2.67699215298 -2.70732499195 -2.66227122663 -2.53950449454 -2.54806764889 -2.87383807811 -2.44392290438 -2.66441482687 -2.52135739950 -2.32447678091 -1.86801444804 -1.32557120431 -1.07082154300 -0.958106250641 -1.18749837864 -1.19130789485 -1.06986304558 -0.965014117024 -1.19291453281 -1.07116618834 -1.23910820395 -1.57398290717 -1.44806033700 -1.31894835798 -1.72318759963 -1.68462722831 -1.51375371723 -1.94094257890 -2.33196108904 -2.62472434586
 -13.1146626729 -12.8650028354 -12.6442543575 -12.7410846243 -12.7561956955 -12.5419151567 -12.7527226221 -12.7656787876 -12.7632816101 -12.9085718138 -12.9850368655 -12.9252773657 -12.6539740513 -12.8602577082 -12.7854586842 -12.7143436785 -2.83177053371 -2.31075816971 -1.27024976182 -2.23547233096 -1.63855109319 -2.24275405403 -1.99017070758 -2.07609747591 -2.49673509111 -1.95354992042 -1.28096124383 -1.27544058683 -1.72013088805 -2.40231704466 -2.65592788313 -2.92243737634 -2.73556982226 -2.58405923173 -3.61088606828 -3.84990338854 -4.08455890409 -4.54516238740
# log_selcoffs_fsh[1]:
 -1.42328216038 -0.0850921209600 0.360633452030 0.252870139470 0.111807681394 0.000398790314255
 -1.65800303757 0.175332714846 0.475430165784 0.168747928403 -0.0438433986582 -0.141325473340
 -1.97381041055 -0.431148057749 0.783487052994 0.255315180135 -0.0174606383920 -0.289471610375
 -2.05311898129 -0.408158349163 0.532162362293 0.573540078374 -0.0118591252246 -0.299169758832
 -2.00114240400 -0.00779083209258 0.753139222994 0.270010238496 -0.243141043892 -0.423448604641
 -2.03035619293 -0.286924675320 0.753502609594 0.464142144082 -0.257595452676 -0.461784707902
# log_selcoffs_fsh[2]:
 -5.47987304414 -4.22503970865 -3.00584770492 -1.87836969870 -0.901139887001 -0.131304064668 0.398093711781 0.716147953668 0.878407945652 0.937358930616
 -5.59867904351 -4.29926260163 -3.02208935549 -1.85991010775 -0.799074754555 0.0635441098076 0.460638108071 0.675457034886 0.821626065858 0.891494064956
 -5.66514030532 -4.33497123340 -3.03608668745 -1.77889537414 -0.767774371752 0.109806737243 0.465538699484 0.655014406326 0.806132482155 0.887564353057
 -5.69935678773 -4.30152700100 -2.99227156343 -1.75830438738 -0.762078655927 0.0153871412881 0.416010417115 0.676288863254 0.838603332401 0.909383240108
 -5.71661607329 -4.28914879688 -2.96708781976 -1.76168173825 -0.721888283725 0.0237755606577 0.371667351461 0.643624496131 0.846671871508 0.941762981764
 -5.73780545720 -4.27531092796 -2.92880919887 -1.73290373500 -0.719816039076 -0.0747576850808 0.329324542159 0.650805039792 0.880317587809 0.962812173922
 -5.74257919894 -4.22490037676 -2.80304298836 -1.69138005140 -0.828964162340 -0.226311479388 0.261587940722 0.645317058344 0.944834386168 1.00259158184
 -5.75711997201 -4.28264822490 -2.85562689280 -1.72267544665 -0.861974344656 -0.281205743248 0.250565352146 0.681616763957 0.936666014177 1.01394074925
 -5.74628468747 -4.33245646052 -3.01201556545 -1.78860917068 -0.878868043124 -0.294933457992 0.274091729928 0.704379563378 0.937061056317 0.999548812941
 -5.71378125707 -4.33530558756 -3.05860655639 -1.81415723448 -0.889606472358 -0.256977464759 0.339592731006 0.707600717252 0.893299356219 0.997981627278
 -5.64827468531 -4.34727261599 -3.06798234165 -1.79308107376 -0.896454534311 -0.254227005434 0.243976040094 0.637311271134 0.923568613343 1.06508310637
 -5.59980887519 -4.30802899142 -3.09185946906 -1.82956514238 -0.685970792450 -0.137447657734 0.240826938516 0.585162681975 0.895913057360 1.05938775262
 -5.53928473563 -4.17787325111 -2.93582920505 -1.80059501350 -0.841104914125 -0.111809694179 0.248741350129 0.607826658216 0.888257429537 1.06031074158
 -5.45597000605 -3.95380967252 -2.67626163487 -1.66529245227 -0.781862373513 -0.217092673637 0.207943516523 0.581824848202 0.895168224785 1.09460167061
 -5.41802218033 -3.94108653828 -2.61646950983 -1.58717987579 -0.757689974272 -0.200161926745 0.179434402576 0.569723956943 0.907084481665 1.08850117830
 -5.41582023770 -3.95097193142 -2.61095126183 -1.54403181341 -0.766284114674 -0.230042477796 0.221173783359 0.599913069340 0.928836601842 1.03993586618
 -5.42160334611 -3.93933590101 -2.54310682471 -1.45154517746 -0.720383372496 -0.257015862321 0.214501228309 0.676123851690 0.927841308416 0.981643243472
 -5.38558804721 -3.85063199545 -2.42276493085 -1.39992601184 -0.749142357075 -0.284222723101 0.190275368727 0.616785811417 0.964160865964 1.00369998283
 -5.37183274375 -3.78496238396 -2.35535255166 -1.25809999748 -0.563069219304 -0.144392194139 0.238290696399 0.623690757548 0.876051617625 0.964053850477
 -5.41213792822 -3.74074187369 -2.22489697260 -1.12267117571 -0.345359526700 0.0649352607572 0.312027230481 0.650974357429 0.822237736476 0.790306274498
 -5.39490696270 -3.63385975491 -2.03135263498 -0.934845470864 -0.246296342872 0.142566211597 0.379365879555 0.592525581731 0.776741272584 0.725633212931
 -5.37429727697 -3.54751922355 -1.82445305552 -0.710801236528 -0.131012991174 0.181477700088 0.413859647284 0.574721249287 0.690887805621 0.669393805786
 -5.35059130974 -3.49949192756 -1.74913760364 -0.576612288960 -0.0211021484465 0.229365908612 0.425467989260 0.555722417581 0.623966860772 0.616576826977
 -5.28419546556 -3.45012657444 -1.80896750389 -0.732906182012 -0.141754122141 0.166973504566 0.411290161745 0.582039520925 0.710479682764 0.660562479525
 -5.21767368506 -3.35036203887 -1.65688473606 -0.579237045215 -0.0995181348089 0.154274489058 0.331227110937 0.522700814438 0.676990157227 0.736765680007
 -5.18599134504 -3.26283943113 -1.59249605331 -0.462107191051 -0.0386115572860 0.169148266595 0.288997663838 0.464574196685 0.631563457652 0.774432395689
 -5.19416869891 -3.20200349750 -1.48417665026 -0.419077636459 0.0841400336096 0.225494810379 0.281234888107 0.376879525145 0.555491717211 0.790007804123
 -5.39862625440 -3.36073369550 -1.50078117281 -0.135547020124 0.448881787993 0.550890396786 0.367837629075 0.230822570139 0.265469187622 0.441431268760
 -5.51881331818 -3.43803794809 -1.53046015848 -0.147087528692 0.531848754319 0.552351122662 0.449156980023 0.242829869187 0.185293314078 0.336032489112
 -5.60408111867 -3.49055308770 -1.67042511932 -0.352855672356 0.361961127435 0.594611313364 0.459054301223 0.370086846570 0.286091971152 0.381763865838
 -5.61332558122 -3.51484311670 -1.87907546341 -0.739302609974 0.0626053054489 0.395027959299 0.457223159397 0.474047246353 0.522476520611 0.649731048735
 -5.59973524666 -3.73322913930 -2.04690908444 -0.967510988528 -0.318313595100 0.0800890830864 0.262100476381 0.460094441553 0.718577338688 0.999555191352
 -5.57292416273 -3.90022962990 -2.30260664065 -1.10641224381 -0.558250485439 -0.187037581634 0.0811094347433 0.372733253753 0.793254015606 1.22284430011
 -5.59653119166 -3.99211311624 -2.44537171863 -1.20190073040 -0.672446719796 -0.209613127793 0.0269169146479 0.345296454384 0.811831291710 1.27464666059
# log_selcoffs_fsh[3]:
 -5.58896723457 -4.50481161363 -3.46332465273 -2.50346421525 -1.64454246765 -0.892400768017 -0.265416428519 0.234251860260 0.704588854444 1.03343809467 1.22516569672
 -5.63388163380 -4.52539037865 -3.46953458773 -2.49662877822 -1.58657428164 -0.772816032485 -0.135354003220 0.329301708965 0.666617987618 1.01543274768 1.17377044420
 -5.64649975416 -4.35720108775 -3.17903243232 -2.04751792961 -1.03051987172 -0.440474653324 -0.00698244222186 0.303104376554 0.608058147003 0.930318452544 1.12918929741
 -5.62641870489 -3.94192481238 -2.50027779448 -1.57488047072 -0.941619944260 -0.426875168745 -0.0158101819366 0.318533839531 0.620557176929 0.898801936193 1.08832831499
 -5.58020581019 -3.61225353609 -1.90613674535 -1.06138057867 -0.705791704858 -0.451149732988 -0.151559996597 0.171709397790 0.561871430814 0.907882524662 1.11981079309
 -5.59816125157 -3.65586413178 -1.74960622058 -0.735345196309 -0.484917091743 -0.455357340638 -0.207462718685 0.152924864713 0.554360819491 0.873093161702 1.08325836448
 -5.58772516699 -3.80294093248 -2.04723712347 -0.620616400548 -0.155592615121 -0.109170562227 -0.0752705748212 0.161380285396 0.467151498947 0.765732192015 0.995518172983
 -5.53122513038 -3.82995384388 -2.18985165084 -0.811386312526 0.0123783491589 0.170196737475 0.113342623898 0.145400264811 0.363854882483 0.678046683710 0.930095215895
 -5.40936821888 -3.66636174500 -2.06347903811 -0.845028371042 -0.123432858945 0.163336504853 0.168160327920 0.188686702442 0.351451390250 0.671739657342 0.948768938529
 -5.26550413123 -3.30295062300 -1.49472938319 -0.669564072418 -0.301880483545 -0.209261244992 -0.123129789888 0.0972566969546 0.439225534713 0.804606771581 1.06388055343
 -5.15954940151 -3.00733745621 -1.41284651495 -0.666770341928 -0.533883904702 -0.481084316241 -0.285050125909 0.0749960015434 0.506919542275 0.884006451261 1.12264760979
 -5.32437618765 -3.36425586130 -1.70524229291 -1.04885654654 -0.645522602341 -0.465651394105 -0.231072853659 0.208371066454 0.616534560778 0.916119380482 1.06434492825
 -5.60557013561 -3.89349377277 -2.36477064730 -1.12342068149 -0.570481584259 -0.318876001471 -0.0286763507805 0.305585827245 0.619743363272 0.870117239190 0.989467105634
 -5.94092163191 -4.23259606246 -2.63201976204 -1.25180332752 -0.464131239418 -0.240714714721 0.0127360655876 0.407478739006 0.633768728502 0.816168247162 0.935241836275
 -6.30805794604 -4.48380544745 -2.73057015867 -1.35955622611 -0.555720168072 -0.208783739985 0.172189727768 0.447700131113 0.673463858240 0.805607755929 0.845015708576
 -6.63679823760 -4.72771482152 -2.75631299556 -1.11723813845 -0.423068783575 -0.0782765801078 0.238674759545 0.494123685817 0.615732479746 0.723369831632 0.787723192350
 -6.87305549984 -4.94673478905 -2.92128291500 -1.06516923507 -0.189286487853 0.131055363139 0.296842298603 0.444701885721 0.540159605477 0.639851117404 0.745567078229
 -6.98828204295 -5.15897831967 -3.34455042817 -1.67581179142 -0.561090198225 0.155850347082 0.493968633142 0.598466073496 0.601981094648 0.620217334432 0.635762800210
 -7.08708754882 -5.48587711190 -3.90457499411 -2.22084550592 -0.926386781140 0.187111211213 0.745254670805 0.732137483870 0.604674398211 0.508230415981 0.460652182381
# log_sel_spl_fsh[1]:
 0.00000000000 0.00000000000 0.00000000000 0.00000000000
 0.00000000000 0.00000000000 0.00000000000 0.00000000000
 0.00000000000 0.00000000000 0.00000000000 0.00000000000
 0.00000000000 0.00000000000 0.00000000000 0.00000000000
 0.00000000000 0.00000000000 0.00000000000 0.00000000000
 0.00000000000 0.00000000000 0.00000000000 0.00000000000
# log_sel_spl_fsh[2]:
 0.00000000000 0.00000000000 0.00000000000 0.00000000000
 0.00000000000 0.00000000000 0.00000000000 0.00000000000
 0.00000000000 0.00000000000 0.00000000000 0.00000000000
 0.00000000000 0.00000000000 0.00000000000 0.00000000000
 0.00000000000 0.00000000000 0.00000000000 0.00000000000
 0.00000000000 0.00000000000 0.00000000000 0.00000000000
 0.00000000000 0.00000000000 0.00000000000 0.00000000000
 0.00000000000 0.00000000000 0.00000000000 0.00000000000
 0.00000000000 0.00000000000 0.00000000000 0.00000000000
 0.00000000000 0.00000000000 0.00000000000 0.00000000000
 0.00000000000 0.00000000000 0.00000000000 0.00000000000
 0.00000000000 0.00000000000 0.00000000000 0.00000000000
 0.00000000000 0.00000000000 0.00000000000 0.00000000000
 0.00000000000 0.00000000000 0.00000000000 0.00000000000
 0.00000000000 0.00000000000 0.00000000000 0.00000000000
 0.00000000000 0.00000000000 0.00000000000 0.00000000000
 0.00000000000 0.00000000000 0.00000000000 0.00000000000
 0.00000000000 0.00000000000 0.00000000000 0.00000000000
 0.00000000000 0.00000000000 0.00000000000 0.00000000000
 0.00000000000 0.00000000000 0.00000000000 0.00000000000
 0.00000000000 0.00000000000 0.00000000000 0.00000000000
 0.00000000000 0.00000000000 0.00000000000 0.00000000000
 0.00000000000 0.00000000000 0.00000000000 0.00000000000
 0.00000000000 0.00000000000 0.00000000000 0.00000000000
 0.00000000000 0.00000000000 0.00000000000 0.00000000000
 0.00000000000 0.00000000000 0.00000000000 0.00000000000
 0.00000000000 0.00000000000 0.00000000000 0.00000000000
 0.00000000000 0.00000000000 0.00000000000 0.00000000000
 0.00000000000 0.00000000000 0.00000000000 0.00000000000
 0.00000000000 0.00000000000 0.00000000000 0.00000000000
 0.00000000000 0.00000000000 0.00000000000 0.00000000000
 0.00000000000 0.00000000000 0.00000000000 0.00000000000
 0.00000000000 0.00000000000 0.00000000000 0.00000000000
 0.00000000000 0.00000000000 0.00000000000 0.00000000000
# log_sel_spl_fsh[3]:
 0.00000000000 0.00000000000 0.00000000000 0.00000000000
 0.00000000000 0.00000000000 0.00000000000 0.00000000000
 0.00000000000 0.00000000000 0.00000000000 0.00000000000
 0.00000000000 0.00000000000 0.00000000000 0.00000000000
 0.00000000000 0.00000000000 0.00000000000 0.00000000000
 0.00000000000 0.00000000000 0.00000000000 0.00000000000
 0.00000000000 0.00000000000 0.00000000000 0.00000000000
 0.00000000000 0.00000000000 0.00000000000 0.00000000000
 0.00000000000 0.00000000000 0.00000000000 0.00000000000
 0.00000000000 0.00000000000 0.00000000000 0.00000000000
 0.00000000000 0.00000000000 0.00000000000 0.00000000000
 0.00000000000 0.00000000000 0.00000000000 0.00000000000
 0.00000000000 0.00000000000 0.00000000000 0.00000000000
 0.00000000000 0.00000000000 0.00000000000 0.00000000000
 0.00000000000 0.00000000000 0.00000000000 0.00000000000
 0.00000000000 0.00000000000 0.00000000000 0.00000000000
 0.00000000000 0.00000000000 0.00000000000 0.00000000000
 0.00000000000 0.00000000000 0.00000000000 0.00000000000
 0.00000000000 0.00000000000 0.00000000000 0.00000000000
# logsel_slope_fsh[1]:
 0.00000000000 0.00000000000 0.00000000000 0.00000000000 0.00000000000 0.00000000000
# logsel_slope_fsh[2]:
 0.00000000000 0.00000000000 0.00000000000 0.00000000000 0.00000000000 0.00000000000 0.00000000000 0.00000000000 0.00000000000 0.00000000000 0.00000000000 0.00000000000 0.00000000000 0.00000000000 0.00000000000 0.00000000000 0.00000000000 0.00000000000 0.00000000000 0.00000000000 0.00000000000 0.00000000000 0.00000000000 0.00000000000 0.00000000000 0.00000000000 0.00000000000 0.00000000000 0.00000000000 0.00000000000 0.00000000000 0.00000000000 0.00000000000 0.00000000000
# logsel_slope_fsh[3]:
 0.00000000000 0.00000000000 0.00000000000 0.00000000000 0.00000000000 0.00000000000 0.00000000000 0.00000000000 0.00000000000 0.00000000000 0.00000000000 0.00000000000 0.00000000000 0.00000000000 0.00000000000 0.00000000000 0.00000000000 0.00000000000 0.00000000000
# sel50_fsh[1]:
 0.00000000000 0.00000000000 0.00000000000 0.00000000000 0.00000000000 0.00000000000
# sel50_fsh[2]:
 0.00000000000 0.00000000000 0.00000000000 0.00000000000 0.00000000000 0.00000000000 0.00000000000 0.00000000000 0.00000000000 0.00000000000 0.00000000000 0.00000000000 0.00000000000 0.00000000000 0.00000000000 0.00000000000 0.00000000000 0.00000000000 0.00000000000 0.00000000000 0.00000000000 0.00000000000 0.00000000000 0.00000000000 0.00000000000 0.00000000000 0.00000000000 0.00000000000 0.00000000000 0.00000000000 0.00000000000 0.00000000000 0.00000000000 0.00000000000
# sel50_fsh[3]:
 0.00000000000 0.00000000000 0.00000000000 0.00000000000 0.00000000000 0.00000000000 0.00000000000 0.00000000000 0.00000000000 0.00000000000 0.00000000000 0.00000000000 0.00000000000 0.00000000000 0.00000000000 0.00000000000 0.00000000000 0.00000000000 0.00000000000
# logsel_p1_fsh[1]:
 0.00000000000 0.00000000000 0.00000000000 0.00000000000 0.00000000000 0.00000000000
# logsel_p1_fsh[2]:
 0.00000000000 0.00000000000 0.00000000000 0.00000000000 0.00000000000 0.00000000000 0.00000000000 0.00000000000 0.00000000000 0.00000000000 0.00000000000 0.00000000000 0.00000000000 0.00000000000 0.00000000000 0.00000000000 0.00000000000 0.00000000000 0.00000000000 0.00000000000 0.00000000000 0.00000000000 0.00000000000 0.00000000000 0.00000000000 0.00000000000 0.00000000000 0.00000000000 0.00000000000 0.00000000000 0.00000000000 0.00000000000 0.00000000000 0.00000000000
# logsel_p1_fsh[3]:
 0.00000000000 0.00000000000 0.00000000000 0.00000000000 0.00000000000 0.00000000000 0.00000000000 0.00000000000 0.00000000000 0.00000000000 0.00000000000 0.00000000000 0.00000000000 0.00000000000 0.00000000000 0.00000000000 0.00000000000 0.00000000000 0.00000000000
# logsel_p2_fsh[1]:
 0.00000000000 0.00000000000 0.00000000000 0.00000000000 0.00000000000 0.00000000000
# logsel_p2_fsh[2]:
 0.00000000000 0.00000000000 0.00000000000 0.00000000000 0.00000000000 0.00000000000 0.00000000000 0.00000000000 0.00000000000 0.00000000000 0.00000000000 0.00000000000 0.00000000000 0.00000000000 0.00000000000 0.00000000000 0.00000000000 0.00000000000 0.00000000000 0.00000000000 0.00000000000 0.00000000000 0.00000000000 0.00000000000 0.00000000000 0.00000000000 0.00000000000 0.00000000000 0.00000000000 0.00000000000 0.00000000000 0.00000000000 0.00000000000 0.00000000000
# logsel_p2_fsh[3]:
 0.00000000000 0.00000000000 0.00000000000 0.00000000000 0.00000000000 0.00000000000 0.00000000000 0.00000000000 0.00000000000 0.00000000000 0.00000000000 0.00000000000 0.00000000000 0.00000000000 0.00000000000 0.00000000000 0.00000000000 0.00000000000 0.00000000000
# logsel_p3_fsh[1]:
 0.00000000000 0.00000000000 0.00000000000 0.00000000000 0.00000000000 0.00000000000
# logsel_p3_fsh[2]:
 0.00000000000 0.00000000000 0.00000000000 0.00000000000 0.00000000000 0.00000000000 0.00000000000 0.00000000000 0.00000000000 0.00000000000 0.00000000000 0.00000000000 0.00000000000 0.00000000000 0.00000000000 0.00000000000 0.00000000000 0.00000000000 0.00000000000 0.00000000000 0.00000000000 0.00000000000 0.00000000000 0.00000000000 0.00000000000 0.00000000000 0.00000000000 0.00000000000 0.00000000000 0.00000000000 0.00000000000 0.00000000000 0.00000000000 0.00000000000
# logsel_p3_fsh[3]:
 0.00000000000 0.00000000000 0.00000000000 0.00000000000 0.00000000000 0.00000000000 0.00000000000 0.00000000000 0.00000000000 0.00000000000 0.00000000000 0.00000000000 0.00000000000 0.00000000000 0.00000000000 0.00000000000 0.00000000000 0.00000000000 0.00000000000
# rec_dev_future:
 0.00000000000 0.00000000000 0.00000000000 0.00000000000 0.00000000000 0.00000000000 0.00000000000 0.00000000000 0.00000000000 0.00000000000 0.00000000000 0.00000000000 0.00000000000 0.00000000000 0.00000000000 0.00000000000 0.00000000000 0.00000000000 0.00000000000 0.00000000000
# log_q_ind[1]:
-0.287682072452
# log_q_ind[2]:
-6.03674249848
# log_q_power_ind[1]:
0.00000000000
# log_q_power_ind[2]:
0.00000000000
# log_selcoffs_ind[1]:
 -7.30688628119 -3.39155285941 -1.57021811187 -1.23228872990 -1.10460420591 -0.710409171263 -0.139930200787 0.408016509835 0.868430249180 1.35759794918
# log_selcoffs_ind[2]:
 0.00000000000 0.00000000000 0.00000000000 0.00000000000 0.00000000000 0.00000000000 0.00000000000 0.00000000000 0.00000000000 0.00000000000
# logsel_slope_ind[1]:
 0.00000000000
# logsel_slope_ind[2]:
 0.00000000000
# sel50_ind[1]:
 0.00000000000
# sel50_ind[2]:
 0.00000000000
# logsel_p1_ind[1]:
 0.00000000000
# logsel_p1_ind[2]:
 0.00000000000
# sel_p2_ind[1]:
 0.00000000000
# sel_p2_ind[2]:
 0.00000000000
# logsel_p3_ind[1]:
 0.00000000000
# logsel_p3_ind[2]:
 0.00000000000
