# Number of parameters = 806 Objective function value = 146.723421916515  Maximum gradient component = 6.66605405846470e-05
# Mest[1]:
0.350000000000
# log_Linf[1]:
4.38701417618
# log_k[1]:
-1.83258146375
# log_Lo[1]:
2.75684036527
# log_sdage[1]:
-2.40794560865
# mean_log_rec[1]:
7.21299481950
# steepness[1]:
0.589148359569
# log_Rzero[1]:
7.59391594566
# rec_dev:
 -0.152427378172 -0.201703017587 -0.260451824066 -0.334510645715 -0.408386711451 -0.496422052438 -0.577033357005 -0.641854182937 -0.663585868378 -0.386420287896 -0.000174527601020 0.470597637452 0.464413930294 0.542617489091 0.854071934049 0.637816342248 0.488920335378 0.389487918462 0.481586532665 0.518627540106 0.465450588636 0.440984546614 0.852274115867 0.511578022502 1.16803241589 0.227665548548 0.232839616369 0.347067842762 -0.285864567985 -0.460820447767 -0.310532919172 -0.674840842716 -0.356154522752 -0.189808087178 -0.416551863295 -0.552002844907 -0.560846148319 -0.203272085803 -0.434785560435 -0.0570457296670 -0.198249258604 -0.425187395366 -0.448613526527 -0.0929771914245 -1.84528836655e-09
# log_sigmar[1]:
-0.223143551314
# fmort:
 -13.8353684564 -13.9448581468 -2.39932179079 -1.90130409733 -1.76075684505 -2.36175925569 -2.00929067987 -1.68773408371 -2.68583973148 -2.77820981006 -1.80590847774 -1.11095327087 -3.12349190208 -1.52348138413 -1.38517936430 -2.62451830218 -2.21270094347 -2.35375946549 -5.17907711373 -5.41173005806 -4.85126297996 -9.44161381683 -10.7322056179 -13.4651749904 -7.94652058003 -6.89162677418 -6.96793308196 -7.01949997735 -13.5854026774 -13.6371791299 -13.6001267874 -13.6147110035
 -2.86540684686 -2.08394804829 -2.81940034310 -2.90711993795 -2.92487406620 -2.67622769731 -3.10935884616 -2.86477009420 -3.11554315072 -3.07979409609 -2.95910819280 -2.75181378653 -2.68570173818 -2.95655466610 -2.47350506619 -2.64951117011 -2.47718856879 -2.25394501139 -1.76249485188 -1.19049034560 -0.929834949679 -0.818557575613 -1.05858051970 -1.04524478993 -0.897317173229 -0.784978366099 -0.992812588409 -0.858781359888 -1.02723283334 -1.47397883571 -1.60296387492 -2.02874146776
 -13.7231503628 -13.5394544335 -13.3608918307 -13.4323463401 -13.4055612307 -13.0716416415 -13.2172655897 -13.1521339469 -13.1390365288 -13.2187939939 -13.2168976503 -13.0858681909 -12.7380163161 -12.8929063723 -12.7793295141 -12.6672346050 -2.75978692121 -2.21948409525 -1.15655669233 -2.09934549783 -1.50186093537 -2.11717497500 -1.87722786775 -1.95991704462 -2.36366549707 -1.78659000140 -1.08453380047 -1.12215739189 -1.67068533371 -2.50397009496 -2.99549330284 -3.63660042839
# log_selcoffs_fsh[1]:
 -1.49802981993 -0.220971824363 0.214491806447 0.205188209415 0.206799159167 0.245270382224
 -1.75528483720 0.110642960533 0.421054959753 0.145478355766 0.0137113465928 0.0160499596421
 -2.10307893836 -0.492490123939 0.762534577537 0.262081361802 0.0129539095076 -0.210172889173
 -2.20686718562 -0.499704009175 0.519083838133 0.597265884835 0.0237630863078 -0.272378191882
 -2.15674629522 -0.106419830061 0.731659947378 0.339132754531 -0.171099592910 -0.415126727148
 -2.20275603104 -0.409030042251 0.705595091680 0.553349681576 -0.162799972185 -0.492124325105
# log_selcoffs_fsh[2]:
 -5.01753303018 -3.78460226023 -2.59342892315 -1.50808949411 -0.592944867690 0.0917220415731 0.514742730420 0.715927850104 0.771568266832 0.762374721779
 -5.16671006371 -3.87887401782 -2.62179483316 -1.50820293690 -0.512005770361 0.275932008296 0.580604399875 0.680589840294 0.704574639781 0.681806008703
 -5.26079148399 -3.94034957064 -2.65994619578 -1.44222885894 -0.495151011518 0.312659346980 0.585420404077 0.667754045372 0.692442071584 0.666952748607
 -5.32000047955 -3.93333632058 -2.64416811973 -1.44613126522 -0.498081226741 0.215382819070 0.538208332122 0.698060447310 0.737770700186 0.696590631066
 -5.36646129541 -3.95205929400 -2.65314616510 -1.48327156785 -0.483691708872 0.217709102005 0.496077026828 0.673112555305 0.753859677796 0.737776318090
 -5.41677477584 -3.96930253181 -2.64885645047 -1.49120686783 -0.514554302293 0.0979956839120 0.455823054369 0.694237649422 0.804099778204 0.772779104723
 -5.45072686981 -3.94610789656 -2.55225211339 -1.48149444214 -0.656253616373 -0.0790099596418 0.379283243980 0.702718615053 0.893330281489 0.834918711421
 -5.49832333592 -4.02990744479 -2.62646511936 -1.53676003397 -0.716544660477 -0.162608645423 0.346625106154 0.734336020809 0.902950881652 0.870080551873
 -5.52816338162 -4.11017959772 -2.80358691748 -1.61772996127 -0.752092158064 -0.197071513362 0.349640845571 0.746180606034 0.910533101670 0.881713729845
 -5.54591931466 -4.15879861923 -2.88313439356 -1.66238185612 -0.774888118682 -0.173567917255 0.401202125105 0.738620322278 0.869288023371 0.900784006283
 -5.53505031759 -4.22242226135 -2.93573188083 -1.66690340077 -0.791512221305 -0.176615696577 0.298054845468 0.662835208736 0.903135805555 0.990788748210
 -5.54686605064 -4.24354807709 -3.01156183149 -1.73628211654 -0.594463359017 -0.0639880544058 0.288572883415 0.603156847491 0.874347117880 0.995755568210
 -5.54364068542 -4.17606351554 -2.91483282915 -1.74844811976 -0.768188924317 -0.0430579342045 0.296480579188 0.622945812817 0.866904661087 1.00857856856
 -5.51272982014 -4.01230495009 -2.72131240208 -1.66804649411 -0.737371451368 -0.155839636764 0.255870427801 0.599540707557 0.878050252348 1.05442790799
 -5.52033135356 -4.04930836239 -2.72014022144 -1.65342045157 -0.760146872948 -0.157758777788 0.224838968222 0.589102740758 0.895721059429 1.06334952810
 -5.55599996897 -4.09879185147 -2.75842550235 -1.66672157841 -0.829333939552 -0.228840481398 0.252200216578 0.619722183692 0.928211581591 1.03682385439
 -5.58925688741 -4.11240407113 -2.71957160718 -1.61090216564 -0.835740056600 -0.310451787060 0.210782245801 0.685538790885 0.942487066150 1.01587313732
 -5.58230096849 -4.04502734404 -2.61961044852 -1.59156153047 -0.905477011074 -0.394459687048 0.136522914906 0.614861945529 0.997717780306 1.07025659611
 -5.58935700576 -3.98843044143 -2.55550834600 -1.45931331384 -0.746673665005 -0.286591549455 0.145240789341 0.598645352096 0.919664784647 1.08468475155
 -5.66042649834 -3.96146649738 -2.43681580559 -1.34087216107 -0.555348330634 -0.109772447893 0.202351344957 0.618291532913 0.893418365845 0.968889343448
 -5.68658265430 -3.87779579529 -2.24903118566 -1.16162224187 -0.478297062740 -0.0680063064980 0.231938332659 0.558665558640 0.878363564527 0.950500025091
 -5.72840358587 -3.84335275959 -2.06349616610 -0.935098705025 -0.361904928102 -0.0382975777010 0.257386922140 0.547938611663 0.815071332864 0.922045596971
 -5.78007547883 -3.87973355743 -2.05376955444 -0.832575190036 -0.254051445920 0.0154609028551 0.284519707052 0.550849866405 0.767233339720 0.877214920279
 -5.78334611229 -3.93558539635 -2.21483596450 -1.03605964265 -0.404793890093 -0.0648317176040 0.257621179476 0.569765829112 0.852128576026 0.917367104131
 -5.76103338240 -3.94460793921 -2.20983786795 -1.00337115629 -0.424562373195 -0.106177530955 0.177967391862 0.528657244984 0.841428949083 1.00675076843
 -5.72912340491 -3.95732359710 -2.31560961529 -1.09222637776 -0.518247086003 -0.168398673099 0.121307819381 0.507224818915 0.854819957882 1.08595963475
 -5.66402817560 -3.92202807292 -2.36102824044 -1.22939800937 -0.609931400158 -0.254468520947 0.0542269591533 0.428885362445 0.852050999023 1.20462339637
 -5.71198575045 -3.97621315412 -2.35571684855 -1.10230968879 -0.403413415465 -0.0788922089932 0.127509038755 0.413473024412 0.793033885037 1.13162360330
 -5.66617576825 -3.92206719146 -2.27686223520 -1.09111630000 -0.491903585679 -0.213617026617 0.0266766142091 0.370465056069 0.801223360499 1.22831332201
# log_selcoffs_fsh[3]:
 -5.83920733390 -4.73943267450 -3.67065689134 -2.65814742719 -1.72377952922 -0.898710257482 -0.236097302224 0.242279322749 0.675088311647 1.01449248675 1.25882994251
 -5.88639415253 -4.76806447680 -3.69877805878 -2.69396064130 -1.72940770790 -0.839862060148 -0.131908649967 0.354023801468 0.669384058457 1.00726687248 1.19236036007
 -5.88526993146 -4.58500785582 -3.40472268339 -2.27386293323 -1.23616483533 -0.601460494683 -0.0911733831207 0.298774569974 0.644428415686 0.965327618568 1.16962007558
 -5.85390054890 -4.14329913574 -2.69490579340 -1.78270628196 -1.15704975834 -0.615241066742 -0.151132772645 0.261672886650 0.634442682025 0.965158213384 1.16956706645
 -5.81077289037 -3.79163861141 -2.06420718764 -1.23943042767 -0.916961183277 -0.677545055030 -0.343317488647 0.0530926486835 0.544683274932 0.983415214369 1.24956070665
 -5.87238165107 -3.83960220269 -1.89046753490 -0.888157641886 -0.677751071848 -0.683162332651 -0.431316009207 -0.00113865565597 0.513509795564 0.955195978080 1.24750648534
 -5.93959070455 -4.02469831750 -2.17816607856 -0.750073151273 -0.325603900874 -0.333410694243 -0.314834090000 -0.0186089382518 0.415149342039 0.866365580261 1.20926727176
 -5.99507873286 -4.14334463478 -2.37001982556 -0.936757828575 -0.156137537727 -0.0505806980559 -0.123909625353 -0.0373486258035 0.314787726448 0.797328929848 1.17981515519
 -6.00556992196 -4.12676487046 -2.37356139985 -1.04106953201 -0.311962109247 -0.0749520880590 -0.0727015433599 0.0187029307718 0.314075298919 0.800048814955 1.20356611567
 -5.99761672559 -3.95208277733 -2.02155730491 -1.04243862966 -0.588558662586 -0.476248165019 -0.354640008755 -0.0446583510782 0.425693125476 0.926781398656 1.28156028610
 -5.97320592654 -3.84470053846 -2.15150659881 -1.27175227796 -0.977469960415 -0.807404102244 -0.509469052844 -0.0251744632538 0.542560561737 1.01867552741 1.30596549792
 -6.10818974921 -4.28255063141 -2.64360355017 -1.81742001133 -1.26930357330 -0.909623164862 -0.499130147219 0.115755182550 0.683583116928 1.07736533862 1.22936035043
 -6.23229758793 -4.73619626033 -3.32688950920 -2.04468295508 -1.31481691414 -0.911694902841 -0.396145887128 0.193578788258 0.720537682178 1.07773145352 1.18586970021
 -6.30335161625 -4.90092022046 -3.51220454758 -2.16515605319 -1.31857619396 -0.928824027234 -0.504357809250 0.216664382769 0.738756776599 1.07578613225 1.19760781858
# log_sel_spl_fsh[1]:
 0.00000000000 0.00000000000 0.00000000000 0.00000000000
 0.00000000000 0.00000000000 0.00000000000 0.00000000000
 0.00000000000 0.00000000000 0.00000000000 0.00000000000
 0.00000000000 0.00000000000 0.00000000000 0.00000000000
 0.00000000000 0.00000000000 0.00000000000 0.00000000000
 0.00000000000 0.00000000000 0.00000000000 0.00000000000
# log_sel_spl_fsh[2]:
 0.00000000000 0.00000000000 0.00000000000 0.00000000000
 0.00000000000 0.00000000000 0.00000000000 0.00000000000
 0.00000000000 0.00000000000 0.00000000000 0.00000000000
 0.00000000000 0.00000000000 0.00000000000 0.00000000000
 0.00000000000 0.00000000000 0.00000000000 0.00000000000
 0.00000000000 0.00000000000 0.00000000000 0.00000000000
 0.00000000000 0.00000000000 0.00000000000 0.00000000000
 0.00000000000 0.00000000000 0.00000000000 0.00000000000
 0.00000000000 0.00000000000 0.00000000000 0.00000000000
 0.00000000000 0.00000000000 0.00000000000 0.00000000000
 0.00000000000 0.00000000000 0.00000000000 0.00000000000
 0.00000000000 0.00000000000 0.00000000000 0.00000000000
 0.00000000000 0.00000000000 0.00000000000 0.00000000000
 0.00000000000 0.00000000000 0.00000000000 0.00000000000
 0.00000000000 0.00000000000 0.00000000000 0.00000000000
 0.00000000000 0.00000000000 0.00000000000 0.00000000000
 0.00000000000 0.00000000000 0.00000000000 0.00000000000
 0.00000000000 0.00000000000 0.00000000000 0.00000000000
 0.00000000000 0.00000000000 0.00000000000 0.00000000000
 0.00000000000 0.00000000000 0.00000000000 0.00000000000
 0.00000000000 0.00000000000 0.00000000000 0.00000000000
 0.00000000000 0.00000000000 0.00000000000 0.00000000000
 0.00000000000 0.00000000000 0.00000000000 0.00000000000
 0.00000000000 0.00000000000 0.00000000000 0.00000000000
 0.00000000000 0.00000000000 0.00000000000 0.00000000000
 0.00000000000 0.00000000000 0.00000000000 0.00000000000
 0.00000000000 0.00000000000 0.00000000000 0.00000000000
 0.00000000000 0.00000000000 0.00000000000 0.00000000000
 0.00000000000 0.00000000000 0.00000000000 0.00000000000
# log_sel_spl_fsh[3]:
 0.00000000000 0.00000000000 0.00000000000 0.00000000000
 0.00000000000 0.00000000000 0.00000000000 0.00000000000
 0.00000000000 0.00000000000 0.00000000000 0.00000000000
 0.00000000000 0.00000000000 0.00000000000 0.00000000000
 0.00000000000 0.00000000000 0.00000000000 0.00000000000
 0.00000000000 0.00000000000 0.00000000000 0.00000000000
 0.00000000000 0.00000000000 0.00000000000 0.00000000000
 0.00000000000 0.00000000000 0.00000000000 0.00000000000
 0.00000000000 0.00000000000 0.00000000000 0.00000000000
 0.00000000000 0.00000000000 0.00000000000 0.00000000000
 0.00000000000 0.00000000000 0.00000000000 0.00000000000
 0.00000000000 0.00000000000 0.00000000000 0.00000000000
 0.00000000000 0.00000000000 0.00000000000 0.00000000000
 0.00000000000 0.00000000000 0.00000000000 0.00000000000
# logsel_slope_fsh[1]:
 0.00000000000 0.00000000000 0.00000000000 0.00000000000 0.00000000000 0.00000000000
# logsel_slope_fsh[2]:
 0.00000000000 0.00000000000 0.00000000000 0.00000000000 0.00000000000 0.00000000000 0.00000000000 0.00000000000 0.00000000000 0.00000000000 0.00000000000 0.00000000000 0.00000000000 0.00000000000 0.00000000000 0.00000000000 0.00000000000 0.00000000000 0.00000000000 0.00000000000 0.00000000000 0.00000000000 0.00000000000 0.00000000000 0.00000000000 0.00000000000 0.00000000000 0.00000000000 0.00000000000
# logsel_slope_fsh[3]:
 0.00000000000 0.00000000000 0.00000000000 0.00000000000 0.00000000000 0.00000000000 0.00000000000 0.00000000000 0.00000000000 0.00000000000 0.00000000000 0.00000000000 0.00000000000 0.00000000000
# sel50_fsh[1]:
 0.00000000000 0.00000000000 0.00000000000 0.00000000000 0.00000000000 0.00000000000
# sel50_fsh[2]:
 0.00000000000 0.00000000000 0.00000000000 0.00000000000 0.00000000000 0.00000000000 0.00000000000 0.00000000000 0.00000000000 0.00000000000 0.00000000000 0.00000000000 0.00000000000 0.00000000000 0.00000000000 0.00000000000 0.00000000000 0.00000000000 0.00000000000 0.00000000000 0.00000000000 0.00000000000 0.00000000000 0.00000000000 0.00000000000 0.00000000000 0.00000000000 0.00000000000 0.00000000000
# sel50_fsh[3]:
 0.00000000000 0.00000000000 0.00000000000 0.00000000000 0.00000000000 0.00000000000 0.00000000000 0.00000000000 0.00000000000 0.00000000000 0.00000000000 0.00000000000 0.00000000000 0.00000000000
# logsel_p1_fsh[1]:
 0.00000000000 0.00000000000 0.00000000000 0.00000000000 0.00000000000 0.00000000000
# logsel_p1_fsh[2]:
 0.00000000000 0.00000000000 0.00000000000 0.00000000000 0.00000000000 0.00000000000 0.00000000000 0.00000000000 0.00000000000 0.00000000000 0.00000000000 0.00000000000 0.00000000000 0.00000000000 0.00000000000 0.00000000000 0.00000000000 0.00000000000 0.00000000000 0.00000000000 0.00000000000 0.00000000000 0.00000000000 0.00000000000 0.00000000000 0.00000000000 0.00000000000 0.00000000000 0.00000000000
# logsel_p1_fsh[3]:
 0.00000000000 0.00000000000 0.00000000000 0.00000000000 0.00000000000 0.00000000000 0.00000000000 0.00000000000 0.00000000000 0.00000000000 0.00000000000 0.00000000000 0.00000000000 0.00000000000
# logsel_p2_fsh[1]:
 0.00000000000 0.00000000000 0.00000000000 0.00000000000 0.00000000000 0.00000000000
# logsel_p2_fsh[2]:
 0.00000000000 0.00000000000 0.00000000000 0.00000000000 0.00000000000 0.00000000000 0.00000000000 0.00000000000 0.00000000000 0.00000000000 0.00000000000 0.00000000000 0.00000000000 0.00000000000 0.00000000000 0.00000000000 0.00000000000 0.00000000000 0.00000000000 0.00000000000 0.00000000000 0.00000000000 0.00000000000 0.00000000000 0.00000000000 0.00000000000 0.00000000000 0.00000000000 0.00000000000
# logsel_p2_fsh[3]:
 0.00000000000 0.00000000000 0.00000000000 0.00000000000 0.00000000000 0.00000000000 0.00000000000 0.00000000000 0.00000000000 0.00000000000 0.00000000000 0.00000000000 0.00000000000 0.00000000000
# logsel_p3_fsh[1]:
 0.00000000000 0.00000000000 0.00000000000 0.00000000000 0.00000000000 0.00000000000
# logsel_p3_fsh[2]:
 0.00000000000 0.00000000000 0.00000000000 0.00000000000 0.00000000000 0.00000000000 0.00000000000 0.00000000000 0.00000000000 0.00000000000 0.00000000000 0.00000000000 0.00000000000 0.00000000000 0.00000000000 0.00000000000 0.00000000000 0.00000000000 0.00000000000 0.00000000000 0.00000000000 0.00000000000 0.00000000000 0.00000000000 0.00000000000 0.00000000000 0.00000000000 0.00000000000 0.00000000000
# logsel_p3_fsh[3]:
 0.00000000000 0.00000000000 0.00000000000 0.00000000000 0.00000000000 0.00000000000 0.00000000000 0.00000000000 0.00000000000 0.00000000000 0.00000000000 0.00000000000 0.00000000000 0.00000000000
# rec_dev_future:
 0.00000000000 0.00000000000 0.00000000000 0.00000000000 0.00000000000 0.00000000000 0.00000000000 0.00000000000 0.00000000000 0.00000000000 0.00000000000 0.00000000000 0.00000000000 0.00000000000 0.00000000000 0.00000000000 0.00000000000 0.00000000000 0.00000000000 0.00000000000
# log_q_ind[1]:
-0.392067567565
# log_q_ind[2]:
-5.90876336454
# log_q_power_ind[1]:
0.00000000000
# log_q_power_ind[2]:
0.00000000000
# log_selcoffs_ind[1]:
 -8.38487433041 -5.62117188213 -4.11364532006 -2.68314572242 -1.48835943495 -0.838285905372 0.0337822532101 0.681949754895 0.964920138674 1.28553274138
 -8.38428427353 -5.52673039212 -3.96806543745 -2.55296399451 -1.18863098243 -0.565916983473 0.183269578578 0.465013435190 0.945282743672 1.29741944862
 -8.38363335457 -5.41933048725 -3.80618962778 -2.28969928630 -1.24270591897 -0.380286204971 0.0945817547240 0.557997141620 0.921094351517 1.26444788173
 -8.38310490933 -5.33982495682 -3.79517103822 -2.60135748554 -1.67315312650 -0.749490598323 -0.0659512078893 0.505255776518 1.08431645482 1.30482870359
 -8.38214994814 -5.15118661056 -3.49669290290 -2.57472307948 -1.76065413980 -1.16640996923 -0.450608926932 0.547527520132 0.921787856671 1.50941803345
 -8.38208017310 -4.99820023864 -3.45385479308 -2.69234373854 -1.90393031644 -1.17998026434 -0.658565262250 0.228543051830 0.953339473560 1.62308215442
 -8.37476487667 -4.65492131306 -3.02315352570 -2.28762904406 -1.32137953286 -0.684610976112 -0.443135578463 0.254603431812 0.812506676735 1.58586767175
 -8.36445595680 -4.02073547835 -1.54462714270 -1.45109006043 -1.27594167422 -0.967191225295 -0.710889215074 0.0406413468244 0.796352844219 1.63406795154
 -8.35471555771 -4.00528159003 -1.63807611302 -1.20375044439 -1.04924433875 -0.820724021241 -0.633188157806 0.271336884624 0.724899845372 1.56646198256
 -8.35777910597 -4.13473687587 -1.54308156495 -0.759598842723 -0.787607650031 -0.777341873311 -0.630976753027 0.103732324342 0.613689747042 1.58903418386
 -8.36444177437 -4.14378845161 -1.44724508174 -0.848860007935 -0.846769229944 -0.968612483245 -0.721696477437 0.111304408884 0.576845871652 1.63477439730
 -8.37023349644 -4.17952914317 -1.81612740662 -1.32939678786 -1.32012221555 -0.953355111060 -0.572557885607 0.210164523613 0.548628789203 1.68190428599
 -8.37440770619 -4.04850977402 -1.91032486766 -1.34791224090 -1.57160701331 -1.19655015903 -0.841969135992 -0.198519808321 0.437156240447 1.83505163322
 -8.37667782296 -4.08940371160 -1.82829674374 -1.70220573594 -1.35672698752 -0.818204748947 -0.390623721932 0.0530280470298 0.573366697930 1.69304405786
 -8.37851188364 -4.26476612156 -1.80108757460 -1.26023048757 -1.46492380206 -0.748547360812 -0.329353505154 0.0676949067385 0.663691177471 1.62953143052
# log_selcoffs_ind[2]:
 0.00000000000 0.00000000000 0.00000000000 0.00000000000 0.00000000000 0.00000000000 0.00000000000 0.00000000000 0.00000000000 0.00000000000
# logsel_slope_ind[1]:
 0.00000000000 0.00000000000 0.00000000000 0.00000000000 0.00000000000 0.00000000000 0.00000000000 0.00000000000 0.00000000000 0.00000000000 0.00000000000 0.00000000000 0.00000000000 0.00000000000 0.00000000000
# logsel_slope_ind[2]:
 0.00000000000
# sel50_ind[1]:
 0.00000000000 0.00000000000 0.00000000000 0.00000000000 0.00000000000 0.00000000000 0.00000000000 0.00000000000 0.00000000000 0.00000000000 0.00000000000 0.00000000000 0.00000000000 0.00000000000 0.00000000000
# sel50_ind[2]:
 0.00000000000
# logsel_p1_ind[1]:
 0.00000000000 0.00000000000 0.00000000000 0.00000000000 0.00000000000 0.00000000000 0.00000000000 0.00000000000 0.00000000000 0.00000000000 0.00000000000 0.00000000000 0.00000000000 0.00000000000 0.00000000000
# logsel_p1_ind[2]:
 0.00000000000
# sel_p2_ind[1]:
 0.00000000000 0.00000000000 0.00000000000 0.00000000000 0.00000000000 0.00000000000 0.00000000000 0.00000000000 0.00000000000 0.00000000000 0.00000000000 0.00000000000 0.00000000000 0.00000000000 0.00000000000
# sel_p2_ind[2]:
 0.00000000000
# logsel_p3_ind[1]:
 0.00000000000 0.00000000000 0.00000000000 0.00000000000 0.00000000000 0.00000000000 0.00000000000 0.00000000000 0.00000000000 0.00000000000 0.00000000000 0.00000000000 0.00000000000 0.00000000000 0.00000000000
# logsel_p3_ind[2]:
 0.00000000000
