# Number of parameters = 946 Objective function value = 214.878093831359  Maximum gradient component = 3.12991746334203e-05
# Mest[1]:
0.350000000000
# log_Linf[1]:
4.38701417618
# log_k[1]:
-1.83258146375
# log_Lo[1]:
2.75684036527
# log_sdage[1]:
-2.40794560865
# mean_log_rec[1]:
6.92689521446
# steepness[1]:
0.486927089917
# log_Rzero[1]:
7.57715019246
# rec_dev:
 -0.121680173346 -0.162196853282 -0.210917397830 -0.273580781384 -0.334803077893 -0.410183738491 -0.479299948436 -0.535624050819 -0.544632827481 -0.236660030893 0.183817915277 0.688406913947 0.706155721785 0.806597848537 1.12299423116 0.905035685793 0.755670486131 0.653125042194 0.743592032197 0.774688576521 0.726977188453 0.703930656505 1.12563388901 0.777460902581 1.45523178232 0.507185299542 0.515908887174 0.633624532012 -0.0136504543542 -0.200004533056 -0.0505327509074 -0.420617771088 -0.0935893399660 0.0864960784414 -0.142231673000 -0.330595964902 -0.473896532135 -0.354716291696 -0.791610207643 -0.747275927275 -1.03066914268 -1.35369565710 -1.49679672631 -1.18919365417 -0.254093184278 -1.13775257411 -0.602649083750 -0.228360556081 1.27200312505e-08
# log_sigmar[1]:
-0.223143551314
# fmort:
 -13.7371472072 -13.8713285415 -2.34704879317 -1.85988686250 -1.72309964837 -2.32255940802 -1.97155217503 -1.65116971648 -2.64779733606 -2.74572218198 -1.78152265757 -1.09235324841 -3.09448475350 -1.50696756439 -1.36639455136 -2.60638657042 -2.20350622979 -2.34019519861 -5.15251703294 -5.38037040869 -4.81647473073 -9.40710809975 -10.7025469972 -13.4305276048 -7.87416515256 -6.71280236705 -6.61287624685 -6.43796203006 -12.7448176512 -12.6019344887 -12.4049676837 -12.2862404336 -12.4982395623 -12.8319172047 -12.8699568729 -12.9748737448
 -2.68812137354 -1.87911240234 -2.60289864618 -2.70016524362 -2.73110625016 -2.49961213519 -2.95024632803 -2.72030009410 -2.97846925621 -2.95845088236 -2.85175809275 -2.64982243899 -2.58691983378 -2.86643201719 -2.38885779594 -2.57444154833 -2.41931191979 -2.21885916003 -1.75859874192 -1.19543007025 -0.949803396708 -0.845306774346 -1.08613820273 -1.08292593943 -0.947430416263 -0.850167593705 -1.08091947790 -0.954670392207 -1.10815689054 -1.44346288752 -1.34772903551 -1.27873799877 -1.69646691337 -1.67180324896 -1.53914272108 -1.96417411534
 -13.5621718544 -13.3433005178 -13.1415578385 -13.2125134002 -13.1953246078 -12.8928793070 -13.0619562229 -13.0164855805 -13.0039833421 -13.1006021632 -13.1131148393 -12.9829173951 -12.6366705433 -12.7970105079 -12.6825006473 -12.5740696662 -2.67370722939 -2.14052865837 -1.08713272404 -2.03034303067 -1.45097257719 -2.08320145702 -1.86079991303 -1.96526949638 -2.38955791599 -1.82452725749 -1.11774185251 -1.10771992741 -1.57077035909 -2.26878595645 -2.53853196862 -2.83603746027 -2.70495190336 -2.63010983652 -3.71113959377 -3.91655177115
# log_selcoffs_fsh[1]:
 -1.56797127334 -0.243838509992 0.225707888664 0.230610390288 0.226976781164 0.215546287043
 -1.79936451379 0.0874542823652 0.422558985564 0.163136136036 0.0309886311189 0.00863435783994
 -2.13408682562 -0.511861384673 0.755098047346 0.270126648729 0.0298690440366 -0.205796894825
 -2.22800377904 -0.516124896589 0.508225944644 0.601723751458 0.0360871659548 -0.259963466094
 -2.17081030401 -0.115522329551 0.726484871174 0.341637394181 -0.161285557481 -0.402096734479
 -2.21632819020 -0.414656466271 0.703249951164 0.555718768714 -0.160262553880 -0.486128625272
# log_selcoffs_fsh[2]:
 -5.13822014254 -3.90595548211 -2.71339491364 -1.62144378958 -0.691392983784 0.0183196926847 0.476046185875 0.717355541648 0.810475604665 0.825506581884
 -5.27747391956 -3.99251322084 -2.73660594109 -1.61767636754 -0.607321703359 0.203133589811 0.541061223612 0.682567046891 0.749131124685 0.756735247750
 -5.36241877775 -4.04518914455 -2.76575280795 -1.54324278583 -0.583909140367 0.243643939277 0.544414900451 0.666021375858 0.735958947284 0.746699522961
 -5.41395237995 -4.02998221988 -2.74109043199 -1.53767866511 -0.578671755814 0.150020287031 0.496331258217 0.690492496214 0.774865434239 0.773902079674
 -5.45257331415 -4.04004723942 -2.74027491175 -1.56460354513 -0.554525557162 0.159402884810 0.455200681815 0.661905174296 0.785135047490 0.810736752174
 -5.49603454848 -4.04970166106 -2.72730433692 -1.56287359667 -0.576465340582 0.0468365903361 0.417870189971 0.679291336182 0.828350369321 0.838531395987
 -5.52330748382 -4.02008705960 -2.62357930290 -1.54525991978 -0.710247851037 -0.123983504624 0.344381978271 0.685886968203 0.909448638082 0.891070196108
 -5.56360097283 -4.09770825444 -2.69214578349 -1.59390546888 -0.763424821097 -0.200734071530 0.316951494349 0.719124064350 0.914943567448 0.917204667718
 -5.58476173402 -4.17205829246 -2.86439456457 -1.67000644507 -0.792595322647 -0.229046503823 0.325278274670 0.733720900958 0.920412534676 0.920300104597
 -5.59187764016 -4.21360090075 -2.93970695284 -1.71019624620 -0.810244947642 -0.199050850658 0.381977085522 0.729280797626 0.877630024634 0.931986967135
 -5.56749466543 -4.27086811037 -2.98940069931 -1.71409625837 -0.824634404142 -0.197629062841 0.284167946191 0.656701853049 0.909668044308 1.01237194790
 -5.56202697348 -4.28000910015 -3.06145138365 -1.78292295654 -0.628795412137 -0.0829643469432 0.280673406872 0.602997004881 0.881754219528 1.01050627911
 -5.53959394035 -4.19908866938 -2.95635432347 -1.79464969921 -0.803407036677 -0.0622973233694 0.292172592562 0.629303921998 0.875893910501 1.01479788466
 -5.48590748004 -4.01927607592 -2.75184934973 -1.70664299664 -0.771966782287 -0.174522920672 0.255163018769 0.611713199678 0.889709807099 1.05150754178
 -5.46922403139 -4.03678247761 -2.73642600914 -1.68000417608 -0.784247023058 -0.172328056407 0.228938544930 0.608768539631 0.908436527213 1.04834224557
 -5.48184042193 -4.06815186482 -2.75856368276 -1.67847199417 -0.837088347721 -0.228296532135 0.265094456536 0.647068295561 0.941663258246 1.00140359070
 -5.49440213723 -4.06858370834 -2.70816754327 -1.60690141398 -0.821288639420 -0.286351562823 0.244023221829 0.732754542501 0.949944116669 0.947019871898
 -5.45163490384 -3.97675279940 -2.59207542576 -1.57403870975 -0.882257371729 -0.361070414367 0.179588494184 0.660334700187 1.01430283505 0.991216527447
 -5.41103808060 -3.88984222413 -2.50997579648 -1.43002859597 -0.714543730921 -0.245946072261 0.196541242068 0.649978102865 0.925664031857 1.00316709876
 -5.42437718374 -3.82774162112 -2.37564339512 -1.30504110385 -0.517315719589 -0.0648765604470 0.255211609162 0.667590575895 0.888818057503 0.877089681433
 -5.38117312308 -3.69498994550 -2.16702174189 -1.12049994554 -0.439213565131 -0.0193967198675 0.287784114199 0.604605462667 0.872919807287 0.853006708759
 -5.34243735053 -3.58758260764 -1.93445486011 -0.879777336553 -0.321159765368 0.00922936321352 0.312912367331 0.589766532896 0.800807874429 0.822105020325
 -5.30986831442 -3.52794667218 -1.84128179726 -0.736016126800 -0.206832155772 0.0591917641912 0.331170974905 0.582375931917 0.743764348466 0.773435979386
 -5.23505386731 -3.47038164075 -1.88006648919 -0.851190996116 -0.318155339410 -0.0140435902325 0.301150174822 0.590694229457 0.819681567831 0.808307837672
 -5.15516058145 -3.36526235200 -1.71580107979 -0.667055439820 -0.236763513616 -0.0173828870693 0.211692475516 0.522200197044 0.776063181923 0.875591104432
 -5.10339901840 -3.28455035259 -1.66349545718 -0.546661693242 -0.150743981193 0.0269659783999 0.173847641417 0.455094546475 0.727688788334 0.901877090953
 -5.07265107583 -3.22470339486 -1.59527075329 -0.521135225083 -0.0112379511228 0.125697336895 0.197723448888 0.359714064756 0.632177710826 0.916792307181
 -5.22000512925 -3.36166846082 -1.63836139070 -0.316711143217 0.317814759090 0.477838720659 0.345944319369 0.284229282920 0.394570079479 0.601339577630
 -5.25211621050 -3.38055344746 -1.65812648046 -0.373243171194 0.317136571223 0.446108448656 0.439136944256 0.331319022850 0.369883995654 0.562236450448
 -5.22440570781 -3.33629680888 -1.72919045792 -0.567867833641 0.0800617423604 0.363314267213 0.387111570710 0.449365698683 0.509568537899 0.687548752883
 -5.09138008456 -3.22537049314 -1.82183179688 -0.873153860940 -0.207953502122 0.0715420836092 0.208132602697 0.417475617919 0.700489386155 1.00213824783
 -4.95740014902 -3.24155139931 -1.84049434613 -1.00412805801 -0.532121656192 -0.268617318410 -0.115964537647 0.196452782263 0.752035004721 1.34757233444
 -4.88815833672 -3.22314949445 -1.83864645096 -1.03003291866 -0.689228198110 -0.500437696281 -0.323545330721 -0.00369342197169 0.654600886149 1.54417636327
# log_selcoffs_fsh[3]:
 -5.79368775161 -4.72368728731 -3.67912349887 -2.68187784468 -1.75417549076 -0.926294650835 -0.252635415005 0.238829253060 0.682418099935 1.02014070520 1.26032537703
 -5.83925644153 -4.75455248730 -3.71102905647 -2.72220259666 -1.76522724720 -0.874385985540 -0.157317703019 0.348896097324 0.676305705019 1.02219503371 1.19155791314
 -5.82808853914 -4.56692025094 -3.41612746097 -2.30001608516 -1.26921884196 -0.635764208727 -0.113970727683 0.296585002481 0.662319317621 0.978087479643 1.16527257249
 -5.77756392942 -4.11913270480 -2.70348649181 -1.80272287064 -1.17762809660 -0.632635009874 -0.158952531945 0.271309548266 0.653499518696 0.977328542803 1.15224900491
 -5.69196000990 -3.75138096165 -2.06772167291 -1.24916530417 -0.921875471381 -0.674023722828 -0.328203361765 0.0818984084319 0.574768605718 0.987623491253 1.21946327077
 -5.68080007481 -3.75759608417 -1.88178678125 -0.891013270772 -0.670528390754 -0.662700256589 -0.396592364228 0.0436291752308 0.552766528314 0.956170960725 1.20201775316
 -5.64601418723 -3.86507592660 -2.12568656142 -0.739614902447 -0.307484978460 -0.297905206811 -0.263898460859 0.0376758602265 0.454101536100 0.860261809688 1.14937175015
 -5.57957334544 -3.87180546104 -2.23392077539 -0.887294314378 -0.125581203279 -0.00616800734332 -0.0675617131316 0.0207597686308 0.348402659389 0.779162562050 1.10809992482
 -5.46355380822 -3.71096042364 -2.10660123783 -0.910424132664 -0.253260116763 -0.0304191670350 -0.0222812435816 0.0646881356456 0.337101721587 0.774353500912 1.12691989240
 -5.34377988049 -3.37484918032 -1.56561250794 -0.763062522141 -0.451536394115 -0.421530773606 -0.331960497252 -0.0337586201438 0.418422049799 0.890765718667 1.20962705652
 -5.25459061551 -3.11891084170 -1.51132361963 -0.775926810531 -0.677511754195 -0.671272109054 -0.489869088000 -0.0689921779208 0.480552790364 0.956500891840 1.24851305509
 -5.40305350739 -3.50262297448 -1.85999697570 -1.16584397505 -0.760568769842 -0.601814434393 -0.385051833136 0.0752345195247 0.569402270825 0.983570248663 1.18878208581
 -5.62990884013 -4.02527966260 -2.55823295280 -1.30489425742 -0.694460002117 -0.422879609281 -0.130257294216 0.222013587075 0.586443592946 0.922165883360 1.11075011482
 -5.87369981531 -4.31965708231 -2.83886338486 -1.49486136995 -0.671886725131 -0.373921693389 -0.0741305127416 0.358160034643 0.633209770456 0.875695659057 1.05043686311
 -6.10630936931 -4.47331765586 -2.89039067000 -1.62581169399 -0.835010357385 -0.445208855245 0.0384437226374 0.403370596586 0.703246178027 0.897670015075 0.974281095299
 -6.22710204436 -4.53692703178 -2.77123892703 -1.29736609880 -0.700478190831 -0.382606640986 -0.0195697207468 0.383944509120 0.658095589458 0.876386657027 0.989933233810
 -6.24456439847 -4.46462181499 -2.67650899341 -1.04291096112 -0.336898331231 -0.154924431610 -0.0444369034979 0.187717239299 0.509905777055 0.830135142204 1.05538017171
 -6.22413143359 -4.34235697956 -2.65866915875 -1.35303048817 -0.504902181588 -0.0546381289880 0.100123872433 0.237328151184 0.469664463976 0.815972795410 1.05505278782
# log_sel_spl_fsh[1]:
 0.00000000000 0.00000000000 0.00000000000 0.00000000000
 0.00000000000 0.00000000000 0.00000000000 0.00000000000
 0.00000000000 0.00000000000 0.00000000000 0.00000000000
 0.00000000000 0.00000000000 0.00000000000 0.00000000000
 0.00000000000 0.00000000000 0.00000000000 0.00000000000
 0.00000000000 0.00000000000 0.00000000000 0.00000000000
# log_sel_spl_fsh[2]:
 0.00000000000 0.00000000000 0.00000000000 0.00000000000
 0.00000000000 0.00000000000 0.00000000000 0.00000000000
 0.00000000000 0.00000000000 0.00000000000 0.00000000000
 0.00000000000 0.00000000000 0.00000000000 0.00000000000
 0.00000000000 0.00000000000 0.00000000000 0.00000000000
 0.00000000000 0.00000000000 0.00000000000 0.00000000000
 0.00000000000 0.00000000000 0.00000000000 0.00000000000
 0.00000000000 0.00000000000 0.00000000000 0.00000000000
 0.00000000000 0.00000000000 0.00000000000 0.00000000000
 0.00000000000 0.00000000000 0.00000000000 0.00000000000
 0.00000000000 0.00000000000 0.00000000000 0.00000000000
 0.00000000000 0.00000000000 0.00000000000 0.00000000000
 0.00000000000 0.00000000000 0.00000000000 0.00000000000
 0.00000000000 0.00000000000 0.00000000000 0.00000000000
 0.00000000000 0.00000000000 0.00000000000 0.00000000000
 0.00000000000 0.00000000000 0.00000000000 0.00000000000
 0.00000000000 0.00000000000 0.00000000000 0.00000000000
 0.00000000000 0.00000000000 0.00000000000 0.00000000000
 0.00000000000 0.00000000000 0.00000000000 0.00000000000
 0.00000000000 0.00000000000 0.00000000000 0.00000000000
 0.00000000000 0.00000000000 0.00000000000 0.00000000000
 0.00000000000 0.00000000000 0.00000000000 0.00000000000
 0.00000000000 0.00000000000 0.00000000000 0.00000000000
 0.00000000000 0.00000000000 0.00000000000 0.00000000000
 0.00000000000 0.00000000000 0.00000000000 0.00000000000
 0.00000000000 0.00000000000 0.00000000000 0.00000000000
 0.00000000000 0.00000000000 0.00000000000 0.00000000000
 0.00000000000 0.00000000000 0.00000000000 0.00000000000
 0.00000000000 0.00000000000 0.00000000000 0.00000000000
 0.00000000000 0.00000000000 0.00000000000 0.00000000000
 0.00000000000 0.00000000000 0.00000000000 0.00000000000
 0.00000000000 0.00000000000 0.00000000000 0.00000000000
 0.00000000000 0.00000000000 0.00000000000 0.00000000000
# log_sel_spl_fsh[3]:
 0.00000000000 0.00000000000 0.00000000000 0.00000000000
 0.00000000000 0.00000000000 0.00000000000 0.00000000000
 0.00000000000 0.00000000000 0.00000000000 0.00000000000
 0.00000000000 0.00000000000 0.00000000000 0.00000000000
 0.00000000000 0.00000000000 0.00000000000 0.00000000000
 0.00000000000 0.00000000000 0.00000000000 0.00000000000
 0.00000000000 0.00000000000 0.00000000000 0.00000000000
 0.00000000000 0.00000000000 0.00000000000 0.00000000000
 0.00000000000 0.00000000000 0.00000000000 0.00000000000
 0.00000000000 0.00000000000 0.00000000000 0.00000000000
 0.00000000000 0.00000000000 0.00000000000 0.00000000000
 0.00000000000 0.00000000000 0.00000000000 0.00000000000
 0.00000000000 0.00000000000 0.00000000000 0.00000000000
 0.00000000000 0.00000000000 0.00000000000 0.00000000000
 0.00000000000 0.00000000000 0.00000000000 0.00000000000
 0.00000000000 0.00000000000 0.00000000000 0.00000000000
 0.00000000000 0.00000000000 0.00000000000 0.00000000000
 0.00000000000 0.00000000000 0.00000000000 0.00000000000
# logsel_slope_fsh[1]:
 0.00000000000 0.00000000000 0.00000000000 0.00000000000 0.00000000000 0.00000000000
# logsel_slope_fsh[2]:
 0.00000000000 0.00000000000 0.00000000000 0.00000000000 0.00000000000 0.00000000000 0.00000000000 0.00000000000 0.00000000000 0.00000000000 0.00000000000 0.00000000000 0.00000000000 0.00000000000 0.00000000000 0.00000000000 0.00000000000 0.00000000000 0.00000000000 0.00000000000 0.00000000000 0.00000000000 0.00000000000 0.00000000000 0.00000000000 0.00000000000 0.00000000000 0.00000000000 0.00000000000 0.00000000000 0.00000000000 0.00000000000 0.00000000000
# logsel_slope_fsh[3]:
 0.00000000000 0.00000000000 0.00000000000 0.00000000000 0.00000000000 0.00000000000 0.00000000000 0.00000000000 0.00000000000 0.00000000000 0.00000000000 0.00000000000 0.00000000000 0.00000000000 0.00000000000 0.00000000000 0.00000000000 0.00000000000
# sel50_fsh[1]:
 0.00000000000 0.00000000000 0.00000000000 0.00000000000 0.00000000000 0.00000000000
# sel50_fsh[2]:
 0.00000000000 0.00000000000 0.00000000000 0.00000000000 0.00000000000 0.00000000000 0.00000000000 0.00000000000 0.00000000000 0.00000000000 0.00000000000 0.00000000000 0.00000000000 0.00000000000 0.00000000000 0.00000000000 0.00000000000 0.00000000000 0.00000000000 0.00000000000 0.00000000000 0.00000000000 0.00000000000 0.00000000000 0.00000000000 0.00000000000 0.00000000000 0.00000000000 0.00000000000 0.00000000000 0.00000000000 0.00000000000 0.00000000000
# sel50_fsh[3]:
 0.00000000000 0.00000000000 0.00000000000 0.00000000000 0.00000000000 0.00000000000 0.00000000000 0.00000000000 0.00000000000 0.00000000000 0.00000000000 0.00000000000 0.00000000000 0.00000000000 0.00000000000 0.00000000000 0.00000000000 0.00000000000
# logsel_p1_fsh[1]:
 0.00000000000 0.00000000000 0.00000000000 0.00000000000 0.00000000000 0.00000000000
# logsel_p1_fsh[2]:
 0.00000000000 0.00000000000 0.00000000000 0.00000000000 0.00000000000 0.00000000000 0.00000000000 0.00000000000 0.00000000000 0.00000000000 0.00000000000 0.00000000000 0.00000000000 0.00000000000 0.00000000000 0.00000000000 0.00000000000 0.00000000000 0.00000000000 0.00000000000 0.00000000000 0.00000000000 0.00000000000 0.00000000000 0.00000000000 0.00000000000 0.00000000000 0.00000000000 0.00000000000 0.00000000000 0.00000000000 0.00000000000 0.00000000000
# logsel_p1_fsh[3]:
 0.00000000000 0.00000000000 0.00000000000 0.00000000000 0.00000000000 0.00000000000 0.00000000000 0.00000000000 0.00000000000 0.00000000000 0.00000000000 0.00000000000 0.00000000000 0.00000000000 0.00000000000 0.00000000000 0.00000000000 0.00000000000
# logsel_p2_fsh[1]:
 0.00000000000 0.00000000000 0.00000000000 0.00000000000 0.00000000000 0.00000000000
# logsel_p2_fsh[2]:
 0.00000000000 0.00000000000 0.00000000000 0.00000000000 0.00000000000 0.00000000000 0.00000000000 0.00000000000 0.00000000000 0.00000000000 0.00000000000 0.00000000000 0.00000000000 0.00000000000 0.00000000000 0.00000000000 0.00000000000 0.00000000000 0.00000000000 0.00000000000 0.00000000000 0.00000000000 0.00000000000 0.00000000000 0.00000000000 0.00000000000 0.00000000000 0.00000000000 0.00000000000 0.00000000000 0.00000000000 0.00000000000 0.00000000000
# logsel_p2_fsh[3]:
 0.00000000000 0.00000000000 0.00000000000 0.00000000000 0.00000000000 0.00000000000 0.00000000000 0.00000000000 0.00000000000 0.00000000000 0.00000000000 0.00000000000 0.00000000000 0.00000000000 0.00000000000 0.00000000000 0.00000000000 0.00000000000
# logsel_p3_fsh[1]:
 0.00000000000 0.00000000000 0.00000000000 0.00000000000 0.00000000000 0.00000000000
# logsel_p3_fsh[2]:
 0.00000000000 0.00000000000 0.00000000000 0.00000000000 0.00000000000 0.00000000000 0.00000000000 0.00000000000 0.00000000000 0.00000000000 0.00000000000 0.00000000000 0.00000000000 0.00000000000 0.00000000000 0.00000000000 0.00000000000 0.00000000000 0.00000000000 0.00000000000 0.00000000000 0.00000000000 0.00000000000 0.00000000000 0.00000000000 0.00000000000 0.00000000000 0.00000000000 0.00000000000 0.00000000000 0.00000000000 0.00000000000 0.00000000000
# logsel_p3_fsh[3]:
 0.00000000000 0.00000000000 0.00000000000 0.00000000000 0.00000000000 0.00000000000 0.00000000000 0.00000000000 0.00000000000 0.00000000000 0.00000000000 0.00000000000 0.00000000000 0.00000000000 0.00000000000 0.00000000000 0.00000000000 0.00000000000
# rec_dev_future:
 0.00000000000 0.00000000000 0.00000000000 0.00000000000 0.00000000000 0.00000000000 0.00000000000 0.00000000000 0.00000000000 0.00000000000 0.00000000000 0.00000000000 0.00000000000 0.00000000000 0.00000000000 0.00000000000 0.00000000000 0.00000000000 0.00000000000 0.00000000000
# log_q_ind[1]:
-0.247151481745
# log_q_ind[2]:
-5.94399454832
# log_q_power_ind[1]:
0.00000000000
# log_q_power_ind[2]:
0.00000000000
# log_selcoffs_ind[1]:
 -7.69219185609 -5.68116109748 -4.21506086119 -2.78575430138 -1.59017711059 -0.916226420489 -0.0259320712560 0.663214650394 0.984624275314 1.31467362835
 -7.68702309932 -5.58284373161 -4.06808966169 -2.65676883625 -1.29021748520 -0.660258330036 0.119746748137 0.431766104873 0.971289139136 1.33711261517
 -7.67838624809 -5.47089446717 -3.90261434275 -2.39313938968 -1.34697731473 -0.476812333800 0.00908992544353 0.523403065519 0.940745444544 1.32021622036
 -7.66570203064 -5.38690107899 -3.88945792747 -2.70150186180 -1.78218582781 -0.854623507699 -0.156481791471 0.445912639017 1.09984574524 1.35915852359
 -7.64785412246 -5.19055319725 -3.59090116928 -2.67199633849 -1.86480860891 -1.27583521083 -0.547936217717 0.484148481944 0.916245859223 1.56073510108
 -7.62175702640 -5.02534676329 -3.54964994540 -2.78916948008 -1.99974640189 -1.27732052728 -0.749645559122 0.173298247671 0.950831799724 1.65612396553
 -7.56795842651 -4.65128010138 -3.12754442981 -2.38944966486 -1.41441552406 -0.769899642979 -0.514883731505 0.214138494849 0.815772655601 1.61958922859
 -7.49876752622 -3.94355626802 -1.63928676624 -1.55843546112 -1.37321764625 -1.05103073712 -0.779245815348 -0.00126361749217 0.804156338890 1.66398599774
 -7.42421507363 -3.79863467119 -1.65923482612 -1.28575590006 -1.14275801792 -0.902697113724 -0.692198703264 0.235914091721 0.740388643478 1.59383136444
 -7.36085739842 -3.75038418545 -1.42043947235 -0.771145255946 -0.852778187519 -0.850647466283 -0.686616205706 0.0703791643955 0.628030611014 1.60307566234
 -7.29943408517 -3.55767945295 -1.10662148822 -0.704479544210 -0.815680417960 -0.989558706387 -0.762483207228 0.0631211490739 0.570112157448 1.61573252530
 -7.23547170258 -3.37121942062 -1.24756512687 -0.931464823748 -1.08316405883 -0.840506459485 -0.541427832440 0.172971626061 0.517359468780 1.62243239479
 -7.16864774516 -3.05282197149 -1.05010132951 -0.702243886632 -1.03546263104 -0.827966659574 -0.626726171154 -0.147365650581 0.371868004970 1.69870670209
 -7.09936070971 -2.92623974800 -0.909762568712 -0.851285497122 -0.592398497656 -0.197684490693 0.0417312082889 0.167973120651 0.390207484169 1.39615958514
 -7.02901777058 -2.86951610784 -0.941924920147 -0.385444996653 -0.444979860624 -0.0311335985195 0.318010693481 0.202705393208 0.324586053324 1.18772743047
 -6.95445954411 -2.47389135454 -1.06888452206 -0.478707634878 -0.149993009500 -0.116664591541 0.465994332601 0.178500181649 0.235252954451 1.14643908958
 -6.97100427976 -1.60603744414 -0.902652903318 -0.488371196809 -0.433984249233 -0.244861764719 0.234745525169 0.0931462509264 0.338175748161 1.27646028751
 -6.98512640911 -2.15178229659 -0.659537175355 -0.300396921920 -0.633388533761 -0.403243855979 -0.0424561356171 -0.0425137828683 0.350061738250 1.40861309767
 -6.99867018178 -2.03072819838 -0.271192005093 -0.490738317583 -1.09919196043 -0.793449634785 -0.435118557004 -0.277148828530 0.347284951167 1.58666682037
# log_selcoffs_ind[2]:
 0.00000000000 0.00000000000 0.00000000000 0.00000000000 0.00000000000 0.00000000000 0.00000000000 0.00000000000 0.00000000000 0.00000000000
# logsel_slope_ind[1]:
 0.00000000000 0.00000000000 0.00000000000 0.00000000000 0.00000000000 0.00000000000 0.00000000000 0.00000000000 0.00000000000 0.00000000000 0.00000000000 0.00000000000 0.00000000000 0.00000000000 0.00000000000 0.00000000000 0.00000000000 0.00000000000 0.00000000000
# logsel_slope_ind[2]:
 0.00000000000
# sel50_ind[1]:
 0.00000000000 0.00000000000 0.00000000000 0.00000000000 0.00000000000 0.00000000000 0.00000000000 0.00000000000 0.00000000000 0.00000000000 0.00000000000 0.00000000000 0.00000000000 0.00000000000 0.00000000000 0.00000000000 0.00000000000 0.00000000000 0.00000000000
# sel50_ind[2]:
 0.00000000000
# logsel_p1_ind[1]:
 0.00000000000 0.00000000000 0.00000000000 0.00000000000 0.00000000000 0.00000000000 0.00000000000 0.00000000000 0.00000000000 0.00000000000 0.00000000000 0.00000000000 0.00000000000 0.00000000000 0.00000000000 0.00000000000 0.00000000000 0.00000000000 0.00000000000
# logsel_p1_ind[2]:
 0.00000000000
# sel_p2_ind[1]:
 0.00000000000 0.00000000000 0.00000000000 0.00000000000 0.00000000000 0.00000000000 0.00000000000 0.00000000000 0.00000000000 0.00000000000 0.00000000000 0.00000000000 0.00000000000 0.00000000000 0.00000000000 0.00000000000 0.00000000000 0.00000000000 0.00000000000
# sel_p2_ind[2]:
 0.00000000000
# logsel_p3_ind[1]:
 0.00000000000 0.00000000000 0.00000000000 0.00000000000 0.00000000000 0.00000000000 0.00000000000 0.00000000000 0.00000000000 0.00000000000 0.00000000000 0.00000000000 0.00000000000 0.00000000000 0.00000000000 0.00000000000 0.00000000000 0.00000000000 0.00000000000
# logsel_p3_ind[2]:
 0.00000000000
