# Number of parameters = 876 Objective function value = 168.427299444990  Maximum gradient component = 6.67772046716238e-05
# Mest[1]:
0.350000000000
# log_Linf[1]:
4.38701417618
# log_k[1]:
-1.83258146375
# log_Lo[1]:
2.75684036527
# log_sdage[1]:
-2.40794560865
# mean_log_rec[1]:
7.11495429674
# steepness[1]:
0.493874593598
# log_Rzero[1]:
7.44677609066
# rec_dev:
 -0.152378296824 -0.201100043018 -0.258638355301 -0.331351897147 -0.403407676327 -0.489449196554 -0.568088912547 -0.631758091803 -0.651091910937 -0.368255565212 0.0272245369053 0.511636900535 0.521438241955 0.617962213702 0.943835130683 0.731951737814 0.584933571881 0.486529662982 0.579291021100 0.615194919693 0.569674986928 0.552465384797 0.965067817351 0.616460769679 1.26972446552 0.324808650400 0.330816096663 0.444911771257 -0.191939272325 -0.369145203139 -0.219203456563 -0.583595533890 -0.261940712233 -0.0876454549657 -0.316697148643 -0.496398787974 -0.608387704160 -0.348299015779 -0.608608888536 -0.412156879555 -0.565161719534 -0.826345689980 -0.896038775851 -0.624299278281 0.352471173195 -0.146499185394 -1.05047455179e-08
# log_sigmar[1]:
-0.223143551314
# fmort:
 -13.7915238677 -13.9143107020 -2.38159745516 -1.89015237747 -1.75123398164 -2.35220177625 -2.00320351498 -1.68691095774 -2.69027832517 -2.79052813991 -1.82862880218 -1.14165716956 -3.14534209194 -1.54039086224 -1.39699712599 -2.63184542811 -2.21838654390 -2.35710535092 -5.17922411793 -5.41051441176 -4.84964763236 -9.44173221069 -10.7350203191 -13.4630205203 -7.91495619415 -6.79031455513 -6.77946492515 -6.74181280687 -13.2046867288 -13.1903483325 -13.1057376570 -13.0838289472 -13.3371464196 -13.7119582944
 -2.75336686851 -1.96071643029 -2.69215646536 -2.78732935332 -2.81414340099 -2.57646369438 -3.02093087287 -2.78851855809 -3.04749003429 -3.02344451585 -2.91692992207 -2.72688063133 -2.67548226186 -2.95670877081 -2.48417042045 -2.66920500242 -2.50523676771 -2.29281727916 -1.81775101488 -1.25246340323 -0.999204510824 -0.892599458980 -1.13671895832 -1.12849169016 -0.984954821287 -0.882557714361 -1.09978261226 -0.962406103619 -1.11687679306 -1.49771485855 -1.48618818979 -1.57962235895 -2.25793101463 -2.70075006845
 -13.6106692203 -13.4178778788 -13.2352017893 -13.3125832904 -13.2945427082 -12.9818647599 -13.1402820025 -13.0898302787 -13.0789158334 -13.1703480053 -13.1829230561 -13.0664787860 -12.7330212134 -12.8957241136 -12.7885998881 -12.6818817022 -2.77695367312 -2.23884018713 -1.17818616784 -2.12893754405 -1.53376174359 -2.15730074327 -1.91780729945 -2.00265466687 -2.40719488180 -1.82443253849 -1.10171247016 -1.10001346094 -1.59164373905 -2.33934266522 -2.70288697424 -3.16280676500 -3.22322476338 -3.29161065542
# log_selcoffs_fsh[1]:
 -1.50228354719 -0.200838972141 0.244213435826 0.223383773458 0.196265432573 0.195211329353
 -1.75186123657 0.119939073763 0.435318009280 0.156095526533 0.00520811760716 -0.0207058490546
 -2.09642149220 -0.485075192643 0.769041102767 0.267280158254 0.00775204140904 -0.236268241603
 -2.20041424561 -0.494345535850 0.524303715484 0.601211084893 0.0189194995458 -0.292273864821
 -2.14949219767 -0.102337833273 0.734863459855 0.341409686783 -0.175949619113 -0.430867383292
 -2.19464092035 -0.403933514418 0.708066312474 0.554581841145 -0.167088835947 -0.504986496207
# log_selcoffs_fsh[2]:
 -5.08849331659 -3.85331971229 -2.65870652457 -1.56720437465 -0.642095904912 0.0567028775289 0.497425357033 0.717886588268 0.790917882216 0.792734513240
 -5.23254924401 -3.94460978690 -2.68564362322 -1.56520918902 -0.558241578537 0.242764159184 0.563385814633 0.682423554912 0.725895463997 0.717468654930
 -5.32137996749 -4.00172217553 -2.71977881386 -1.49583736107 -0.538420316689 0.281277322043 0.568027517088 0.668228707976 0.713190057160 0.704254021471
 -5.37532745815 -3.98989010820 -2.69939213194 -1.49538793724 -0.538323995440 0.185216664994 0.520347455428 0.696388519971 0.755842046325 0.732246043373
 -5.41565786819 -4.00281194494 -2.70268122786 -1.52726067972 -0.519501711972 0.190106121268 0.478469299961 0.669936487053 0.769686866503 0.771095481440
 -5.45952921665 -4.01394462360 -2.69233306168 -1.52927790702 -0.545456590846 0.0737969067629 0.438995195884 0.689100937159 0.816607747877 0.802548458060
 -5.48641033558 -3.98463673040 -2.58996136876 -1.51382906829 -0.682002284293 -0.0995176017673 0.363883376423 0.696130578511 0.901680484822 0.859792257120
 -5.52583547253 -4.06156083097 -2.65868150431 -1.56399182710 -0.737237552947 -0.178608896949 0.334403538088 0.728391834034 0.908608499376 0.889892628157
 -5.54585440217 -4.13345921409 -2.82880829090 -1.63973945022 -0.767957744920 -0.208781174935 0.340757514088 0.741670843634 0.914430120955 0.896339939046
 -5.55239221093 -4.17135665781 -2.89894404676 -1.67663521922 -0.785327877479 -0.180935082883 0.395285873259 0.735496864288 0.871723587161 0.910591182305
 -5.52936144335 -4.22410397542 -2.94138413970 -1.67241849050 -0.795193275444 -0.179296723101 0.295212114956 0.660903063814 0.903813826348 0.994918213425
 -5.52855670511 -4.23391675788 -3.00774560495 -1.73385572642 -0.591802177242 -0.0614221246565 0.290117185279 0.603377802121 0.873441389292 0.993905264441
 -5.51246911304 -4.15554873924 -2.90155372111 -1.73821235158 -0.758786902097 -0.0347946964934 0.302871599896 0.626247595683 0.864599562554 0.999566023292
 -5.46823262426 -3.98132690579 -2.69955260889 -1.64996711816 -0.720895047191 -0.140877217135 0.268301460339 0.607249305103 0.874982976431 1.03707866003
 -5.46242067065 -4.00786609325 -2.69052381408 -1.62824811573 -0.735707308592 -0.135170268062 0.244795370694 0.602513660254 0.892083571514 1.03548046340
 -5.48529246961 -4.04802642962 -2.72134177092 -1.63460000183 -0.796391328334 -0.195971330792 0.281413653129 0.640998027791 0.923795888331 0.994133015030
 -5.50730257801 -4.05518288068 -2.67779351089 -1.57214189871 -0.791810349175 -0.264869385357 0.253585204830 0.720246304064 0.935896733484 0.951229541267
 -5.47984518630 -3.97407144885 -2.56935546709 -1.54655414922 -0.857628935319 -0.343385152273 0.187135896733 0.654486119966 0.995700285452 0.999665417795
 -5.46151210716 -3.90159917335 -2.49651919647 -1.40953195062 -0.695684457612 -0.232539788727 0.199285231557 0.639832343335 0.915052873406 1.00943968649
 -5.50090061350 -3.85464886430 -2.36807760564 -1.28623277066 -0.500242832199 -0.0527096983686 0.257555951655 0.655911980358 0.877890120951 0.885107613900
 -5.49028220663 -3.74409949327 -2.16804393831 -1.10316891747 -0.422372888454 -0.00883841846163 0.289072916344 0.595678074746 0.860716448653 0.860779305666
 -5.48965753227 -3.66977694006 -1.95554555031 -0.868476020677 -0.305791785409 0.0180129691659 0.311551172010 0.580353963879 0.793385211679 0.829212854305
 -5.49700214592 -3.65440713809 -1.89724706991 -0.740293092076 -0.194430921756 0.0680718568247 0.330450485784 0.574085443244 0.739110303290 0.783057108157
 -5.45872990598 -3.65345515429 -1.99032658251 -0.886482095141 -0.316229899886 -0.00571402937502 0.302181352026 0.585644062110 0.818577746333 0.824905370789
 -5.40418108746 -3.61362479988 -1.91497742639 -0.768070217049 -0.267905033577 -0.0178094902551 0.217923086040 0.527242134224 0.788636604243 0.904957940036
 -5.35283240583 -3.58423206863 -1.96569954517 -0.769906309180 -0.256217126272 -0.00531627260483 0.178846456143 0.480838041052 0.770608376061 0.963698724638
 -5.28501685271 -3.53083950772 -1.96572037185 -0.867374026890 -0.257853835788 0.0154055655518 0.176123098698 0.403640938124 0.729429701920 1.04856837709
 -5.34726966906 -3.59704191682 -1.97860521647 -0.712570321483 -0.0375956161111 0.238909996109 0.285016054729 0.375907313700 0.616260076540 0.903464562816
 -5.28113822073 -3.51308387887 -1.91424444276 -0.744491932563 -0.121833202722 0.0595791838419 0.209091850921 0.373349883102 0.659314958072 1.02150660829
 -5.17710566875 -3.36015962554 -1.86904858505 -0.840998014110 -0.323621356816 -0.111850467876 0.00678199471394 0.295763326031 0.721093096137 1.20858314424
 -5.03424849493 -3.18108898598 -1.85651258557 -1.01682833455 -0.449422160837 -0.294189709338 -0.165217608235 0.172343071533 0.664513416321 1.40401658582
# log_selcoffs_fsh[3]:
 -5.78204474346 -4.69540952803 -3.63785777515 -2.63358654199 -1.70486909649 -0.883974851415 -0.225734907166 0.248541332032 0.676918946469 1.01193377716 1.25159464606
 -5.82920085928 -4.72532301957 -3.66749691677 -2.67030894272 -1.71076101435 -0.823785323032 -0.117680797394 0.362115952841 0.671908945823 1.00310751792 1.18291236967
 -5.82701805605 -4.54331816729 -3.37532404734 -2.25052411176 -1.21521337030 -0.581868087857 -0.0719518010312 0.315201871851 0.650556370470 0.958232049705 1.15264650076
 -5.78818510947 -4.09984423335 -2.66572309525 -1.75884224392 -1.13346494512 -0.591539130617 -0.128200662066 0.282437583931 0.644725687469 0.956053363909 1.14748753273
 -5.72896632610 -3.74302552728 -2.03396367123 -1.21214044495 -0.887289378557 -0.645201292543 -0.309829378871 0.0824564735008 0.559030898568 0.974260567755 1.22102347893
 -5.75993975018 -3.77393481264 -1.85762483171 -0.861123952511 -0.647205797890 -0.647728227644 -0.393436607864 0.0319663435375 0.529651026043 0.944441619208 1.21535313198
 -5.78670935739 -3.92522234897 -2.12674010184 -0.721511190530 -0.295668423665 -0.298337025780 -0.277050911130 0.0133861203397 0.429209026622 0.852949882213 1.17303106528
 -5.79766393963 -3.99319870063 -2.27545435858 -0.890476620333 -0.126726329696 -0.0197935413029 -0.0932520630112 -0.0134459996315 0.321869377406 0.781369767950 1.14491170126
 -5.76955665079 -3.91660809043 -2.21001965904 -0.946759560061 -0.270088509537 -0.0527736399414 -0.0562935548633 0.0254300733141 0.309503863847 0.783040961447 1.17726522725
 -5.73497510825 -3.69210619906 -1.78129565845 -0.865840718129 -0.499647597890 -0.453738735233 -0.366079839444 -0.0696806460810 0.397361965769 0.905455513916 1.26797451151
 -5.70773734745 -3.54486165131 -1.87035444579 -1.01809706790 -0.797044619999 -0.728174221195 -0.518893907625 -0.0857368256162 0.478467411152 0.985683915249 1.31177287300
 -5.88289282645 -3.98935150291 -2.32165595646 -1.54632957097 -1.02773402164 -0.742817508878 -0.445356746861 0.0649404140481 0.590895676135 1.03105884287 1.25750724438
 -6.09578536547 -4.50888841840 -3.04666128693 -1.76587346344 -1.09191998750 -0.713192798477 -0.275892843499 0.189854690699 0.630866514628 1.00856968364 1.21004951189
 -6.29529142642 -4.75823930595 -3.28970508434 -1.95417697490 -1.13047758333 -0.789775900551 -0.373221298646 0.247773389606 0.678498309857 1.01095181343 1.20746348492
 -6.46543672690 -4.84109010174 -3.26715875905 -2.01339579362 -1.25689260266 -0.899676430043 -0.371993547260 0.148242074838 0.692670847888 1.06882296523 1.21417311931
 -6.52437889368 -4.84466504682 -3.08746516078 -1.65073207942 -1.09981563535 -0.824394106025 -0.447672467122 0.0716417154924 0.558749291328 1.04860873931 1.29914364572
# log_sel_spl_fsh[1]:
 0.00000000000 0.00000000000 0.00000000000 0.00000000000
 0.00000000000 0.00000000000 0.00000000000 0.00000000000
 0.00000000000 0.00000000000 0.00000000000 0.00000000000
 0.00000000000 0.00000000000 0.00000000000 0.00000000000
 0.00000000000 0.00000000000 0.00000000000 0.00000000000
 0.00000000000 0.00000000000 0.00000000000 0.00000000000
# log_sel_spl_fsh[2]:
 0.00000000000 0.00000000000 0.00000000000 0.00000000000
 0.00000000000 0.00000000000 0.00000000000 0.00000000000
 0.00000000000 0.00000000000 0.00000000000 0.00000000000
 0.00000000000 0.00000000000 0.00000000000 0.00000000000
 0.00000000000 0.00000000000 0.00000000000 0.00000000000
 0.00000000000 0.00000000000 0.00000000000 0.00000000000
 0.00000000000 0.00000000000 0.00000000000 0.00000000000
 0.00000000000 0.00000000000 0.00000000000 0.00000000000
 0.00000000000 0.00000000000 0.00000000000 0.00000000000
 0.00000000000 0.00000000000 0.00000000000 0.00000000000
 0.00000000000 0.00000000000 0.00000000000 0.00000000000
 0.00000000000 0.00000000000 0.00000000000 0.00000000000
 0.00000000000 0.00000000000 0.00000000000 0.00000000000
 0.00000000000 0.00000000000 0.00000000000 0.00000000000
 0.00000000000 0.00000000000 0.00000000000 0.00000000000
 0.00000000000 0.00000000000 0.00000000000 0.00000000000
 0.00000000000 0.00000000000 0.00000000000 0.00000000000
 0.00000000000 0.00000000000 0.00000000000 0.00000000000
 0.00000000000 0.00000000000 0.00000000000 0.00000000000
 0.00000000000 0.00000000000 0.00000000000 0.00000000000
 0.00000000000 0.00000000000 0.00000000000 0.00000000000
 0.00000000000 0.00000000000 0.00000000000 0.00000000000
 0.00000000000 0.00000000000 0.00000000000 0.00000000000
 0.00000000000 0.00000000000 0.00000000000 0.00000000000
 0.00000000000 0.00000000000 0.00000000000 0.00000000000
 0.00000000000 0.00000000000 0.00000000000 0.00000000000
 0.00000000000 0.00000000000 0.00000000000 0.00000000000
 0.00000000000 0.00000000000 0.00000000000 0.00000000000
 0.00000000000 0.00000000000 0.00000000000 0.00000000000
 0.00000000000 0.00000000000 0.00000000000 0.00000000000
 0.00000000000 0.00000000000 0.00000000000 0.00000000000
# log_sel_spl_fsh[3]:
 0.00000000000 0.00000000000 0.00000000000 0.00000000000
 0.00000000000 0.00000000000 0.00000000000 0.00000000000
 0.00000000000 0.00000000000 0.00000000000 0.00000000000
 0.00000000000 0.00000000000 0.00000000000 0.00000000000
 0.00000000000 0.00000000000 0.00000000000 0.00000000000
 0.00000000000 0.00000000000 0.00000000000 0.00000000000
 0.00000000000 0.00000000000 0.00000000000 0.00000000000
 0.00000000000 0.00000000000 0.00000000000 0.00000000000
 0.00000000000 0.00000000000 0.00000000000 0.00000000000
 0.00000000000 0.00000000000 0.00000000000 0.00000000000
 0.00000000000 0.00000000000 0.00000000000 0.00000000000
 0.00000000000 0.00000000000 0.00000000000 0.00000000000
 0.00000000000 0.00000000000 0.00000000000 0.00000000000
 0.00000000000 0.00000000000 0.00000000000 0.00000000000
 0.00000000000 0.00000000000 0.00000000000 0.00000000000
 0.00000000000 0.00000000000 0.00000000000 0.00000000000
# logsel_slope_fsh[1]:
 0.00000000000 0.00000000000 0.00000000000 0.00000000000 0.00000000000 0.00000000000
# logsel_slope_fsh[2]:
 0.00000000000 0.00000000000 0.00000000000 0.00000000000 0.00000000000 0.00000000000 0.00000000000 0.00000000000 0.00000000000 0.00000000000 0.00000000000 0.00000000000 0.00000000000 0.00000000000 0.00000000000 0.00000000000 0.00000000000 0.00000000000 0.00000000000 0.00000000000 0.00000000000 0.00000000000 0.00000000000 0.00000000000 0.00000000000 0.00000000000 0.00000000000 0.00000000000 0.00000000000 0.00000000000 0.00000000000
# logsel_slope_fsh[3]:
 0.00000000000 0.00000000000 0.00000000000 0.00000000000 0.00000000000 0.00000000000 0.00000000000 0.00000000000 0.00000000000 0.00000000000 0.00000000000 0.00000000000 0.00000000000 0.00000000000 0.00000000000 0.00000000000
# sel50_fsh[1]:
 0.00000000000 0.00000000000 0.00000000000 0.00000000000 0.00000000000 0.00000000000
# sel50_fsh[2]:
 0.00000000000 0.00000000000 0.00000000000 0.00000000000 0.00000000000 0.00000000000 0.00000000000 0.00000000000 0.00000000000 0.00000000000 0.00000000000 0.00000000000 0.00000000000 0.00000000000 0.00000000000 0.00000000000 0.00000000000 0.00000000000 0.00000000000 0.00000000000 0.00000000000 0.00000000000 0.00000000000 0.00000000000 0.00000000000 0.00000000000 0.00000000000 0.00000000000 0.00000000000 0.00000000000 0.00000000000
# sel50_fsh[3]:
 0.00000000000 0.00000000000 0.00000000000 0.00000000000 0.00000000000 0.00000000000 0.00000000000 0.00000000000 0.00000000000 0.00000000000 0.00000000000 0.00000000000 0.00000000000 0.00000000000 0.00000000000 0.00000000000
# logsel_p1_fsh[1]:
 0.00000000000 0.00000000000 0.00000000000 0.00000000000 0.00000000000 0.00000000000
# logsel_p1_fsh[2]:
 0.00000000000 0.00000000000 0.00000000000 0.00000000000 0.00000000000 0.00000000000 0.00000000000 0.00000000000 0.00000000000 0.00000000000 0.00000000000 0.00000000000 0.00000000000 0.00000000000 0.00000000000 0.00000000000 0.00000000000 0.00000000000 0.00000000000 0.00000000000 0.00000000000 0.00000000000 0.00000000000 0.00000000000 0.00000000000 0.00000000000 0.00000000000 0.00000000000 0.00000000000 0.00000000000 0.00000000000
# logsel_p1_fsh[3]:
 0.00000000000 0.00000000000 0.00000000000 0.00000000000 0.00000000000 0.00000000000 0.00000000000 0.00000000000 0.00000000000 0.00000000000 0.00000000000 0.00000000000 0.00000000000 0.00000000000 0.00000000000 0.00000000000
# logsel_p2_fsh[1]:
 0.00000000000 0.00000000000 0.00000000000 0.00000000000 0.00000000000 0.00000000000
# logsel_p2_fsh[2]:
 0.00000000000 0.00000000000 0.00000000000 0.00000000000 0.00000000000 0.00000000000 0.00000000000 0.00000000000 0.00000000000 0.00000000000 0.00000000000 0.00000000000 0.00000000000 0.00000000000 0.00000000000 0.00000000000 0.00000000000 0.00000000000 0.00000000000 0.00000000000 0.00000000000 0.00000000000 0.00000000000 0.00000000000 0.00000000000 0.00000000000 0.00000000000 0.00000000000 0.00000000000 0.00000000000 0.00000000000
# logsel_p2_fsh[3]:
 0.00000000000 0.00000000000 0.00000000000 0.00000000000 0.00000000000 0.00000000000 0.00000000000 0.00000000000 0.00000000000 0.00000000000 0.00000000000 0.00000000000 0.00000000000 0.00000000000 0.00000000000 0.00000000000
# logsel_p3_fsh[1]:
 0.00000000000 0.00000000000 0.00000000000 0.00000000000 0.00000000000 0.00000000000
# logsel_p3_fsh[2]:
 0.00000000000 0.00000000000 0.00000000000 0.00000000000 0.00000000000 0.00000000000 0.00000000000 0.00000000000 0.00000000000 0.00000000000 0.00000000000 0.00000000000 0.00000000000 0.00000000000 0.00000000000 0.00000000000 0.00000000000 0.00000000000 0.00000000000 0.00000000000 0.00000000000 0.00000000000 0.00000000000 0.00000000000 0.00000000000 0.00000000000 0.00000000000 0.00000000000 0.00000000000 0.00000000000 0.00000000000
# logsel_p3_fsh[3]:
 0.00000000000 0.00000000000 0.00000000000 0.00000000000 0.00000000000 0.00000000000 0.00000000000 0.00000000000 0.00000000000 0.00000000000 0.00000000000 0.00000000000 0.00000000000 0.00000000000 0.00000000000 0.00000000000
# rec_dev_future:
 0.00000000000 0.00000000000 0.00000000000 0.00000000000 0.00000000000 0.00000000000 0.00000000000 0.00000000000 0.00000000000 0.00000000000 0.00000000000 0.00000000000 0.00000000000 0.00000000000 0.00000000000 0.00000000000 0.00000000000 0.00000000000 0.00000000000 0.00000000000
# log_q_ind[1]:
-0.407053934339
# log_q_ind[2]:
-5.99754356164
# log_q_power_ind[1]:
0.00000000000
# log_q_power_ind[2]:
0.00000000000
# log_selcoffs_ind[1]:
 -7.71726802872 -5.57428592420 -4.09542837214 -2.66553400225 -1.47418545758 -0.826648194656 0.0413953845136 0.685422380007 0.964118045850 1.27918889878
 -7.71320270013 -5.47707686686 -3.94840945729 -2.53453418140 -1.17179097216 -0.551857478699 0.193946973445 0.471759043548 0.946187538555 1.28602731227
 -7.70643675420 -5.36613979293 -3.78327706173 -2.26880236491 -1.22327035928 -0.361015557813 0.110427476327 0.571022994371 0.925664604421 1.24331342980
 -7.69660699735 -5.28260366557 -3.76830170173 -2.57524208015 -1.64944788398 -0.726107052015 -0.0414586269043 0.526798142213 1.09729306852 1.27266640002
 -7.68278027088 -5.08727133339 -3.46563876268 -2.54321579363 -1.72981625271 -1.13653713207 -0.417786567819 0.590189019960 0.951865841746 1.46600208035
 -7.66343373450 -4.92523140059 -3.42204748369 -2.65979506655 -1.87105401231 -1.14667766185 -0.624332077347 0.271084038341 0.996467830066 1.58151314502
 -7.62231179337 -4.56306581999 -2.99503441068 -2.25930639184 -1.29114580894 -0.650932683579 -0.406168215029 0.297743832102 0.850024142237 1.54444916682
 -7.56954289795 -3.88599296614 -1.50777769231 -1.42505081967 -1.24657908794 -0.932934542761 -0.672134733684 0.0844139386562 0.843887683013 1.59169919220
 -7.51324574680 -3.80304289112 -1.55362262272 -1.16543651875 -1.02202943207 -0.791732949206 -0.599759703012 0.299634794818 0.749802620092 1.53170767452
 -7.46834632763 -3.85332079981 -1.36640897548 -0.670250913704 -0.741158189360 -0.742410058381 -0.595086159093 0.129655447028 0.629365685279 1.54601247060
 -7.42445622267 -3.77999496072 -1.18119550249 -0.660374832665 -0.735856183940 -0.898854811259 -0.674566079300 0.127143321166 0.574201547263 1.57819725116
 -7.37498745909 -3.70805517152 -1.48765612145 -1.03618892527 -1.08930985162 -0.798920866625 -0.476809102006 0.233260460336 0.533662893204 1.61327880473
 -7.31767816703 -3.47477095631 -1.43969474969 -0.990073642003 -1.21255287686 -0.899408254875 -0.625719489236 -0.116185635965 0.418455186106 1.74235419739
 -7.25313419390 -3.35987244637 -1.36428228442 -1.24328347547 -0.930729445582 -0.446117061902 -0.0618825964712 0.149143367131 0.487709233913 1.53832079265
 -7.18384873989 -3.26782993227 -1.37148181624 -0.818167940205 -0.888445703065 -0.430775782549 0.0926388384119 0.134310434468 0.521290340245 1.45392274566
 -7.10685058887 -2.80377113562 -1.48071696769 -0.930296800021 -0.663972037384 -0.674382878880 0.107089455706 0.000497008280316 0.490059679300 1.51435121113
 -7.11679483826 -1.85876725477 -1.33447439239 -1.03047630389 -0.922442417262 -0.853820139371 -0.291850726861 -0.179092948311 0.479438601071 1.64900139792
# log_selcoffs_ind[2]:
 0.00000000000 0.00000000000 0.00000000000 0.00000000000 0.00000000000 0.00000000000 0.00000000000 0.00000000000 0.00000000000 0.00000000000
# logsel_slope_ind[1]:
 0.00000000000 0.00000000000 0.00000000000 0.00000000000 0.00000000000 0.00000000000 0.00000000000 0.00000000000 0.00000000000 0.00000000000 0.00000000000 0.00000000000 0.00000000000 0.00000000000 0.00000000000 0.00000000000 0.00000000000
# logsel_slope_ind[2]:
 0.00000000000
# sel50_ind[1]:
 0.00000000000 0.00000000000 0.00000000000 0.00000000000 0.00000000000 0.00000000000 0.00000000000 0.00000000000 0.00000000000 0.00000000000 0.00000000000 0.00000000000 0.00000000000 0.00000000000 0.00000000000 0.00000000000 0.00000000000
# sel50_ind[2]:
 0.00000000000
# logsel_p1_ind[1]:
 0.00000000000 0.00000000000 0.00000000000 0.00000000000 0.00000000000 0.00000000000 0.00000000000 0.00000000000 0.00000000000 0.00000000000 0.00000000000 0.00000000000 0.00000000000 0.00000000000 0.00000000000 0.00000000000 0.00000000000
# logsel_p1_ind[2]:
 0.00000000000
# sel_p2_ind[1]:
 0.00000000000 0.00000000000 0.00000000000 0.00000000000 0.00000000000 0.00000000000 0.00000000000 0.00000000000 0.00000000000 0.00000000000 0.00000000000 0.00000000000 0.00000000000 0.00000000000 0.00000000000 0.00000000000 0.00000000000
# sel_p2_ind[2]:
 0.00000000000
# logsel_p3_ind[1]:
 0.00000000000 0.00000000000 0.00000000000 0.00000000000 0.00000000000 0.00000000000 0.00000000000 0.00000000000 0.00000000000 0.00000000000 0.00000000000 0.00000000000 0.00000000000 0.00000000000 0.00000000000 0.00000000000 0.00000000000
# logsel_p3_ind[2]:
 0.00000000000
