# Number of parameters = 876 Objective function value = 161.256100323260  Maximum gradient component = 3.17669948705985e-05
# Mest[1]:
0.350000000000
# log_Linf[1]:
4.38701417618
# log_k[1]:
-1.83258146375
# log_Lo[1]:
2.75684036527
# log_sdage[1]:
-2.40794560865
# mean_log_rec[1]:
7.00566059814
# steepness[1]:
0.640141469898
# log_Rzero[1]:
6.75850482605
# rec_dev:
 -0.178552314527 -0.231955401802 -0.292398176481 -0.368656251229 -0.443483545068 -0.531937930635 -0.613587920770 -0.683472752041 -0.708578257386 -0.433114630915 -0.0326952050366 0.470617471610 0.513136529055 0.652734284186 1.05863730817 0.853412792582 0.697422807150 0.593033131156 0.693129274740 0.722442433621 0.683872247150 0.691152062198 1.13238579839 0.756233666102 1.40417371876 0.434069993919 0.446099279687 0.564338046074 -0.105664477443 -0.277504732295 -0.119131799973 -0.489519556122 -0.157605850478 0.0209946200678 -0.210641925661 -0.391390975005 -0.505221498038 -0.255166640686 -0.536679273492 -0.361428204094 -0.532917917840 -0.805395504098 -0.876663610371 -0.540094685218 0.450072623108 -0.136837137510 3.89423426839e-09
# log_sigmar[1]:
-0.223143551314
# fmort:
 -13.6957313080 -13.8427342501 -2.34349747770 -1.87092142874 -1.73318938404 -2.33528715197 -1.99348995590 -1.68614000149 -2.70276818769 -2.82074369134 -1.88294105250 -1.20797430176 -3.19730544571 -1.56229658571 -1.40494489960 -2.63561362871 -2.21454178343 -2.35395583028 -5.16695678111 -5.39376964610 -4.83365229563 -9.42393339190 -10.7187380709 -13.4490775917 -7.90119301142 -6.77342890549 -6.75297881160 -6.70175509458 -13.1444119432 -13.1154116954 -13.0205967221 -13.0000528311 -13.2751703012 -13.6566678258
 -2.48337557903 -1.66221146410 -2.37879280819 -2.48921097727 -2.53616145077 -2.32659613682 -2.80104681380 -2.60039002259 -2.88124692960 -2.88641298952 -2.81254731985 -2.65671144355 -2.63370768352 -2.93141864332 -2.47149810778 -2.66419800730 -2.50314519855 -2.29186322301 -1.81583327049 -1.25099960278 -0.998776881962 -0.893762298402 -1.13573176402 -1.12930625902 -0.988363257082 -0.886993537929 -1.10388087555 -0.967398703959 -1.12099589844 -1.49855135591 -1.48536503351 -1.57424764682 -2.24522028194 -2.67779640879
 -13.3225222545 -13.1149226981 -12.9216203712 -13.0143429676 -13.0170268874 -12.7538285215 -12.9440177168 -12.9313999396 -12.9310508501 -13.0515873379 -13.0981809772 -13.0115462557 -12.7075477711 -12.8858445052 -12.7888370225 -12.6909394138 -2.78898704824 -2.25278518395 -1.18901754651 -2.14151859455 -1.54614066972 -2.16957028168 -1.92946604005 -2.01449887469 -2.41954905311 -1.83910492993 -1.11847217539 -1.11452299030 -1.60121178332 -2.34239481326 -2.69807201177 -3.14747464261 -3.19629239988 -3.25227506374
# log_selcoffs_fsh[1]:
 -1.45425419800 -0.131099633366 0.320235922937 0.241875913599 0.142141045591 0.0820103545742
 -1.71570661674 0.145723611796 0.465826414514 0.168425287345 -0.0232327113651 -0.0948804484453
 -2.07081224823 -0.473850435486 0.778728131714 0.272316557552 -0.000724662186575 -0.273991329020
 -2.18462908587 -0.494339810659 0.520434292884 0.608109979624 0.0191458221607 -0.303185251540
 -2.13800077692 -0.107022125326 0.728105399466 0.344515189707 -0.167177181884 -0.422973704988
 -2.18613415866 -0.415075596159 0.691151735347 0.560970891958 -0.149522857601 -0.481502280313
# log_selcoffs_fsh[2]:
 -5.29033058446 -4.04323827015 -2.83392843817 -1.72155353454 -0.767641720316 -0.0316844877569 0.453197909331 0.720555363471 0.835494928797 0.863761342264
 -5.42173491117 -4.12724021740 -2.85818866943 -1.71232014789 -0.673821820437 0.160592585093 0.518706631423 0.682758686275 0.773871135213 0.802155605492
 -5.49876222956 -4.17302016065 -2.88232916193 -1.64033959051 -0.650134623663 0.202273767864 0.523985668556 0.666258751161 0.760174714976 0.793033666336
 -5.54164169036 -4.14848704033 -2.84796004622 -1.62909890663 -0.651416068855 0.104698703607 0.474672687995 0.691696973310 0.798858340811 0.818434731318
 -5.56901563552 -4.14636959720 -2.83376336777 -1.64345053369 -0.620970484656 0.106829284718 0.429859202465 0.662243389467 0.810941080100 0.855219611822
 -5.60033078001 -4.14252017941 -2.80615751627 -1.62632111949 -0.629602551285 0.000129835035609 0.384623480756 0.673672532487 0.851360514492 0.882559347107
 -5.61566122055 -4.10028815831 -2.68875692681 -1.59442940249 -0.748867326280 -0.159440242333 0.313247824806 0.670382101952 0.924881130366 0.931717517368
 -5.64380277881 -4.16619265450 -2.74622402630 -1.63203446204 -0.790481447187 -0.223870228202 0.294793942751 0.704177568227 0.921050214286 0.952137887205
 -5.65178934612 -4.22771626148 -2.90723910617 -1.69937685910 -0.812058695587 -0.244789691677 0.310581085991 0.722452505383 0.923101249766 0.946582122389
 -5.64422773589 -4.25067659974 -2.96527534323 -1.72678665064 -0.822013893464 -0.210378277010 0.370382051311 0.720633887240 0.879391210286 0.951475192453
 -5.60803938517 -4.28873996228 -2.99337489010 -1.71289258428 -0.825379593952 -0.203978497384 0.273498923239 0.647347075011 0.909548775223 1.02617636815
 -5.59413455731 -4.28532790573 -3.04711827875 -1.76421020374 -0.617150960875 -0.0815769235027 0.272941394048 0.592317805549 0.878197349579 1.02028928529
 -5.56646419540 -4.19597362931 -2.93080048109 -1.76067803448 -0.777557649591 -0.0527661329767 0.288204030367 0.617444542932 0.868509046411 1.02106172074
 -5.51152878106 -4.01221322635 -2.72091983406 -1.66607148960 -0.735481103100 -0.154917243929 0.253959698338 0.598820102319 0.877987977029 1.05506432167
 -5.49632679748 -4.03080787075 -2.70637117596 -1.64107527288 -0.747308758669 -0.147380261716 0.233430756646 0.594124037282 0.894415185816 1.05106945052
 -5.51080017210 -4.06444713176 -2.73199124148 -1.64602012055 -0.808449443146 -0.207622083509 0.270597886188 0.634779827133 0.925814935238 1.00851909533
 -5.52495815273 -4.06601725397 -2.68465814926 -1.58025611559 -0.805521277048 -0.279882976752 0.241583837041 0.714157302801 0.939678609357 0.965875498273
 -5.49142799136 -3.98123388452 -2.57407165744 -1.55200713211 -0.867443206553 -0.359246593076 0.173581342638 0.648598328768 0.999314501828 1.01236715577
 -5.46820594395 -3.90630675928 -2.50007454902 -1.41398140403 -0.702709148915 -0.243649129921 0.187001920611 0.635323100437 0.918856017389 1.01947062980
 -5.50391369886 -3.85806657535 -2.37200459117 -1.29072847987 -0.506739081210 -0.0624179087451 0.248533870341 0.656400217846 0.882662629985 0.890848832305
 -5.48853372686 -3.74453351331 -2.17017681057 -1.10503697251 -0.424144596536 -0.0127070388825 0.284169020087 0.594335380616 0.864154855949 0.863597376023
 -5.48204926842 -3.66565350557 -1.95440462651 -0.867671816647 -0.304745307653 0.0172909322798 0.309467767351 0.579025097095 0.793840661291 0.830754456141
 -5.48301568320 -3.64465257824 -1.89245658266 -0.738103388407 -0.192342500372 0.0684411337098 0.328800152147 0.572830314912 0.738466192904 0.783822916380
 -5.43829896315 -3.63652698758 -1.98022894722 -0.882604503151 -0.314555272534 -0.00488284596550 0.301515648573 0.584090981338 0.817577978140 0.825074864105
 -5.37831215675 -3.58802753563 -1.89572520327 -0.759072479832 -0.264988788683 -0.0174991651034 0.216998652225 0.525363103700 0.786790714460 0.904138210545
 -5.32422329318 -3.55032999934 -1.93417285384 -0.749911666549 -0.248538521575 -0.00412139012818 0.177570554946 0.478395447744 0.766916675142 0.960392081924
 -5.25782302386 -3.49234250098 -1.92243935016 -0.832326705215 -0.237376102399 0.0226257244831 0.176195865835 0.399488585410 0.722028268340 1.03998055175
 -5.32715377397 -3.56197616436 -1.93183803689 -0.665275099077 -0.00248626621775 0.258363567655 0.288348489859 0.367728488448 0.599537058264 0.881894684029
 -5.27048632039 -3.48573793437 -1.86859696323 -0.688457629058 -0.0688972630781 0.0968824780769 0.226590881272 0.368048078130 0.635756709727 0.987570948355
 -5.17475479586 -3.34489629146 -1.83052763244 -0.782018340861 -0.259475980105 -0.0560000549538 0.0426440677631 0.305429002686 0.700003455542 1.16618987724
 -5.03427037410 -3.17690227899 -1.83142524636 -0.959419170874 -0.380439726073 -0.228591205187 -0.114486461713 0.197316889676 0.656708589477 1.35863299723
# log_selcoffs_fsh[3]:
 -5.76743924238 -4.68553406785 -3.63383209594 -2.63689007501 -1.71454190871 -0.893319002217 -0.227394207663 0.256167356145 0.688255377360 1.01451713554 1.24226740887
 -5.81266680038 -4.71207800915 -3.65810482381 -2.66697642427 -1.71606094649 -0.830934274406 -0.120506055653 0.364059066637 0.676952581609 1.00651321759 1.17798377100
 -5.80959555621 -4.52769050530 -3.36131876375 -2.23818626988 -1.20805140985 -0.585781015497 -0.0757154213738 0.315007005495 0.651600300548 0.959929078203 1.15118441793
 -5.77099671673 -4.08469276386 -2.65117206857 -1.74535316063 -1.12165482176 -0.585904536717 -0.131739097422 0.279305131332 0.644443660995 0.956518810963 1.14620585273
 -5.71107159143 -3.72918448052 -2.02102041797 -1.19678227106 -0.872974717165 -0.633289545845 -0.304300656825 0.0801168854292 0.556265530875 0.972149619606 1.21805993203
 -5.73951602585 -3.75978824433 -1.84745290772 -0.849609900208 -0.632892766423 -0.635187730627 -0.384507765096 0.0355233224559 0.528387724992 0.940670721906 1.20971942833
 -5.76202810444 -3.90843067865 -2.11572214552 -0.712383427047 -0.284440649455 -0.285373641255 -0.266492969093 0.0197445178411 0.429879966685 0.847905584098 1.16432764239
 -5.76661463601 -3.97174844466 -2.26167034975 -0.880400419333 -0.117508192844 -0.00871676565164 -0.0818376623339 -0.00571088339292 0.323610617672 0.776051219122 1.13400216923
 -5.73002942884 -3.88787265294 -2.19147942805 -0.934183073263 -0.259179116198 -0.0420184110633 -0.0453940528981 0.0337147421956 0.311818394722 0.777772724107 1.16584508050
 -5.68633011772 -3.65231761904 -1.75332643062 -0.848544193030 -0.486487477637 -0.441837545024 -0.355116579610 -0.0616878843710 0.399750340424 0.900844117387 1.25772377305
 -5.65285661264 -3.49254843594 -1.82722012255 -0.989257541024 -0.779923460922 -0.716479598786 -0.509745347209 -0.0793350067031 0.479743887436 0.981006307427 1.30271389684
 -5.82757295874 -3.92964225368 -2.26444301577 -1.50185493531 -0.998799355789 -0.726659981227 -0.436626800211 0.0687463812306 0.589967897793 1.02560007645 1.24958103624
 -6.04702948530 -4.45052395838 -2.98356529712 -1.70800574070 -1.04760311855 -0.685236163967 -0.262693037933 0.192816372045 0.627073392662 1.00084988016 1.20147580738
 -6.25885097025 -4.70851664886 -3.22908579204 -1.89013315066 -1.07295128539 -0.746483907625 -0.348027259689 0.254921833463 0.673244076922 0.999906949177 1.19614374017
 -6.44213905307 -4.80725638884 -3.21790790025 -1.95230068308 -1.19430733429 -0.844848296975 -0.332939333537 0.166618153907 0.690687327355 1.05468895292 1.19737999602
 -6.50747598716 -4.82757687176 -3.05841289176 -1.59907864781 -1.03913048383 -0.765987980583 -0.400038337574 0.100034555505 0.563861849974 1.03322665694 1.27529354960
# log_sel_spl_fsh[1]:
 0.00000000000 0.00000000000 0.00000000000 0.00000000000
 0.00000000000 0.00000000000 0.00000000000 0.00000000000
 0.00000000000 0.00000000000 0.00000000000 0.00000000000
 0.00000000000 0.00000000000 0.00000000000 0.00000000000
 0.00000000000 0.00000000000 0.00000000000 0.00000000000
 0.00000000000 0.00000000000 0.00000000000 0.00000000000
# log_sel_spl_fsh[2]:
 0.00000000000 0.00000000000 0.00000000000 0.00000000000
 0.00000000000 0.00000000000 0.00000000000 0.00000000000
 0.00000000000 0.00000000000 0.00000000000 0.00000000000
 0.00000000000 0.00000000000 0.00000000000 0.00000000000
 0.00000000000 0.00000000000 0.00000000000 0.00000000000
 0.00000000000 0.00000000000 0.00000000000 0.00000000000
 0.00000000000 0.00000000000 0.00000000000 0.00000000000
 0.00000000000 0.00000000000 0.00000000000 0.00000000000
 0.00000000000 0.00000000000 0.00000000000 0.00000000000
 0.00000000000 0.00000000000 0.00000000000 0.00000000000
 0.00000000000 0.00000000000 0.00000000000 0.00000000000
 0.00000000000 0.00000000000 0.00000000000 0.00000000000
 0.00000000000 0.00000000000 0.00000000000 0.00000000000
 0.00000000000 0.00000000000 0.00000000000 0.00000000000
 0.00000000000 0.00000000000 0.00000000000 0.00000000000
 0.00000000000 0.00000000000 0.00000000000 0.00000000000
 0.00000000000 0.00000000000 0.00000000000 0.00000000000
 0.00000000000 0.00000000000 0.00000000000 0.00000000000
 0.00000000000 0.00000000000 0.00000000000 0.00000000000
 0.00000000000 0.00000000000 0.00000000000 0.00000000000
 0.00000000000 0.00000000000 0.00000000000 0.00000000000
 0.00000000000 0.00000000000 0.00000000000 0.00000000000
 0.00000000000 0.00000000000 0.00000000000 0.00000000000
 0.00000000000 0.00000000000 0.00000000000 0.00000000000
 0.00000000000 0.00000000000 0.00000000000 0.00000000000
 0.00000000000 0.00000000000 0.00000000000 0.00000000000
 0.00000000000 0.00000000000 0.00000000000 0.00000000000
 0.00000000000 0.00000000000 0.00000000000 0.00000000000
 0.00000000000 0.00000000000 0.00000000000 0.00000000000
 0.00000000000 0.00000000000 0.00000000000 0.00000000000
 0.00000000000 0.00000000000 0.00000000000 0.00000000000
# log_sel_spl_fsh[3]:
 0.00000000000 0.00000000000 0.00000000000 0.00000000000
 0.00000000000 0.00000000000 0.00000000000 0.00000000000
 0.00000000000 0.00000000000 0.00000000000 0.00000000000
 0.00000000000 0.00000000000 0.00000000000 0.00000000000
 0.00000000000 0.00000000000 0.00000000000 0.00000000000
 0.00000000000 0.00000000000 0.00000000000 0.00000000000
 0.00000000000 0.00000000000 0.00000000000 0.00000000000
 0.00000000000 0.00000000000 0.00000000000 0.00000000000
 0.00000000000 0.00000000000 0.00000000000 0.00000000000
 0.00000000000 0.00000000000 0.00000000000 0.00000000000
 0.00000000000 0.00000000000 0.00000000000 0.00000000000
 0.00000000000 0.00000000000 0.00000000000 0.00000000000
 0.00000000000 0.00000000000 0.00000000000 0.00000000000
 0.00000000000 0.00000000000 0.00000000000 0.00000000000
 0.00000000000 0.00000000000 0.00000000000 0.00000000000
 0.00000000000 0.00000000000 0.00000000000 0.00000000000
# logsel_slope_fsh[1]:
 0.00000000000 0.00000000000 0.00000000000 0.00000000000 0.00000000000 0.00000000000
# logsel_slope_fsh[2]:
 0.00000000000 0.00000000000 0.00000000000 0.00000000000 0.00000000000 0.00000000000 0.00000000000 0.00000000000 0.00000000000 0.00000000000 0.00000000000 0.00000000000 0.00000000000 0.00000000000 0.00000000000 0.00000000000 0.00000000000 0.00000000000 0.00000000000 0.00000000000 0.00000000000 0.00000000000 0.00000000000 0.00000000000 0.00000000000 0.00000000000 0.00000000000 0.00000000000 0.00000000000 0.00000000000 0.00000000000
# logsel_slope_fsh[3]:
 0.00000000000 0.00000000000 0.00000000000 0.00000000000 0.00000000000 0.00000000000 0.00000000000 0.00000000000 0.00000000000 0.00000000000 0.00000000000 0.00000000000 0.00000000000 0.00000000000 0.00000000000 0.00000000000
# sel50_fsh[1]:
 0.00000000000 0.00000000000 0.00000000000 0.00000000000 0.00000000000 0.00000000000
# sel50_fsh[2]:
 0.00000000000 0.00000000000 0.00000000000 0.00000000000 0.00000000000 0.00000000000 0.00000000000 0.00000000000 0.00000000000 0.00000000000 0.00000000000 0.00000000000 0.00000000000 0.00000000000 0.00000000000 0.00000000000 0.00000000000 0.00000000000 0.00000000000 0.00000000000 0.00000000000 0.00000000000 0.00000000000 0.00000000000 0.00000000000 0.00000000000 0.00000000000 0.00000000000 0.00000000000 0.00000000000 0.00000000000
# sel50_fsh[3]:
 0.00000000000 0.00000000000 0.00000000000 0.00000000000 0.00000000000 0.00000000000 0.00000000000 0.00000000000 0.00000000000 0.00000000000 0.00000000000 0.00000000000 0.00000000000 0.00000000000 0.00000000000 0.00000000000
# logsel_p1_fsh[1]:
 0.00000000000 0.00000000000 0.00000000000 0.00000000000 0.00000000000 0.00000000000
# logsel_p1_fsh[2]:
 0.00000000000 0.00000000000 0.00000000000 0.00000000000 0.00000000000 0.00000000000 0.00000000000 0.00000000000 0.00000000000 0.00000000000 0.00000000000 0.00000000000 0.00000000000 0.00000000000 0.00000000000 0.00000000000 0.00000000000 0.00000000000 0.00000000000 0.00000000000 0.00000000000 0.00000000000 0.00000000000 0.00000000000 0.00000000000 0.00000000000 0.00000000000 0.00000000000 0.00000000000 0.00000000000 0.00000000000
# logsel_p1_fsh[3]:
 0.00000000000 0.00000000000 0.00000000000 0.00000000000 0.00000000000 0.00000000000 0.00000000000 0.00000000000 0.00000000000 0.00000000000 0.00000000000 0.00000000000 0.00000000000 0.00000000000 0.00000000000 0.00000000000
# logsel_p2_fsh[1]:
 0.00000000000 0.00000000000 0.00000000000 0.00000000000 0.00000000000 0.00000000000
# logsel_p2_fsh[2]:
 0.00000000000 0.00000000000 0.00000000000 0.00000000000 0.00000000000 0.00000000000 0.00000000000 0.00000000000 0.00000000000 0.00000000000 0.00000000000 0.00000000000 0.00000000000 0.00000000000 0.00000000000 0.00000000000 0.00000000000 0.00000000000 0.00000000000 0.00000000000 0.00000000000 0.00000000000 0.00000000000 0.00000000000 0.00000000000 0.00000000000 0.00000000000 0.00000000000 0.00000000000 0.00000000000 0.00000000000
# logsel_p2_fsh[3]:
 0.00000000000 0.00000000000 0.00000000000 0.00000000000 0.00000000000 0.00000000000 0.00000000000 0.00000000000 0.00000000000 0.00000000000 0.00000000000 0.00000000000 0.00000000000 0.00000000000 0.00000000000 0.00000000000
# logsel_p3_fsh[1]:
 0.00000000000 0.00000000000 0.00000000000 0.00000000000 0.00000000000 0.00000000000
# logsel_p3_fsh[2]:
 0.00000000000 0.00000000000 0.00000000000 0.00000000000 0.00000000000 0.00000000000 0.00000000000 0.00000000000 0.00000000000 0.00000000000 0.00000000000 0.00000000000 0.00000000000 0.00000000000 0.00000000000 0.00000000000 0.00000000000 0.00000000000 0.00000000000 0.00000000000 0.00000000000 0.00000000000 0.00000000000 0.00000000000 0.00000000000 0.00000000000 0.00000000000 0.00000000000 0.00000000000 0.00000000000 0.00000000000
# logsel_p3_fsh[3]:
 0.00000000000 0.00000000000 0.00000000000 0.00000000000 0.00000000000 0.00000000000 0.00000000000 0.00000000000 0.00000000000 0.00000000000 0.00000000000 0.00000000000 0.00000000000 0.00000000000 0.00000000000 0.00000000000
# rec_dev_future:
 0.00000000000 0.00000000000 0.00000000000 0.00000000000 0.00000000000 0.00000000000 0.00000000000 0.00000000000 0.00000000000 0.00000000000 0.00000000000 0.00000000000 0.00000000000 0.00000000000 0.00000000000 0.00000000000 0.00000000000 0.00000000000 0.00000000000 0.00000000000
# log_q_ind[1]:
-0.411406507731
# log_q_ind[2]:
-5.99448418937
# log_q_power_ind[1]:
0.00000000000
# log_q_power_ind[2]:
0.00000000000
# log_selcoffs_ind[1]:
 -7.68458092445 -5.55916707737 -4.08753409243 -2.66166754410 -1.47817715948 -0.829627109279 0.0288170941075 0.680892047433 0.963357282553 1.28632374433
 -7.68049655992 -5.46009670495 -3.93887290389 -2.53154668588 -1.17027301152 -0.555540459858 0.189025794159 0.462560984141 0.945759620665 1.29232931124
 -7.67367990160 -5.34808429526 -3.76776381227 -2.26505969997 -1.22185368628 -0.357394467071 0.106004937976 0.568687231832 0.920174046416 1.24880331749
 -7.66371514451 -5.26401702901 -3.74957105507 -2.55980258884 -1.64885921678 -0.726465681268 -0.0402643282894 0.521108059424 1.09776645871 1.27416999533
 -7.64970932537 -5.06855003673 -3.44653299632 -2.52327809581 -1.71307275294 -1.14070029634 -0.422530764487 0.591604796181 0.947757875343 1.46766318410
 -7.62994552809 -4.90755465567 -3.40408142365 -2.64279373030 -1.85085107402 -1.13470429548 -0.634979576796 0.267357412052 0.997907050010 1.58104905296
 -7.58777902598 -4.54615956441 -2.98384457372 -2.24764760083 -1.27343696065 -0.638508304264 -0.399745609916 0.305494039867 0.843750580595 1.54155205124
 -7.53355542078 -3.86768528241 -1.49781446443 -1.41762480411 -1.23537615835 -0.918310307369 -0.662968814596 0.0952224271892 0.847151675443 1.58402124114
 -7.47557754207 -3.78019959009 -1.54293765680 -1.15680216193 -1.01444472601 -0.781669561449 -0.589996449976 0.307590611787 0.752580707606 1.52413792084
 -7.42888505855 -3.82138335337 -1.35158618378 -0.659277935495 -0.732089176934 -0.734806015600 -0.586806621443 0.138558878599 0.633356718964 1.53736420982
 -7.38324026873 -3.73454092708 -1.15562592547 -0.645034717339 -0.724216082106 -0.889899573625 -0.667684829520 0.133673095150 0.579633261187 1.56846817812
 -7.33235149871 -3.64868922418 -1.44259358649 -1.00915864060 -1.07158476878 -0.786579945792 -0.468221995729 0.238776372595 0.539411324340 1.60217361096
 -7.27430196894 -3.40531683548 -1.37388719709 -0.941347204966 -1.18030746800 -0.877353224055 -0.610471997399 -0.104674689567 0.426618297462 1.72705052950
 -7.20975289033 -3.29251047780 -1.28798630330 -1.17930538420 -0.880384761667 -0.411080123809 -0.0399948941889 0.161651982467 0.487273124937 1.51228994850
 -7.14095923330 -3.21407768608 -1.29459264943 -0.743376052870 -0.821002376905 -0.376634088309 0.127503728432 0.151191867430 0.512031800199 1.41474957958
 -7.06404759778 -2.77633585620 -1.41148066670 -0.845380245529 -0.578450184184 -0.595740842737 0.164510110483 0.0378667594943 0.484205056927 1.46128327369
 -7.07300415156 -1.84407215371 -1.29404764184 -0.935087723022 -0.820743136249 -0.754212350514 -0.198631457792 -0.115433816314 0.502725796694 1.58918044932
# log_selcoffs_ind[2]:
 0.00000000000 0.00000000000 0.00000000000 0.00000000000 0.00000000000 0.00000000000 0.00000000000 0.00000000000 0.00000000000 0.00000000000
# logsel_slope_ind[1]:
 0.00000000000 0.00000000000 0.00000000000 0.00000000000 0.00000000000 0.00000000000 0.00000000000 0.00000000000 0.00000000000 0.00000000000 0.00000000000 0.00000000000 0.00000000000 0.00000000000 0.00000000000 0.00000000000 0.00000000000
# logsel_slope_ind[2]:
 0.00000000000
# sel50_ind[1]:
 0.00000000000 0.00000000000 0.00000000000 0.00000000000 0.00000000000 0.00000000000 0.00000000000 0.00000000000 0.00000000000 0.00000000000 0.00000000000 0.00000000000 0.00000000000 0.00000000000 0.00000000000 0.00000000000 0.00000000000
# sel50_ind[2]:
 0.00000000000
# logsel_p1_ind[1]:
 0.00000000000 0.00000000000 0.00000000000 0.00000000000 0.00000000000 0.00000000000 0.00000000000 0.00000000000 0.00000000000 0.00000000000 0.00000000000 0.00000000000 0.00000000000 0.00000000000 0.00000000000 0.00000000000 0.00000000000
# logsel_p1_ind[2]:
 0.00000000000
# sel_p2_ind[1]:
 0.00000000000 0.00000000000 0.00000000000 0.00000000000 0.00000000000 0.00000000000 0.00000000000 0.00000000000 0.00000000000 0.00000000000 0.00000000000 0.00000000000 0.00000000000 0.00000000000 0.00000000000 0.00000000000 0.00000000000
# sel_p2_ind[2]:
 0.00000000000
# logsel_p3_ind[1]:
 0.00000000000 0.00000000000 0.00000000000 0.00000000000 0.00000000000 0.00000000000 0.00000000000 0.00000000000 0.00000000000 0.00000000000 0.00000000000 0.00000000000 0.00000000000 0.00000000000 0.00000000000 0.00000000000 0.00000000000
# logsel_p3_ind[2]:
 0.00000000000
