# Number of parameters = 806 Objective function value = 141.638908071531  Maximum gradient component = 5.12852960801610e-05
# Mest[1]:
0.350000000000
# log_Linf[1]:
4.38701417618
# log_k[1]:
-1.83258146375
# log_Lo[1]:
2.75684036527
# log_sdage[1]:
-2.40794560865
# mean_log_rec[1]:
7.08623025626
# steepness[1]:
0.668448660226
# log_Rzero[1]:
6.92020135468
# rec_dev:
 -0.182433963636 -0.237328546566 -0.299837787799 -0.378338370310 -0.455756978788 -0.546855578432 -0.630757978276 -0.701562715124 -0.728074067398 -0.456684856848 -0.0625283296799 0.431507661866 0.462614137367 0.587737876729 0.981793018561 0.773243851448 0.616304347641 0.510793760787 0.610338029732 0.641807305490 0.598868961589 0.599901128304 1.03975077830 0.670633362231 1.32135060783 0.354643509524 0.364609756012 0.481962879992 -0.178194600873 -0.349348736367 -0.193154180780 -0.562470387732 -0.235807291153 -0.0669647691588 -0.297918357304 -0.441563317300 -0.463173934119 -0.120718362541 -0.374922632436 -0.0135516188749 -0.167091043867 -0.351948710961 -0.360894141777 -0.0882089177176 -1.16337339762e-09
# log_sigmar[1]:
-0.223143551314
# fmort:
 -13.7221400424 -13.8583268052 -2.34772825344 -1.86932489105 -1.73080811804 -2.33340162680 -1.98913385090 -1.67831180610 -2.69159592482 -2.80406136416 -1.85873970823 -1.17889298269 -3.17781558762 -1.54849067825 -1.39529470301 -2.62970375234 -2.21054575358 -2.35168565595 -5.16935976088 -5.39811908050 -4.83797033523 -9.42651682316 -10.7174974022 -13.4501166513 -7.92613288335 -6.85937669601 -6.91866103875 -6.95238851520 -13.4993199757 -13.5456883704 -13.5172455547 -13.5334125273
 -2.57301290536 -1.76264950007 -2.48316899187 -2.58573346623 -2.62287363878 -2.40153158594 -2.86506057958 -2.65255737126 -2.92532356674 -2.92080515131 -2.83573963285 -2.66596895289 -2.63123831392 -2.92159739146 -2.45408421073 -2.64000790954 -2.47215806667 -2.25147726030 -1.76022096144 -1.18891779598 -0.929245130233 -0.819553346066 -1.05836749727 -1.04698025145 -0.901879970093 -0.790916795394 -0.998116032219 -0.863313204132 -1.02859044695 -1.46998107992 -1.59060235576 -2.00086503986
 -13.4133445883 -13.2146365888 -13.0246766430 -13.1095392686 -13.1014674189 -12.8171902356 -12.9956482793 -12.9698439604 -12.9664832108 -13.0783973951 -13.1146511727 -13.0164444085 -12.7017896263 -12.8754175338 -12.7743358494 -12.6736559905 -2.77079253263 -2.23357867658 -1.16795140468 -2.11183986917 -1.51394488979 -2.12935461491 -1.88895547227 -1.97138320010 -2.37429534052 -1.79666610731 -1.09183722445 -1.12043404584 -1.65576869866 -2.47436751866 -2.95029415781 -3.57544393240
# log_selcoffs_fsh[1]:
 -1.44915527762 -0.147388302579 0.296093479694 0.229340201418 0.154382610081 0.124842230159
 -1.71765220453 0.137866830979 0.454458944839 0.161153342938 -0.0147402900462 -0.0649263015891
 -2.07524834287 -0.479509797349 0.773850922233 0.268890280090 0.00368913516999 -0.254787573650
 -2.18856722889 -0.497459420677 0.516996813880 0.605706870561 0.0221740744292 -0.290490543435
 -2.14248645345 -0.108400783910 0.727124352528 0.342535403253 -0.165571392362 -0.415024908990
 -2.19083015787 -0.415851160316 0.692736164298 0.558728516377 -0.150333935832 -0.477469875329
# log_selcoffs_fsh[2]:
 -5.23854469492 -3.99158646563 -2.78343717144 -1.67455033978 -0.727388486160 -0.00188355112444 0.469154428109 0.720877118946 0.821378148419 0.840362743291
 -5.37457651095 -4.07836216119 -2.80917306789 -1.66752160111 -0.636234758762 0.189112271903 0.535050650569 0.683604115551 0.758286750217 0.774196795668
 -5.45613686266 -4.12812638993 -2.83718855403 -1.59894572078 -0.615703934137 0.228636601294 0.540127979958 0.668305182359 0.745445242635 0.764182175282
 -5.50345863593 -4.10791419993 -2.80723275666 -1.59208366094 -0.620386680707 0.129116854858 0.490428653604 0.695185620963 0.786599471587 0.791651886208
 -5.53609727977 -4.11101015640 -2.79834464106 -1.61152806262 -0.594385309841 0.128299184626 0.444718657248 0.666603486368 0.800654113695 0.831046295819
 -5.57307160474 -4.11279318515 -2.77646889442 -1.60005615868 -0.607903671819 0.0179349841437 0.398012429983 0.679060144148 0.843709835559 0.861727222080
 -5.59459528835 -4.07620260583 -2.66460159369 -1.57367891870 -0.732170727391 -0.145493282437 0.324615904922 0.676251718477 0.920288600151 0.915064197038
 -5.62983176408 -4.14816773885 -2.72715649687 -1.61608992231 -0.778500068655 -0.214206824494 0.302920995358 0.708938959814 0.918388185918 0.939761937459
 -5.64630693466 -4.21680177574 -2.89405648385 -1.68803563556 -0.804356786327 -0.239008592581 0.315523355590 0.725579405980 0.921635044586 0.938602201787
 -5.64838626855 -4.24871830420 -2.95968536524 -1.72158791476 -0.818808340665 -0.208280573189 0.372606035830 0.722289737925 0.878943655599 0.947646569098
 -5.62276818289 -4.29592956171 -2.99603504469 -1.71461659617 -0.827540928413 -0.205855655409 0.272895061556 0.647604003267 0.910181798704 1.02682163355
 -5.61973163570 -4.30184198354 -3.05722515923 -1.77199189791 -0.624227320518 -0.0877457435847 0.268534173956 0.590525587114 0.880021610904 1.02611882645
 -5.60330583135 -4.22152530322 -2.94836150940 -1.77435349535 -0.789811749418 -0.0635476157527 0.279519296787 0.612701380389 0.871260440219 1.03298331373
 -5.56011317738 -4.04651195166 -2.74510571861 -1.68579635099 -0.753213403450 -0.171354205185 0.239833577299 0.589730743105 0.881012150716 1.07427672450
 -5.55667258287 -4.07415491696 -2.73687890496 -1.66629643792 -0.771623727523 -0.170225146111 0.212539639018 0.579561125433 0.897575718883 1.07975557471
 -5.58217929391 -4.11569083112 -2.76895607596 -1.67682585107 -0.839817008493 -0.239499284063 0.241420363479 0.612639015092 0.929316000551 1.05092254226
 -5.60575145667 -4.12222080790 -2.72521648121 -1.61704850625 -0.846557406576 -0.322911379752 0.199879402630 0.678867802968 0.944706934961 1.02898103469
 -5.59052623191 -4.04941643662 -2.62185306962 -1.59446331140 -0.912212120609 -0.406739652876 0.125164750892 0.608812638051 0.999444256223 1.08090386692
 -5.59026055511 -3.98838235686 -2.55524847830 -1.46038071721 -0.750326346845 -0.294207397352 0.135546204125 0.593954654192 0.921393818260 1.09242386340
 -5.65485767344 -3.95763524106 -2.43509699926 -1.34082641489 -0.557604415841 -0.115406961744 0.195896900006 0.617666891920 0.895623804613 0.972568843988
 -5.67375002367 -3.86839850223 -2.24375559606 -1.15852823073 -0.476209516842 -0.0684140894401 0.229372238147 0.557084611107 0.879154241353 0.951044189607
 -5.70770994906 -3.82639926838 -2.05199908688 -0.927886897899 -0.356845051684 -0.0357955120270 0.257252711228 0.546349870275 0.813246828112 0.920592984992
 -5.75174593027 -3.85397760399 -2.03384700493 -0.819803852915 -0.245936875628 0.0194590774543 0.284769749749 0.548746229316 0.763568904193 0.873883602874
 -5.74834993274 -3.90032644565 -2.18446461239 -1.01493888574 -0.391852948550 -0.0575252313008 0.259615129658 0.567295606820 0.846949792168 0.911989029378
 -5.72190381179 -3.90095563819 -2.16773866031 -0.970208552799 -0.401969598371 -0.0933383112041 0.182298131465 0.525241202285 0.833230034524 0.997539138859
 -5.68942119869 -3.90778684365 -2.26233126196 -1.04434988961 -0.481500234716 -0.144347516047 0.131340426832 0.504588867331 0.842442527846 1.07102550765
 -5.62807528529 -3.87232365751 -2.30103101787 -1.16931429609 -0.558048979420 -0.215595035502 0.0758540636057 0.430617234436 0.837145509731 1.18163415238
 -5.68292354922 -3.93458413736 -2.29921369021 -1.03600583541 -0.339630661345 -0.0262967885354 0.157876544647 0.416739873164 0.770514318341 1.09421919638
 -5.64088054279 -3.88695248461 -2.22802844501 -1.02364687399 -0.421246840384 -0.151590802721 0.0701324778871 0.383760442633 0.782226706527 1.18374125033
# log_selcoffs_fsh[3]:
 -5.82091347944 -4.72676514876 -3.66432458900 -2.65897684269 -1.73047718940 -0.905073079072 -0.235339324810 0.251773602948 0.687726939324 1.01684421846 1.24719700831
 -5.86570642808 -4.75194789724 -3.68735732205 -2.68847671344 -1.73147476989 -0.843798816734 -0.132600331471 0.357075562866 0.674785780371 1.01043323551 1.18572192346
 -5.86313233934 -4.56646947248 -3.38917079975 -2.26061635110 -1.22752265107 -0.602024394459 -0.0919954262461 0.300210332276 0.645830724107 0.966216919015 1.16633759053
 -5.83093189967 -4.12467326252 -2.67864925739 -1.76815832318 -1.14423446301 -0.607665243268 -0.151393682749 0.260895031848 0.634774544492 0.964686302556 1.16637766057
 -5.78548957271 -3.77312394305 -2.04885601482 -1.22290246572 -0.901368195758 -0.664112855610 -0.335531041365 0.0534788572300 0.543146569106 0.980716791010 1.24480938318
 -5.84242317764 -3.81872596019 -1.87615681394 -0.874189865605 -0.661689629287 -0.668590842290 -0.420293341843 0.00420420391235 0.513004758808 0.950812823891 1.24045150443
 -5.90335512704 -3.99844393239 -2.16067004954 -0.737104011041 -0.311973588880 -0.318614170026 -0.302620600561 -0.0113276633905 0.415802704350 0.860525356398 1.19948818462
 -5.95133574126 -4.10924190688 -2.34576157302 -0.920448487873 -0.143426219849 -0.0377139773114 -0.111817314516 -0.0300229061350 0.315299094864 0.790870152525 1.16841039236
 -5.95393873069 -4.08281959613 -2.33932041019 -1.01711673295 -0.295291833295 -0.0619188810402 -0.0622630893367 0.0244611559359 0.313320048109 0.793077497427 1.19261744254
 -5.93941824501 -3.89745749573 -1.97463378292 -1.00696187179 -0.563642432772 -0.460063083606 -0.345114262261 -0.0419028116213 0.422460959224 0.919553429248 1.27300621970
 -5.91293517660 -3.78234950593 -2.09330465443 -1.22440733749 -0.942436559507 -0.784413571603 -0.498187848859 -0.0238222320565 0.536444873342 1.01095139346 1.29992722937
 -6.05288618008 -4.22201406890 -2.58246723891 -1.76336765386 -1.22596487920 -0.878299808835 -0.481047792620 0.119995930313 0.677728365005 1.06871960792 1.22385992966
 -6.18406144288 -4.68684365305 -3.27320891271 -1.99122631115 -1.26741929164 -0.874150543359 -0.371107092782 0.203690957659 0.716502377207 1.06725786298 1.17711246061
 -6.25740174411 -4.86071860366 -3.47181662003 -2.11760925793 -1.27198500043 -0.888383160827 -0.474548078673 0.232252344077 0.738535594667 1.06464022944 1.18512514983
# log_sel_spl_fsh[1]:
 0.00000000000 0.00000000000 0.00000000000 0.00000000000
 0.00000000000 0.00000000000 0.00000000000 0.00000000000
 0.00000000000 0.00000000000 0.00000000000 0.00000000000
 0.00000000000 0.00000000000 0.00000000000 0.00000000000
 0.00000000000 0.00000000000 0.00000000000 0.00000000000
 0.00000000000 0.00000000000 0.00000000000 0.00000000000
# log_sel_spl_fsh[2]:
 0.00000000000 0.00000000000 0.00000000000 0.00000000000
 0.00000000000 0.00000000000 0.00000000000 0.00000000000
 0.00000000000 0.00000000000 0.00000000000 0.00000000000
 0.00000000000 0.00000000000 0.00000000000 0.00000000000
 0.00000000000 0.00000000000 0.00000000000 0.00000000000
 0.00000000000 0.00000000000 0.00000000000 0.00000000000
 0.00000000000 0.00000000000 0.00000000000 0.00000000000
 0.00000000000 0.00000000000 0.00000000000 0.00000000000
 0.00000000000 0.00000000000 0.00000000000 0.00000000000
 0.00000000000 0.00000000000 0.00000000000 0.00000000000
 0.00000000000 0.00000000000 0.00000000000 0.00000000000
 0.00000000000 0.00000000000 0.00000000000 0.00000000000
 0.00000000000 0.00000000000 0.00000000000 0.00000000000
 0.00000000000 0.00000000000 0.00000000000 0.00000000000
 0.00000000000 0.00000000000 0.00000000000 0.00000000000
 0.00000000000 0.00000000000 0.00000000000 0.00000000000
 0.00000000000 0.00000000000 0.00000000000 0.00000000000
 0.00000000000 0.00000000000 0.00000000000 0.00000000000
 0.00000000000 0.00000000000 0.00000000000 0.00000000000
 0.00000000000 0.00000000000 0.00000000000 0.00000000000
 0.00000000000 0.00000000000 0.00000000000 0.00000000000
 0.00000000000 0.00000000000 0.00000000000 0.00000000000
 0.00000000000 0.00000000000 0.00000000000 0.00000000000
 0.00000000000 0.00000000000 0.00000000000 0.00000000000
 0.00000000000 0.00000000000 0.00000000000 0.00000000000
 0.00000000000 0.00000000000 0.00000000000 0.00000000000
 0.00000000000 0.00000000000 0.00000000000 0.00000000000
 0.00000000000 0.00000000000 0.00000000000 0.00000000000
 0.00000000000 0.00000000000 0.00000000000 0.00000000000
# log_sel_spl_fsh[3]:
 0.00000000000 0.00000000000 0.00000000000 0.00000000000
 0.00000000000 0.00000000000 0.00000000000 0.00000000000
 0.00000000000 0.00000000000 0.00000000000 0.00000000000
 0.00000000000 0.00000000000 0.00000000000 0.00000000000
 0.00000000000 0.00000000000 0.00000000000 0.00000000000
 0.00000000000 0.00000000000 0.00000000000 0.00000000000
 0.00000000000 0.00000000000 0.00000000000 0.00000000000
 0.00000000000 0.00000000000 0.00000000000 0.00000000000
 0.00000000000 0.00000000000 0.00000000000 0.00000000000
 0.00000000000 0.00000000000 0.00000000000 0.00000000000
 0.00000000000 0.00000000000 0.00000000000 0.00000000000
 0.00000000000 0.00000000000 0.00000000000 0.00000000000
 0.00000000000 0.00000000000 0.00000000000 0.00000000000
 0.00000000000 0.00000000000 0.00000000000 0.00000000000
# logsel_slope_fsh[1]:
 0.00000000000 0.00000000000 0.00000000000 0.00000000000 0.00000000000 0.00000000000
# logsel_slope_fsh[2]:
 0.00000000000 0.00000000000 0.00000000000 0.00000000000 0.00000000000 0.00000000000 0.00000000000 0.00000000000 0.00000000000 0.00000000000 0.00000000000 0.00000000000 0.00000000000 0.00000000000 0.00000000000 0.00000000000 0.00000000000 0.00000000000 0.00000000000 0.00000000000 0.00000000000 0.00000000000 0.00000000000 0.00000000000 0.00000000000 0.00000000000 0.00000000000 0.00000000000 0.00000000000
# logsel_slope_fsh[3]:
 0.00000000000 0.00000000000 0.00000000000 0.00000000000 0.00000000000 0.00000000000 0.00000000000 0.00000000000 0.00000000000 0.00000000000 0.00000000000 0.00000000000 0.00000000000 0.00000000000
# sel50_fsh[1]:
 0.00000000000 0.00000000000 0.00000000000 0.00000000000 0.00000000000 0.00000000000
# sel50_fsh[2]:
 0.00000000000 0.00000000000 0.00000000000 0.00000000000 0.00000000000 0.00000000000 0.00000000000 0.00000000000 0.00000000000 0.00000000000 0.00000000000 0.00000000000 0.00000000000 0.00000000000 0.00000000000 0.00000000000 0.00000000000 0.00000000000 0.00000000000 0.00000000000 0.00000000000 0.00000000000 0.00000000000 0.00000000000 0.00000000000 0.00000000000 0.00000000000 0.00000000000 0.00000000000
# sel50_fsh[3]:
 0.00000000000 0.00000000000 0.00000000000 0.00000000000 0.00000000000 0.00000000000 0.00000000000 0.00000000000 0.00000000000 0.00000000000 0.00000000000 0.00000000000 0.00000000000 0.00000000000
# logsel_p1_fsh[1]:
 0.00000000000 0.00000000000 0.00000000000 0.00000000000 0.00000000000 0.00000000000
# logsel_p1_fsh[2]:
 0.00000000000 0.00000000000 0.00000000000 0.00000000000 0.00000000000 0.00000000000 0.00000000000 0.00000000000 0.00000000000 0.00000000000 0.00000000000 0.00000000000 0.00000000000 0.00000000000 0.00000000000 0.00000000000 0.00000000000 0.00000000000 0.00000000000 0.00000000000 0.00000000000 0.00000000000 0.00000000000 0.00000000000 0.00000000000 0.00000000000 0.00000000000 0.00000000000 0.00000000000
# logsel_p1_fsh[3]:
 0.00000000000 0.00000000000 0.00000000000 0.00000000000 0.00000000000 0.00000000000 0.00000000000 0.00000000000 0.00000000000 0.00000000000 0.00000000000 0.00000000000 0.00000000000 0.00000000000
# logsel_p2_fsh[1]:
 0.00000000000 0.00000000000 0.00000000000 0.00000000000 0.00000000000 0.00000000000
# logsel_p2_fsh[2]:
 0.00000000000 0.00000000000 0.00000000000 0.00000000000 0.00000000000 0.00000000000 0.00000000000 0.00000000000 0.00000000000 0.00000000000 0.00000000000 0.00000000000 0.00000000000 0.00000000000 0.00000000000 0.00000000000 0.00000000000 0.00000000000 0.00000000000 0.00000000000 0.00000000000 0.00000000000 0.00000000000 0.00000000000 0.00000000000 0.00000000000 0.00000000000 0.00000000000 0.00000000000
# logsel_p2_fsh[3]:
 0.00000000000 0.00000000000 0.00000000000 0.00000000000 0.00000000000 0.00000000000 0.00000000000 0.00000000000 0.00000000000 0.00000000000 0.00000000000 0.00000000000 0.00000000000 0.00000000000
# logsel_p3_fsh[1]:
 0.00000000000 0.00000000000 0.00000000000 0.00000000000 0.00000000000 0.00000000000
# logsel_p3_fsh[2]:
 0.00000000000 0.00000000000 0.00000000000 0.00000000000 0.00000000000 0.00000000000 0.00000000000 0.00000000000 0.00000000000 0.00000000000 0.00000000000 0.00000000000 0.00000000000 0.00000000000 0.00000000000 0.00000000000 0.00000000000 0.00000000000 0.00000000000 0.00000000000 0.00000000000 0.00000000000 0.00000000000 0.00000000000 0.00000000000 0.00000000000 0.00000000000 0.00000000000 0.00000000000
# logsel_p3_fsh[3]:
 0.00000000000 0.00000000000 0.00000000000 0.00000000000 0.00000000000 0.00000000000 0.00000000000 0.00000000000 0.00000000000 0.00000000000 0.00000000000 0.00000000000 0.00000000000 0.00000000000
# rec_dev_future:
 0.00000000000 0.00000000000 0.00000000000 0.00000000000 0.00000000000 0.00000000000 0.00000000000 0.00000000000 0.00000000000 0.00000000000 0.00000000000 0.00000000000 0.00000000000 0.00000000000 0.00000000000 0.00000000000 0.00000000000 0.00000000000 0.00000000000 0.00000000000
# log_q_ind[1]:
-0.397427127931
# log_q_ind[2]:
-5.90596083390
# log_q_power_ind[1]:
0.00000000000
# log_q_power_ind[2]:
0.00000000000
# log_selcoffs_ind[1]:
 -8.33970877850 -5.60420430177 -4.10531177981 -2.67800976429 -1.49123107053 -0.840921755327 0.0210343166564 0.676018462556 0.961626645227 1.29506859431
 -8.33904744677 -5.50779854387 -3.95809142733 -2.54827243833 -1.18560861795 -0.568426299609 0.178457129597 0.455025631996 0.942245905978 1.30538001093
 -8.33827058214 -5.39886237898 -3.79086605358 -2.28401912446 -1.23906314050 -0.375180454568 0.0911886107946 0.555078274277 0.913424527228 1.27076307597
 -8.33754444937 -5.31810256267 -3.77664633802 -2.58577054175 -1.66964502639 -0.746932781530 -0.0627432195888 0.500588193656 1.08312355766 1.30609301137
 -8.33632379368 -5.12818404934 -3.47719573461 -2.55508308660 -1.74375005201 -1.16645405197 -0.451424269936 0.550637004443 0.917215684638 1.50973444907
 -8.33584265095 -4.97435924596 -3.43439791811 -2.67434466918 -1.88368988274 -1.16637108249 -0.663429791633 0.228274324361 0.955025583705 1.62094710542
 -8.32770121261 -4.62848964979 -3.00766516396 -2.27288160354 -1.30192029882 -0.669169950441 -0.432888860671 0.264590440124 0.808883902131 1.58031680799
 -8.31639156360 -3.98805591480 -1.52692829673 -1.43766626053 -1.25998809601 -0.948262294874 -0.696381630929 0.0551145318228 0.802112306464 1.62337467801
 -8.30561674924 -3.96317373084 -1.61272584416 -1.18593153711 -1.03395717105 -0.803886632323 -0.616915335676 0.283789975589 0.729213730643 1.55425329828
 -8.30764448156 -4.08074975790 -1.50480494482 -0.732434540574 -0.766624371952 -0.758875459125 -0.612785634208 0.119217899759 0.619877297347 1.57280187894
 -8.31331625869 -4.07694320334 -1.39359544669 -0.807817332667 -0.814716638718 -0.942031145688 -0.699100835530 0.128561807325 0.585851511465 1.61451305497
 -8.31837712519 -4.10241483985 -1.74351557945 -1.27219847218 -1.27244238935 -0.913388914597 -0.539818006010 0.232862348831 0.561739865102 1.65784931309
 -8.32220446664 -3.96868055948 -1.82206389649 -1.26884264114 -1.50398255007 -1.13521468469 -0.788393378890 -0.156210084875 0.465137958210 1.80701350648
 -8.32418688228 -4.02233853539 -1.73843688283 -1.61122202283 -1.27125665628 -0.740138910005 -0.321818189581 0.100768452690 0.587951590983 1.65206320282
 -8.32566119658 -4.20464482374 -1.73610977586 -1.15995851225 -1.36688795324 -0.655350927804 -0.245502383346 0.119612612041 0.669031368516 1.58088456273
# log_selcoffs_ind[2]:
 0.00000000000 0.00000000000 0.00000000000 0.00000000000 0.00000000000 0.00000000000 0.00000000000 0.00000000000 0.00000000000 0.00000000000
# logsel_slope_ind[1]:
 0.00000000000 0.00000000000 0.00000000000 0.00000000000 0.00000000000 0.00000000000 0.00000000000 0.00000000000 0.00000000000 0.00000000000 0.00000000000 0.00000000000 0.00000000000 0.00000000000 0.00000000000
# logsel_slope_ind[2]:
 0.00000000000
# sel50_ind[1]:
 0.00000000000 0.00000000000 0.00000000000 0.00000000000 0.00000000000 0.00000000000 0.00000000000 0.00000000000 0.00000000000 0.00000000000 0.00000000000 0.00000000000 0.00000000000 0.00000000000 0.00000000000
# sel50_ind[2]:
 0.00000000000
# logsel_p1_ind[1]:
 0.00000000000 0.00000000000 0.00000000000 0.00000000000 0.00000000000 0.00000000000 0.00000000000 0.00000000000 0.00000000000 0.00000000000 0.00000000000 0.00000000000 0.00000000000 0.00000000000 0.00000000000
# logsel_p1_ind[2]:
 0.00000000000
# sel_p2_ind[1]:
 0.00000000000 0.00000000000 0.00000000000 0.00000000000 0.00000000000 0.00000000000 0.00000000000 0.00000000000 0.00000000000 0.00000000000 0.00000000000 0.00000000000 0.00000000000 0.00000000000 0.00000000000
# sel_p2_ind[2]:
 0.00000000000
# logsel_p3_ind[1]:
 0.00000000000 0.00000000000 0.00000000000 0.00000000000 0.00000000000 0.00000000000 0.00000000000 0.00000000000 0.00000000000 0.00000000000 0.00000000000 0.00000000000 0.00000000000 0.00000000000 0.00000000000
# logsel_p3_ind[2]:
 0.00000000000
