# Number of parameters = 981 Objective function value = 228.749046022194  Maximum gradient component = 9.18719675560357e-05
# Mest[1]:
0.350000000000
# log_Linf[1]:
4.38701417618
# log_k[1]:
-1.83258146375
# log_Lo[1]:
2.75684036527
# log_sdage[1]:
-2.40794560865
# mean_log_rec[1]:
6.86020110393
# steepness[1]:
0.470305228101
# log_Rzero[1]:
7.58586469027
# rec_dev:
 -0.115457293422 -0.154133357282 -0.200684964586 -0.260840022459 -0.319187702613 -0.391659514240 -0.458218111159 -0.512855897795 -0.519185230266 -0.204203166376 0.224404350662 0.737261854334 0.760997113826 0.866850117446 1.18468950413 0.966397004443 0.817087493016 0.713751338898 0.803592623392 0.832979792985 0.786972050920 0.764465687747 1.18930993852 0.839608433238 1.52256930771 0.573441900720 0.582284151686 0.700762563466 0.0511834166988 -0.137262573300 0.0124829318817 -0.359069761783 -0.0310854286413 0.150675073527 -0.0767497042684 -0.262672542854 -0.406687007828 -0.289780619668 -0.742330360156 -0.776178910781 -1.11154578248 -1.45731327993 -1.57596340126 -1.27259139640 -0.471373316750 -1.29084404183 -0.746607471535 -1.01378126636 -0.227914898559 2.19531166579e-08
# log_sigmar[1]:
-0.223143551314
# fmort:
 -13.7127335447 -13.8525988319 -2.33318731614 -1.84840266042 -1.71236093574 -2.31141048372 -1.96059840920 -1.64014774853 -2.63634644347 -2.73575131975 -1.77352233917 -1.08562050647 -3.08579842805 -1.50160050909 -1.36083461945 -2.60152095196 -2.20099768544 -2.33727717721 -5.14736947620 -5.37466400980 -4.81022635766 -9.40056085586 -10.6968285667 -13.4258883913 -7.87063889027 -6.70938685501 -6.60651002580 -6.41639494988 -12.6843687302 -12.4981291788 -12.2660156694 -12.1215954386 -12.2943453720 -12.5816598263 -12.6041893884 -12.6416994275 -12.7814622210
 -2.64916288587 -1.83087087370 -2.54954707965 -2.64774204156 -2.68103034352 -2.45300589359 -2.90755210336 -2.68080739900 -2.94050692339 -2.92426627722 -2.82078297867 -2.61932598692 -2.55630673262 -2.83732508030 -2.36033497456 -2.54723795163 -2.39486168851 -2.19770213152 -1.74088911878 -1.17812802174 -0.933753013085 -0.829428649413 -1.06913121216 -1.06650433765 -0.932303638601 -0.835151367789 -1.06804416417 -0.947012339542 -1.10597165577 -1.44485477049 -1.33952050659 -1.24512944919 -1.64012899707 -1.57735963016 -1.34212012642 -1.57864113358 -1.76971215703
 -13.5289652470 -13.2991707584 -13.0893076171 -13.1586098540 -13.1428016118 -12.8469274966 -13.0212505612 -12.9800455075 -12.9674067227 -13.0680372256 -13.0839295431 -12.9531659748 -12.6068429789 -12.7685959362 -12.6537824494 -12.5465688590 -2.64838247100 -2.11740571959 -1.06613759935 -2.00691716438 -1.43075927092 -2.06387827781 -1.84463071810 -1.95281774328 -2.38126095173 -1.82081123442 -1.12042240464 -1.11569859864 -1.57981794501 -2.27767509140 -2.53920605264 -2.81324779699 -2.63497004841 -2.48850790634 -3.49396491954 -3.67830543896 -3.72059282517
# log_selcoffs_fsh[1]:
 -1.58552892397 -0.250810098827 0.227093302387 0.236427210821 0.232682155620 0.209732288197
 -1.81074853035 0.0808972560292 0.422036319985 0.167142429074 0.0359830487880 0.00854737394464
 -2.14218204224 -0.517300118307 0.752662493196 0.271811571769 0.0345776268292 -0.202963967024
 -2.23361558484 -0.520499791702 0.504967091370 0.602443734250 0.0395826044882 -0.255212697743
 -2.17505976055 -0.118120777144 0.724930913205 0.341934810924 -0.158426228222 -0.397397235194
 -2.22081140329 -0.416944349529 0.702352255287 0.556340675452 -0.159078739629 -0.483341618248
# log_selcoffs_fsh[2]:
 -5.17273326938 -3.93959192694 -2.74572557595 -1.65134091060 -0.717009615696 -0.000696942535128 0.465887282641 0.717329272990 0.819889317932 0.841022887109
 -5.30970137570 -4.02422404184 -2.76752595009 -1.64649461472 -0.632102653562 0.184268866366 0.530592714636 0.682556264175 0.759890223942 0.775148540756
 -5.39265657606 -4.07488336691 -2.79457954538 -1.57014233536 -0.607259345195 0.225564598279 0.533551909710 0.665110968907 0.746523283978 0.766440112569
 -5.44267728458 -4.05791839782 -2.76795313714 -1.56251608305 -0.600333468019 0.132605958269 0.485175496314 0.688237397412 0.784016064266 0.793284189579
 -5.47983331672 -4.06613749288 -2.76492379124 -1.58713778594 -0.574049603469 0.143427550210 0.444103630703 0.658750953361 0.793103516908 0.829432538456
 -5.52222630702 -4.07430089073 -2.75002461222 -1.58319116056 -0.593985338983 0.0323948412616 0.407264550454 0.675111483688 0.834753255905 0.855906602094
 -5.54868125964 -4.04366235320 -2.64485137388 -1.56381221126 -0.725984258385 -0.137113656307 0.334283900941 0.681058659222 0.913880673872 0.906487787630
 -5.58818849280 -4.12048608266 -2.71249544282 -1.61105415185 -0.777544520503 -0.212338083649 0.307937540905 0.714527814461 0.918397920553 0.930839630676
 -5.60851438141 -4.19431238793 -2.88423589512 -1.68643490933 -0.805388797328 -0.239311732533 0.317381407310 0.729647222769 0.923426162962 0.932288233449
 -5.61451879473 -4.23528101967 -2.95938222517 -1.72624623775 -0.822319626263 -0.208014208251 0.375135226744 0.725838562259 0.880393766340 0.942726312981
 -5.58883728215 -4.29234984487 -3.00947535035 -1.73099109076 -0.837061323654 -0.206222363817 0.278186818491 0.653792978376 0.912056944456 1.02120456698
 -5.58123753571 -4.30017763540 -3.08162675956 -1.80058742607 -0.642464381526 -0.0919648284159 0.275419009356 0.601244104147 0.884679489725 1.01876441518
 -5.55647008863 -4.21768968931 -2.97582464559 -1.81323518084 -0.818369607508 -0.0725392340093 0.286704875071 0.628484319101 0.879487543135 1.02231855151
 -5.49980828306 -4.03569066672 -2.76982800523 -1.72457553553 -0.788013499108 -0.186109381401 0.248951755171 0.611002169959 0.893979589287 1.05868947016
 -5.47990382399 -4.05048145622 -2.75226084553 -1.69618178397 -0.799333787785 -0.184617539190 0.222015734034 0.608230530969 0.912960038809 1.05526763682
 -5.48946744627 -4.07931581666 -2.77204588922 -1.69247147091 -0.850081508575 -0.239401702536 0.257928040038 0.646226155358 0.946488690476 1.00746751381
 -5.49908321090 -4.07766563340 -2.71978586281 -1.61875976703 -0.831821984357 -0.295103074018 0.238131132837 0.732854833503 0.953997530097 0.951373494927
 -5.45239459707 -3.98329593858 -2.60200544551 -1.58435313693 -0.891766509399 -0.369058314564 0.173944333101 0.658593117043 1.01897082382 0.994793140022
 -5.40640362771 -3.89320515166 -2.51809873281 -1.43901549924 -0.722937076933 -0.253197811024 0.191821599854 0.649330964707 0.928654396118 1.00755793864
 -5.41364967942 -3.82824073015 -2.38309089673 -1.31414350336 -0.525713317881 -0.0721363176592 0.250404328422 0.667620231310 0.892920576311 0.881658247674
 -5.36261894259 -3.69148068433 -2.17366515322 -1.12969488718 -0.447631435994 -0.0263963672676 0.283134684628 0.603973666726 0.877528611767 0.858148353164
 -5.31429845131 -3.57835302225 -1.93917796239 -0.888980378823 -0.329411097874 0.00285925769431 0.309116679552 0.589675545843 0.804634637287 0.827916815134
 -5.27071909067 -3.51099469168 -1.84266986500 -0.745120629462 -0.215659632953 0.0529806444109 0.327813510443 0.582763768003 0.747836638478 0.779401147519
 -5.18324526009 -3.44283072839 -1.87531386525 -0.859411659808 -0.328552157043 -0.0219368096807 0.297197846446 0.590742328181 0.823954152619 0.813826282527
 -5.08891358972 -3.32036955728 -1.69805970987 -0.669116751666 -0.246770104305 -0.0275466743329 0.205018135135 0.521080004121 0.780005482326 0.881894061329
 -5.02483272797 -3.21629426135 -1.62050833235 -0.535228095147 -0.155718338499 0.0154653106089 0.163177351621 0.449610186931 0.729728224598 0.907912214831
 -4.98835282926 -3.13559126520 -1.51501463622 -0.480399552167 -0.00316890856438 0.118061946149 0.183520951947 0.347332635650 0.626024367457 0.917222153485
 -5.14186363865 -3.26780620385 -1.53464463943 -0.225274709006 0.359282034605 0.476727233354 0.325941354996 0.256847604375 0.366299830016 0.575809411907
 -5.18991816084 -3.29579792924 -1.55174107968 -0.251237725432 0.425498701726 0.476567516056 0.414899339220 0.282922347292 0.304432053770 0.488400544227
 -5.18394255289 -3.26807183659 -1.64166042654 -0.455812933989 0.216009479342 0.478219726879 0.406013327711 0.404866904537 0.418722788827 0.562164100123
 -5.08188218306 -3.16899509073 -1.75192192688 -0.796784361022 -0.105224764118 0.203636683081 0.324151662227 0.456549090784 0.641146099890 0.850759726907
 -4.97282838062 -3.21245857524 -1.75776619980 -0.944503738244 -0.493414737416 -0.191389517738 0.0174480325210 0.343761187377 0.784760970424 1.20460521434
 -4.90830369600 -3.22013684963 -1.77446757208 -0.945020662317 -0.734225937981 -0.544183332493 -0.270779210419 0.150264929807 0.790819939044 1.43605953506
 -4.91263688830 -3.22359386333 -1.74572062151 -0.957453239269 -0.886363149710 -0.697094052433 -0.408722200697 0.0621928858839 0.761012787391 1.52934545666
# log_selcoffs_fsh[3]:
 -5.80314073738 -4.73480993610 -3.69135687632 -2.69435600507 -1.76606934634 -0.936074770859 -0.258305627480 0.237852764605 0.685411652381 1.02239305681 1.26050338117
 -5.84810644441 -4.76550250058 -3.72339320439 -2.73526451180 -1.77818889102 -0.886278942949 -0.166824070479 0.345953525004 0.678130654916 1.02727122986 1.19244480137
 -5.83505015275 -4.57651955784 -3.42774036682 -2.31259726505 -1.28247515124 -0.648910132984 -0.124472593420 0.291548641424 0.665145753137 0.983250798161 1.16813522274
 -5.78291746212 -4.12813045452 -2.71459316299 -1.81440626510 -1.18922506118 -0.643571995379 -0.167458874068 0.267524451407 0.655038715694 0.983012828047 1.15421143001
 -5.69348777087 -3.75895893070 -2.07834594493 -1.25988792502 -0.932221900842 -0.683218758776 -0.335057021434 0.0796314398173 0.577603698324 0.991522615308 1.22099221346
 -5.67637742736 -3.76217753065 -1.89153081818 -0.900679755767 -0.678840143297 -0.669513691615 -0.400743874564 0.0435396635114 0.557064014069 0.960049379908 1.20157669981
 -5.63203796443 -3.86395491769 -2.13274715379 -0.747927338424 -0.313628044136 -0.301480162580 -0.264588808338 0.0404778835222 0.458988959926 0.863634131299 1.14740097630
 -5.55274684602 -3.86273378920 -2.23718114764 -0.893722259003 -0.129892409438 -0.00674113714778 -0.0648626449341 0.0265929887728 0.354518586716 0.780904237862 1.10348915490
 -5.41944771392 -3.69104494843 -2.10447009914 -0.915001012846 -0.256506641815 -0.0295468258868 -0.0165888872625 0.0734243717657 0.344882042585 0.775137673940 1.11877866388
 -5.27730363756 -3.33643894932 -1.55310489792 -0.761655318792 -0.452370988002 -0.419416009293 -0.324912957534 -0.0228756319358 0.427371705642 0.891176244804 1.19879131611
 -5.16657458775 -3.04867243677 -1.47313440062 -0.761613248505 -0.672574205616 -0.669059972324 -0.485437009048 -0.0609119088252 0.488534454229 0.955416917317 1.23609872182
 -5.30471166341 -3.40237073898 -1.77389370039 -1.12040897400 -0.741649812762 -0.594790350333 -0.383185661296 0.0767843648771 0.570817264032 0.979819102968 1.17641615857
 -5.53469979985 -3.91548664820 -2.44128633265 -1.20485281730 -0.639098019709 -0.399454872408 -0.124795730073 0.217454673157 0.578100791722 0.911399014299 1.09689303550
 -5.79039961417 -4.22050891182 -2.72005984741 -1.36289749729 -0.554711990525 -0.309411211744 -0.0537287271719 0.350933128030 0.611388599307 0.851114447473 1.02926955247
 -6.04007537284 -4.40092916886 -2.80338251651 -1.51010576358 -0.694932868784 -0.315507501569 0.104998468277 0.410045467089 0.673351381349 0.853556628594 0.935685016129
 -6.20538053999 -4.50765107936 -2.74483873363 -1.25647821971 -0.613597983135 -0.248181489327 0.117303050747 0.444873247785 0.638056072816 0.809475730679 0.913144102524
 -6.27776995827 -4.52548300342 -2.72601271484 -1.10646712894 -0.371243094152 -0.0948465112968 0.104345323757 0.342456977714 0.560864815833 0.769850254764 0.940663929255
 -6.29718657346 -4.55743242099 -2.92739514627 -1.55588787844 -0.693001022420 -0.0714685893445 0.262036394995 0.446181452316 0.596228537841 0.775259707981 0.893516695429
 -6.37153803799 -4.79996171771 -3.36967068702 -2.10467195334 -1.10559101134 0.0289717147507 0.563245823068 0.598316608695 0.607362808512 0.674781158080 0.741345536070
# log_sel_spl_fsh[1]:
 0.00000000000 0.00000000000 0.00000000000 0.00000000000
 0.00000000000 0.00000000000 0.00000000000 0.00000000000
 0.00000000000 0.00000000000 0.00000000000 0.00000000000
 0.00000000000 0.00000000000 0.00000000000 0.00000000000
 0.00000000000 0.00000000000 0.00000000000 0.00000000000
 0.00000000000 0.00000000000 0.00000000000 0.00000000000
# log_sel_spl_fsh[2]:
 0.00000000000 0.00000000000 0.00000000000 0.00000000000
 0.00000000000 0.00000000000 0.00000000000 0.00000000000
 0.00000000000 0.00000000000 0.00000000000 0.00000000000
 0.00000000000 0.00000000000 0.00000000000 0.00000000000
 0.00000000000 0.00000000000 0.00000000000 0.00000000000
 0.00000000000 0.00000000000 0.00000000000 0.00000000000
 0.00000000000 0.00000000000 0.00000000000 0.00000000000
 0.00000000000 0.00000000000 0.00000000000 0.00000000000
 0.00000000000 0.00000000000 0.00000000000 0.00000000000
 0.00000000000 0.00000000000 0.00000000000 0.00000000000
 0.00000000000 0.00000000000 0.00000000000 0.00000000000
 0.00000000000 0.00000000000 0.00000000000 0.00000000000
 0.00000000000 0.00000000000 0.00000000000 0.00000000000
 0.00000000000 0.00000000000 0.00000000000 0.00000000000
 0.00000000000 0.00000000000 0.00000000000 0.00000000000
 0.00000000000 0.00000000000 0.00000000000 0.00000000000
 0.00000000000 0.00000000000 0.00000000000 0.00000000000
 0.00000000000 0.00000000000 0.00000000000 0.00000000000
 0.00000000000 0.00000000000 0.00000000000 0.00000000000
 0.00000000000 0.00000000000 0.00000000000 0.00000000000
 0.00000000000 0.00000000000 0.00000000000 0.00000000000
 0.00000000000 0.00000000000 0.00000000000 0.00000000000
 0.00000000000 0.00000000000 0.00000000000 0.00000000000
 0.00000000000 0.00000000000 0.00000000000 0.00000000000
 0.00000000000 0.00000000000 0.00000000000 0.00000000000
 0.00000000000 0.00000000000 0.00000000000 0.00000000000
 0.00000000000 0.00000000000 0.00000000000 0.00000000000
 0.00000000000 0.00000000000 0.00000000000 0.00000000000
 0.00000000000 0.00000000000 0.00000000000 0.00000000000
 0.00000000000 0.00000000000 0.00000000000 0.00000000000
 0.00000000000 0.00000000000 0.00000000000 0.00000000000
 0.00000000000 0.00000000000 0.00000000000 0.00000000000
 0.00000000000 0.00000000000 0.00000000000 0.00000000000
 0.00000000000 0.00000000000 0.00000000000 0.00000000000
# log_sel_spl_fsh[3]:
 0.00000000000 0.00000000000 0.00000000000 0.00000000000
 0.00000000000 0.00000000000 0.00000000000 0.00000000000
 0.00000000000 0.00000000000 0.00000000000 0.00000000000
 0.00000000000 0.00000000000 0.00000000000 0.00000000000
 0.00000000000 0.00000000000 0.00000000000 0.00000000000
 0.00000000000 0.00000000000 0.00000000000 0.00000000000
 0.00000000000 0.00000000000 0.00000000000 0.00000000000
 0.00000000000 0.00000000000 0.00000000000 0.00000000000
 0.00000000000 0.00000000000 0.00000000000 0.00000000000
 0.00000000000 0.00000000000 0.00000000000 0.00000000000
 0.00000000000 0.00000000000 0.00000000000 0.00000000000
 0.00000000000 0.00000000000 0.00000000000 0.00000000000
 0.00000000000 0.00000000000 0.00000000000 0.00000000000
 0.00000000000 0.00000000000 0.00000000000 0.00000000000
 0.00000000000 0.00000000000 0.00000000000 0.00000000000
 0.00000000000 0.00000000000 0.00000000000 0.00000000000
 0.00000000000 0.00000000000 0.00000000000 0.00000000000
 0.00000000000 0.00000000000 0.00000000000 0.00000000000
 0.00000000000 0.00000000000 0.00000000000 0.00000000000
# logsel_slope_fsh[1]:
 0.00000000000 0.00000000000 0.00000000000 0.00000000000 0.00000000000 0.00000000000
# logsel_slope_fsh[2]:
 0.00000000000 0.00000000000 0.00000000000 0.00000000000 0.00000000000 0.00000000000 0.00000000000 0.00000000000 0.00000000000 0.00000000000 0.00000000000 0.00000000000 0.00000000000 0.00000000000 0.00000000000 0.00000000000 0.00000000000 0.00000000000 0.00000000000 0.00000000000 0.00000000000 0.00000000000 0.00000000000 0.00000000000 0.00000000000 0.00000000000 0.00000000000 0.00000000000 0.00000000000 0.00000000000 0.00000000000 0.00000000000 0.00000000000 0.00000000000
# logsel_slope_fsh[3]:
 0.00000000000 0.00000000000 0.00000000000 0.00000000000 0.00000000000 0.00000000000 0.00000000000 0.00000000000 0.00000000000 0.00000000000 0.00000000000 0.00000000000 0.00000000000 0.00000000000 0.00000000000 0.00000000000 0.00000000000 0.00000000000 0.00000000000
# sel50_fsh[1]:
 0.00000000000 0.00000000000 0.00000000000 0.00000000000 0.00000000000 0.00000000000
# sel50_fsh[2]:
 0.00000000000 0.00000000000 0.00000000000 0.00000000000 0.00000000000 0.00000000000 0.00000000000 0.00000000000 0.00000000000 0.00000000000 0.00000000000 0.00000000000 0.00000000000 0.00000000000 0.00000000000 0.00000000000 0.00000000000 0.00000000000 0.00000000000 0.00000000000 0.00000000000 0.00000000000 0.00000000000 0.00000000000 0.00000000000 0.00000000000 0.00000000000 0.00000000000 0.00000000000 0.00000000000 0.00000000000 0.00000000000 0.00000000000 0.00000000000
# sel50_fsh[3]:
 0.00000000000 0.00000000000 0.00000000000 0.00000000000 0.00000000000 0.00000000000 0.00000000000 0.00000000000 0.00000000000 0.00000000000 0.00000000000 0.00000000000 0.00000000000 0.00000000000 0.00000000000 0.00000000000 0.00000000000 0.00000000000 0.00000000000
# logsel_p1_fsh[1]:
 0.00000000000 0.00000000000 0.00000000000 0.00000000000 0.00000000000 0.00000000000
# logsel_p1_fsh[2]:
 0.00000000000 0.00000000000 0.00000000000 0.00000000000 0.00000000000 0.00000000000 0.00000000000 0.00000000000 0.00000000000 0.00000000000 0.00000000000 0.00000000000 0.00000000000 0.00000000000 0.00000000000 0.00000000000 0.00000000000 0.00000000000 0.00000000000 0.00000000000 0.00000000000 0.00000000000 0.00000000000 0.00000000000 0.00000000000 0.00000000000 0.00000000000 0.00000000000 0.00000000000 0.00000000000 0.00000000000 0.00000000000 0.00000000000 0.00000000000
# logsel_p1_fsh[3]:
 0.00000000000 0.00000000000 0.00000000000 0.00000000000 0.00000000000 0.00000000000 0.00000000000 0.00000000000 0.00000000000 0.00000000000 0.00000000000 0.00000000000 0.00000000000 0.00000000000 0.00000000000 0.00000000000 0.00000000000 0.00000000000 0.00000000000
# logsel_p2_fsh[1]:
 0.00000000000 0.00000000000 0.00000000000 0.00000000000 0.00000000000 0.00000000000
# logsel_p2_fsh[2]:
 0.00000000000 0.00000000000 0.00000000000 0.00000000000 0.00000000000 0.00000000000 0.00000000000 0.00000000000 0.00000000000 0.00000000000 0.00000000000 0.00000000000 0.00000000000 0.00000000000 0.00000000000 0.00000000000 0.00000000000 0.00000000000 0.00000000000 0.00000000000 0.00000000000 0.00000000000 0.00000000000 0.00000000000 0.00000000000 0.00000000000 0.00000000000 0.00000000000 0.00000000000 0.00000000000 0.00000000000 0.00000000000 0.00000000000 0.00000000000
# logsel_p2_fsh[3]:
 0.00000000000 0.00000000000 0.00000000000 0.00000000000 0.00000000000 0.00000000000 0.00000000000 0.00000000000 0.00000000000 0.00000000000 0.00000000000 0.00000000000 0.00000000000 0.00000000000 0.00000000000 0.00000000000 0.00000000000 0.00000000000 0.00000000000
# logsel_p3_fsh[1]:
 0.00000000000 0.00000000000 0.00000000000 0.00000000000 0.00000000000 0.00000000000
# logsel_p3_fsh[2]:
 0.00000000000 0.00000000000 0.00000000000 0.00000000000 0.00000000000 0.00000000000 0.00000000000 0.00000000000 0.00000000000 0.00000000000 0.00000000000 0.00000000000 0.00000000000 0.00000000000 0.00000000000 0.00000000000 0.00000000000 0.00000000000 0.00000000000 0.00000000000 0.00000000000 0.00000000000 0.00000000000 0.00000000000 0.00000000000 0.00000000000 0.00000000000 0.00000000000 0.00000000000 0.00000000000 0.00000000000 0.00000000000 0.00000000000 0.00000000000
# logsel_p3_fsh[3]:
 0.00000000000 0.00000000000 0.00000000000 0.00000000000 0.00000000000 0.00000000000 0.00000000000 0.00000000000 0.00000000000 0.00000000000 0.00000000000 0.00000000000 0.00000000000 0.00000000000 0.00000000000 0.00000000000 0.00000000000 0.00000000000 0.00000000000
# rec_dev_future:
 0.00000000000 0.00000000000 0.00000000000 0.00000000000 0.00000000000 0.00000000000 0.00000000000 0.00000000000 0.00000000000 0.00000000000 0.00000000000 0.00000000000 0.00000000000 0.00000000000 0.00000000000 0.00000000000 0.00000000000 0.00000000000 0.00000000000 0.00000000000
# log_q_ind[1]:
-0.208253217084
# log_q_ind[2]:
-5.92559778755
# log_q_power_ind[1]:
0.00000000000
# log_q_power_ind[2]:
0.00000000000
# log_selcoffs_ind[1]:
 -7.69712421274 -5.71149802847 -4.24637169547 -2.81714163275 -1.62063694060 -0.940419049720 -0.0445505093478 0.655654077616 0.987696164740 1.32602346377
 -7.69173605883 -5.61313666537 -4.09944040815 -2.68846752498 -1.32125617298 -0.688994201250 0.0990527158709 0.419379237787 0.974950632977 1.35228973746
 -7.68273325851 -5.50128955842 -3.93403913497 -2.42535510857 -1.37911681819 -0.507708461129 -0.0185253122192 0.508121587366 0.941202367993 1.34205504789
 -7.66949009618 -5.41763773599 -3.92147449833 -2.73432305713 -1.81631169296 -0.888005589060 -0.187453978278 0.422699028356 1.09679354208 1.38292741883
 -7.65085009975 -5.22183147017 -3.62418730345 -2.70568749474 -1.89982209424 -1.31189198670 -0.582414702284 0.453438920360 0.902276032185 1.58601698304
 -7.62337069014 -5.05701960737 -3.58354999102 -2.82302798523 -2.03323075926 -1.31139417579 -0.782634479374 0.145765014498 0.934817005235 1.67610845126
 -7.56691044369 -4.68275280672 -3.16286007598 -2.42337774412 -1.44672158557 -0.801668447370 -0.544507507330 0.189501591404 0.802479690112 1.64007214626
 -7.49411035295 -3.97277134819 -1.67607893257 -1.59380506050 -1.40660162611 -1.08290907821 -0.809116957043 -0.0268268528646 0.787318023819 1.68463925746
 -7.41538400182 -3.82076229837 -1.69542296632 -1.32059440161 -1.17598317849 -0.933248360850 -0.719144990686 0.215820617630 0.732145831201 1.61295427947
 -7.34752618914 -3.75941860925 -1.45474808854 -0.807213044553 -0.887397332625 -0.882987907039 -0.715043447271 0.0492456510435 0.619748672986 1.62395567758
 -7.28143316392 -3.54122285387 -1.13368078098 -0.737100601515 -0.850315438146 -1.02358156694 -0.793589278940 0.0396675342791 0.560792240820 1.63679211163
 -7.21320767006 -3.31662603612 -1.24839651467 -0.955287948562 -1.11321619712 -0.875356304805 -0.575845727934 0.145657786922 0.505017529282 1.64288507520
 -7.14302729506 -2.96656155156 -0.988419263898 -0.703840350712 -1.05695165811 -0.861367308392 -0.666416615730 -0.183930227426 0.346270507555 1.71406121913
 -7.07124829519 -2.82936235055 -0.810099069606 -0.791286435703 -0.582504485265 -0.216066666744 0.0122307810205 0.141280825880 0.373733967305 1.40134087699
 -6.99888580125 -2.77892835627 -0.849818778193 -0.299042695284 -0.382839542806 -0.0185892359656 0.298627557791 0.180964245606 0.297087325945 1.16693877854
 -6.92283924518 -2.38285310072 -1.00412573142 -0.392588980154 -0.0546280495578 -0.0523446371931 0.466234732111 0.161923949063 0.187928098125 1.09618245015
 -6.93860355775 -1.47070203650 -0.830056255551 -0.410670374263 -0.343384773588 -0.169622124111 0.285544035829 0.108506516954 0.294255951995 1.20281068168
 -6.95255207742 -2.08365783479 -0.479700785858 -0.182868088739 -0.576324844345 -0.373619000468 0.0386909958654 0.0224882403143 0.334553180458 1.31184451856
 -6.96662077223 -2.07360200106 -0.114741948270 -0.270557676528 -1.14166130803 -0.889641486282 -0.438338477239 -0.191180636770 0.427958470824 1.50039746759
 -6.97762753767 -2.44677078718 0.0146760262304 -0.244664558865 -1.36807338692 -1.14892638331 -0.647871709667 -0.306172318446 0.402298554939 1.56621595409
# log_selcoffs_ind[2]:
 0.00000000000 0.00000000000 0.00000000000 0.00000000000 0.00000000000 0.00000000000 0.00000000000 0.00000000000 0.00000000000 0.00000000000
# logsel_slope_ind[1]:
 0.00000000000 0.00000000000 0.00000000000 0.00000000000 0.00000000000 0.00000000000 0.00000000000 0.00000000000 0.00000000000 0.00000000000 0.00000000000 0.00000000000 0.00000000000 0.00000000000 0.00000000000 0.00000000000 0.00000000000 0.00000000000 0.00000000000 0.00000000000
# logsel_slope_ind[2]:
 0.00000000000
# sel50_ind[1]:
 0.00000000000 0.00000000000 0.00000000000 0.00000000000 0.00000000000 0.00000000000 0.00000000000 0.00000000000 0.00000000000 0.00000000000 0.00000000000 0.00000000000 0.00000000000 0.00000000000 0.00000000000 0.00000000000 0.00000000000 0.00000000000 0.00000000000 0.00000000000
# sel50_ind[2]:
 0.00000000000
# logsel_p1_ind[1]:
 0.00000000000 0.00000000000 0.00000000000 0.00000000000 0.00000000000 0.00000000000 0.00000000000 0.00000000000 0.00000000000 0.00000000000 0.00000000000 0.00000000000 0.00000000000 0.00000000000 0.00000000000 0.00000000000 0.00000000000 0.00000000000 0.00000000000 0.00000000000
# logsel_p1_ind[2]:
 0.00000000000
# sel_p2_ind[1]:
 0.00000000000 0.00000000000 0.00000000000 0.00000000000 0.00000000000 0.00000000000 0.00000000000 0.00000000000 0.00000000000 0.00000000000 0.00000000000 0.00000000000 0.00000000000 0.00000000000 0.00000000000 0.00000000000 0.00000000000 0.00000000000 0.00000000000 0.00000000000
# sel_p2_ind[2]:
 0.00000000000
# logsel_p3_ind[1]:
 0.00000000000 0.00000000000 0.00000000000 0.00000000000 0.00000000000 0.00000000000 0.00000000000 0.00000000000 0.00000000000 0.00000000000 0.00000000000 0.00000000000 0.00000000000 0.00000000000 0.00000000000 0.00000000000 0.00000000000 0.00000000000 0.00000000000 0.00000000000
# logsel_p3_ind[2]:
 0.00000000000
