# Number of parameters = 806 Objective function value = 147.047889928386  Maximum gradient component = 4.03735255170866e-05
# Mest[1]:
0.350000000000
# log_Linf[1]:
4.38701417618
# log_k[1]:
-1.83258146375
# log_Lo[1]:
2.75684036527
# log_sdage[1]:
-2.40794560865
# mean_log_rec[1]:
7.19995493937
# steepness[1]:
0.522694581515
# log_Rzero[1]:
7.41759352163
# rec_dev:
 -0.167271925003 -0.219821292723 -0.281399044455 -0.358658097070 -0.435482260903 -0.526213773599 -0.609205804624 -0.676558677356 -0.700525771399 -0.427739786765 -0.0412387849621 0.435709139873 0.440907395042 0.531791860106 0.855930094417 0.644479015570 0.497766704103 0.399425614982 0.491761729268 0.527886107179 0.480729792675 0.463072175972 0.876565823039 0.531643780702 1.18445637431 0.243532864234 0.247636565512 0.360402091988 -0.271786105932 -0.446878748220 -0.297274725152 -0.660722512465 -0.342744559611 -0.176839649573 -0.403520272442 -0.539271618912 -0.548393920809 -0.190858683287 -0.422010176721 -0.0444452395822 -0.186112148363 -0.413241636884 -0.434750498062 -0.0918520179800 1.34358479897e-09
# log_sigmar[1]:
-0.223143551314
# fmort:
 -13.8031658125 -13.9192532884 -2.38033093727 -1.88540053388 -1.74502613092 -2.34621418083 -1.99607204939 -1.67772374561 -2.68059565842 -2.77968132450 -1.81551100307 -1.12580313549 -3.13443256148 -1.52988353050 -1.38801375629 -2.62694187429 -2.21450585708 -2.35520807714 -5.18117952976 -5.41441389091 -4.85437122150 -9.44516095077 -10.7357995327 -13.4685571916 -7.94960595579 -6.89465762501 -6.97113491259 -7.02283794153 -13.5887032824 -13.6400322102 -13.6024129435 -13.6154384289
 -2.78987727275 -2.00142335014 -2.73260324937 -2.82225337400 -2.84235361358 -2.59729111093 -3.03566725471 -2.79698242663 -3.05186236586 -3.02373713926 -2.91267968543 -2.71594766443 -2.65859788209 -2.93600379489 -2.45862041871 -2.63880809004 -2.46926618565 -2.24830619234 -1.75846215121 -1.18675209301 -0.926322041658 -0.815079482598 -1.05530082292 -1.04197537816 -0.894211142246 -0.781652502965 -0.989377031055 -0.855321134111 -1.02374878862 -1.47061113497 -1.59953592252 -2.02540597881
 -13.6424112060 -13.4564396384 -13.2752564710 -13.3485251363 -13.3237164887 -12.9986670848 -13.1498240169 -13.0919333368 -13.0794525549 -13.1671377253 -13.1755888653 -13.0537194617 -12.7156566147 -12.8769683426 -12.7679192581 -12.6605562822 -2.75579455842 -2.21739103816 -1.15480438865 -2.09642852231 -1.49872501685 -2.11366502197 -1.87388861926 -1.95666683869 -2.36048729419 -1.78326809252 -1.08101089407 -1.11859634884 -1.66706353522 -2.50037605529 -2.99191507941 -3.63318329742
# log_selcoffs_fsh[1]:
 -1.49503468819 -0.205414993313 0.234441672115 0.217038493858 0.198148271197 0.211647372906
 -1.75035553608 0.116490142350 0.429815262382 0.152498339377 0.00840163297466 -0.00743733850064
 -2.09681542548 -0.488060238715 0.765469682441 0.265766684848 0.0106869893510 -0.225448564447
 -2.20139755104 -0.496174267693 0.521447863873 0.599129716963 0.0218237694697 -0.283113969089
 -2.15184484963 -0.103999575463 0.733353042020 0.340192453608 -0.173564094544 -0.423771417170
 -2.19789949273 -0.406260277029 0.707339560057 0.553980740708 -0.165450037973 -0.499949527044
# log_selcoffs_fsh[2]:
 -5.07986818093 -3.84116331299 -2.64367983582 -1.55083390352 -0.626540784118 0.0690251194928 0.504279667527 0.717954751944 0.784480290374 0.782047810099
 -5.22638556940 -3.93375159786 -2.67087022379 -1.54897060436 -0.542974810111 0.255191243644 0.570299725113 0.682107175232 0.718339590830 0.704981537931
 -5.31797003996 -3.99327344043 -2.70743962173 -1.48193827900 -0.525242376590 0.292187895002 0.574974487164 0.668712064974 0.706234803843 0.691562219967
 -5.37472838499 -3.98415638666 -2.68996226910 -1.48475114743 -0.528178526373 0.194209805496 0.526754932512 0.698067183032 0.750721637544 0.720989823429
 -5.41824288997 -4.00008606273 -2.69638423346 -1.51996220450 -0.512709955930 0.196456319570 0.483788107180 0.672102514176 0.766419248974 0.761984806137
 -5.46562923048 -4.01438594743 -2.68910839029 -1.52518177461 -0.541795109739 0.0773791941672 0.442714512239 0.691434793239 0.815104002647 0.796209934800
 -5.49664128123 -3.98852733952 -2.58974489500 -1.51262083295 -0.681168590626 -0.0985361846028 0.365662529414 0.698011421852 0.901687047294 0.856471265581
 -5.54091665770 -4.06940048311 -2.66152740650 -1.56530663653 -0.738756793277 -0.179970483701 0.334035139966 0.729114389687 0.909484736330 0.889635862998
 -5.56690478001 -4.14602220849 -2.83545993420 -1.64388319715 -0.771772760270 -0.212162087667 0.338516453323 0.741135315011 0.915822046729 0.899101591866
 -5.58031320168 -4.18973853268 -2.91027679372 -1.68467793275 -0.792036158108 -0.186508522523 0.391429123315 0.733945571890 0.873695729938 0.916376578655
 -5.56570682130 -4.24880327784 -2.95806118545 -1.68497050484 -0.805758893131 -0.187936287237 0.289169828723 0.658130759737 0.906223585984 1.00344049043
 -5.57372747026 -4.26573162575 -3.02935362794 -1.75043999086 -0.605821106697 -0.0733262365122 0.281128581891 0.599070802459 0.876904659651 1.00675091654
 -5.56727753488 -4.19469095739 -2.92901897022 -1.75910195935 -0.776774101483 -0.0504313943173 0.290248816331 0.619429078433 0.868792121413 1.01743545880
 -5.53349671439 -4.02776412960 -2.73234004875 -1.67599110918 -0.743461871110 -0.161470720261 0.250660103305 0.596240470932 0.879240944992 1.06141660308
 -5.53861134383 -4.06239050048 -2.72871205329 -1.65921140491 -0.764559573956 -0.161656201667 0.220995965643 0.586402829378 0.896404484284 1.06863084949
 -5.57208492235 -4.10994718435 -2.76534388462 -1.67079814501 -0.832253942865 -0.231478232927 0.249696445246 0.617862128588 0.928635757215 1.04051070288
 -5.60345324624 -4.12194783006 -2.72521577128 -1.61394034046 -0.837364438825 -0.311805051471 0.209319394275 0.684498678772 0.942783150536 1.01803903350
 -5.59449123023 -4.05302740142 -2.62404889861 -1.59384073248 -0.906610473802 -0.395013460063 0.135787336556 0.614005755595 0.997819515126 1.07161089788
 -5.59961363366 -3.99496636291 -2.55908179934 -1.46102459329 -0.747551241789 -0.287020179822 0.144895848941 0.598026953296 0.919547363314 1.08582958224
 -5.66896328181 -3.96675138484 -2.43963322337 -1.34230676837 -0.556044514357 -0.110161428946 0.201820706437 0.617486804463 0.893414332114 0.970273965433
 -5.69363241288 -3.88212912499 -2.25139401286 -1.16316225963 -0.479465714337 -0.0688671306205 0.231150840285 0.557922867919 0.878473258603 0.952198766961
 -5.73423079975 -3.84698359114 -2.06561127866 -0.936723776780 -0.363387680687 -0.0395156496044 0.256363703803 0.547241197261 0.815408011285 0.924021678121
 -5.78493766530 -3.88284462182 -2.05568859446 -0.834128719620 -0.255621666846 0.0140550016684 0.283421556127 0.550166252501 0.767756073009 0.879359755237
 -5.78752082956 -3.93837184046 -2.21670891870 -1.03766218851 -0.406407614655 -0.0664442186424 0.256278518857 0.569100538782 0.852669916015 0.919389923396
 -5.76466358430 -3.94721030125 -2.21174704933 -1.00505081294 -0.426199482102 -0.107731987326 0.176607772691 0.527926146264 0.841929153748 1.00859642115
 -5.73237928448 -3.95982644589 -2.31763679410 -1.09401436364 -0.519899982154 -0.169875776036 0.120079705722 0.506508059468 0.855216232352 1.08755577781
 -5.66698493322 -3.92443076262 -2.36311259394 -1.23137964266 -0.611705554272 -0.256057979202 0.0529426809957 0.428194813323 0.852395870212 1.20601174376
 -5.71462891732 -3.97849378766 -2.35769723185 -1.10423438766 -0.405272978901 -0.0805196583515 0.126284238228 0.412974052728 0.793570232255 1.13309982387
 -5.66851919733 -3.92432891004 -2.27880722948 -1.09299517968 -0.493913913795 -0.215486575864 0.0253097728372 0.369859930040 0.801680342341 1.22974104156
# log_selcoffs_fsh[3]:
 -5.84350110345 -4.74294047255 -3.67328377781 -2.65979214021 -1.72452945703 -0.898742172788 -0.235127547941 0.244798627727 0.678277022873 1.01520865915 1.25545683903
 -5.88980131151 -4.77081978824 -3.70081154366 -2.69510688694 -1.72964110050 -0.839784429520 -0.131748970040 0.354746846938 0.670520704089 1.00809044253 1.19069594260
 -5.88812784670 -4.58753518142 -3.40684502220 -2.27550234107 -1.23713460289 -0.601718238183 -0.0913530873083 0.298889502940 0.645139957975 0.965740674820 1.16908085767
 -5.85651176537 -4.14583835747 -2.69732234346 -1.78472010615 -1.15859721462 -0.616049768022 -0.151193837202 0.261821553861 0.634750345032 0.965568097935 1.16946611538
 -5.81312917825 -3.79409432603 -2.06682711760 -1.24208909715 -0.919124060637 -0.679117672395 -0.344058178333 0.0531667649074 0.545111449601 0.983909833530 1.24990776192
 -5.87455563920 -3.84187383190 -1.89282747767 -0.890651470653 -0.680169314879 -0.684982075272 -0.432456500877 -0.00150230557997 0.513867925839 0.955880548609 1.24816840300
 -5.94153006229 -4.02674215573 -2.18032322558 -0.752304027604 -0.327909395592 -0.335490778617 -0.316250815980 -0.0192488124134 0.415350532771 0.867261034674 1.21037549131
 -5.99685752584 -4.14520102729 -2.37196754787 -0.938803406063 -0.158178662665 -0.0525869201832 -0.125582807810 -0.0381913750981 0.314892090672 0.798287694967 1.18125323336
 -6.00732154222 -4.12858669063 -2.37543043728 -1.04300971386 -0.313963021564 -0.0768983330791 -0.0744173958481 0.0176459723215 0.314001263266 0.800931169343 1.20505550561
 -5.99942513707 -3.95405118175 -2.02354903019 -1.04438743476 -0.590479424709 -0.478095739816 -0.356312731626 -0.0458459255184 0.425338831454 0.927369872242 1.28282715499
 -5.97497581684 -3.84679847593 -2.15375811573 -1.27384376366 -0.979417619726 -0.809197928301 -0.511041577733 -0.0263319241472 0.542145489584 1.01912889924 1.30703724758
 -6.10981883662 -4.28460039185 -2.64597720208 -1.81983859781 -1.27147563471 -0.911551374776 -0.500744193234 0.114671567951 0.683309357738 1.07788797363 1.23029003929
 -6.23364384002 -4.73807600402 -3.32912665038 -2.04712318239 -1.31722427929 -0.913761827568 -0.397801032022 0.192520337313 0.720324682921 1.07832150808 1.18678283541
 -6.30409730807 -4.90268915596 -3.51437391246 -2.16747829061 -1.32104291333 -0.931147271001 -0.506168717098 0.215542887285 0.738518017724 1.07639036926 1.19855328057
# log_sel_spl_fsh[1]:
 0.00000000000 0.00000000000 0.00000000000 0.00000000000
 0.00000000000 0.00000000000 0.00000000000 0.00000000000
 0.00000000000 0.00000000000 0.00000000000 0.00000000000
 0.00000000000 0.00000000000 0.00000000000 0.00000000000
 0.00000000000 0.00000000000 0.00000000000 0.00000000000
 0.00000000000 0.00000000000 0.00000000000 0.00000000000
# log_sel_spl_fsh[2]:
 0.00000000000 0.00000000000 0.00000000000 0.00000000000
 0.00000000000 0.00000000000 0.00000000000 0.00000000000
 0.00000000000 0.00000000000 0.00000000000 0.00000000000
 0.00000000000 0.00000000000 0.00000000000 0.00000000000
 0.00000000000 0.00000000000 0.00000000000 0.00000000000
 0.00000000000 0.00000000000 0.00000000000 0.00000000000
 0.00000000000 0.00000000000 0.00000000000 0.00000000000
 0.00000000000 0.00000000000 0.00000000000 0.00000000000
 0.00000000000 0.00000000000 0.00000000000 0.00000000000
 0.00000000000 0.00000000000 0.00000000000 0.00000000000
 0.00000000000 0.00000000000 0.00000000000 0.00000000000
 0.00000000000 0.00000000000 0.00000000000 0.00000000000
 0.00000000000 0.00000000000 0.00000000000 0.00000000000
 0.00000000000 0.00000000000 0.00000000000 0.00000000000
 0.00000000000 0.00000000000 0.00000000000 0.00000000000
 0.00000000000 0.00000000000 0.00000000000 0.00000000000
 0.00000000000 0.00000000000 0.00000000000 0.00000000000
 0.00000000000 0.00000000000 0.00000000000 0.00000000000
 0.00000000000 0.00000000000 0.00000000000 0.00000000000
 0.00000000000 0.00000000000 0.00000000000 0.00000000000
 0.00000000000 0.00000000000 0.00000000000 0.00000000000
 0.00000000000 0.00000000000 0.00000000000 0.00000000000
 0.00000000000 0.00000000000 0.00000000000 0.00000000000
 0.00000000000 0.00000000000 0.00000000000 0.00000000000
 0.00000000000 0.00000000000 0.00000000000 0.00000000000
 0.00000000000 0.00000000000 0.00000000000 0.00000000000
 0.00000000000 0.00000000000 0.00000000000 0.00000000000
 0.00000000000 0.00000000000 0.00000000000 0.00000000000
 0.00000000000 0.00000000000 0.00000000000 0.00000000000
# log_sel_spl_fsh[3]:
 0.00000000000 0.00000000000 0.00000000000 0.00000000000
 0.00000000000 0.00000000000 0.00000000000 0.00000000000
 0.00000000000 0.00000000000 0.00000000000 0.00000000000
 0.00000000000 0.00000000000 0.00000000000 0.00000000000
 0.00000000000 0.00000000000 0.00000000000 0.00000000000
 0.00000000000 0.00000000000 0.00000000000 0.00000000000
 0.00000000000 0.00000000000 0.00000000000 0.00000000000
 0.00000000000 0.00000000000 0.00000000000 0.00000000000
 0.00000000000 0.00000000000 0.00000000000 0.00000000000
 0.00000000000 0.00000000000 0.00000000000 0.00000000000
 0.00000000000 0.00000000000 0.00000000000 0.00000000000
 0.00000000000 0.00000000000 0.00000000000 0.00000000000
 0.00000000000 0.00000000000 0.00000000000 0.00000000000
 0.00000000000 0.00000000000 0.00000000000 0.00000000000
# logsel_slope_fsh[1]:
 0.00000000000 0.00000000000 0.00000000000 0.00000000000 0.00000000000 0.00000000000
# logsel_slope_fsh[2]:
 0.00000000000 0.00000000000 0.00000000000 0.00000000000 0.00000000000 0.00000000000 0.00000000000 0.00000000000 0.00000000000 0.00000000000 0.00000000000 0.00000000000 0.00000000000 0.00000000000 0.00000000000 0.00000000000 0.00000000000 0.00000000000 0.00000000000 0.00000000000 0.00000000000 0.00000000000 0.00000000000 0.00000000000 0.00000000000 0.00000000000 0.00000000000 0.00000000000 0.00000000000
# logsel_slope_fsh[3]:
 0.00000000000 0.00000000000 0.00000000000 0.00000000000 0.00000000000 0.00000000000 0.00000000000 0.00000000000 0.00000000000 0.00000000000 0.00000000000 0.00000000000 0.00000000000 0.00000000000
# sel50_fsh[1]:
 0.00000000000 0.00000000000 0.00000000000 0.00000000000 0.00000000000 0.00000000000
# sel50_fsh[2]:
 0.00000000000 0.00000000000 0.00000000000 0.00000000000 0.00000000000 0.00000000000 0.00000000000 0.00000000000 0.00000000000 0.00000000000 0.00000000000 0.00000000000 0.00000000000 0.00000000000 0.00000000000 0.00000000000 0.00000000000 0.00000000000 0.00000000000 0.00000000000 0.00000000000 0.00000000000 0.00000000000 0.00000000000 0.00000000000 0.00000000000 0.00000000000 0.00000000000 0.00000000000
# sel50_fsh[3]:
 0.00000000000 0.00000000000 0.00000000000 0.00000000000 0.00000000000 0.00000000000 0.00000000000 0.00000000000 0.00000000000 0.00000000000 0.00000000000 0.00000000000 0.00000000000 0.00000000000
# logsel_p1_fsh[1]:
 0.00000000000 0.00000000000 0.00000000000 0.00000000000 0.00000000000 0.00000000000
# logsel_p1_fsh[2]:
 0.00000000000 0.00000000000 0.00000000000 0.00000000000 0.00000000000 0.00000000000 0.00000000000 0.00000000000 0.00000000000 0.00000000000 0.00000000000 0.00000000000 0.00000000000 0.00000000000 0.00000000000 0.00000000000 0.00000000000 0.00000000000 0.00000000000 0.00000000000 0.00000000000 0.00000000000 0.00000000000 0.00000000000 0.00000000000 0.00000000000 0.00000000000 0.00000000000 0.00000000000
# logsel_p1_fsh[3]:
 0.00000000000 0.00000000000 0.00000000000 0.00000000000 0.00000000000 0.00000000000 0.00000000000 0.00000000000 0.00000000000 0.00000000000 0.00000000000 0.00000000000 0.00000000000 0.00000000000
# logsel_p2_fsh[1]:
 0.00000000000 0.00000000000 0.00000000000 0.00000000000 0.00000000000 0.00000000000
# logsel_p2_fsh[2]:
 0.00000000000 0.00000000000 0.00000000000 0.00000000000 0.00000000000 0.00000000000 0.00000000000 0.00000000000 0.00000000000 0.00000000000 0.00000000000 0.00000000000 0.00000000000 0.00000000000 0.00000000000 0.00000000000 0.00000000000 0.00000000000 0.00000000000 0.00000000000 0.00000000000 0.00000000000 0.00000000000 0.00000000000 0.00000000000 0.00000000000 0.00000000000 0.00000000000 0.00000000000
# logsel_p2_fsh[3]:
 0.00000000000 0.00000000000 0.00000000000 0.00000000000 0.00000000000 0.00000000000 0.00000000000 0.00000000000 0.00000000000 0.00000000000 0.00000000000 0.00000000000 0.00000000000 0.00000000000
# logsel_p3_fsh[1]:
 0.00000000000 0.00000000000 0.00000000000 0.00000000000 0.00000000000 0.00000000000
# logsel_p3_fsh[2]:
 0.00000000000 0.00000000000 0.00000000000 0.00000000000 0.00000000000 0.00000000000 0.00000000000 0.00000000000 0.00000000000 0.00000000000 0.00000000000 0.00000000000 0.00000000000 0.00000000000 0.00000000000 0.00000000000 0.00000000000 0.00000000000 0.00000000000 0.00000000000 0.00000000000 0.00000000000 0.00000000000 0.00000000000 0.00000000000 0.00000000000 0.00000000000 0.00000000000 0.00000000000
# logsel_p3_fsh[3]:
 0.00000000000 0.00000000000 0.00000000000 0.00000000000 0.00000000000 0.00000000000 0.00000000000 0.00000000000 0.00000000000 0.00000000000 0.00000000000 0.00000000000 0.00000000000 0.00000000000
# rec_dev_future:
 0.00000000000 0.00000000000 0.00000000000 0.00000000000 0.00000000000 0.00000000000 0.00000000000 0.00000000000 0.00000000000 0.00000000000 0.00000000000 0.00000000000 0.00000000000 0.00000000000 0.00000000000 0.00000000000 0.00000000000 0.00000000000 0.00000000000 0.00000000000
# log_q_ind[1]:
-0.387442332924
# log_q_ind[2]:
-5.90534891549
# log_q_power_ind[1]:
0.00000000000
# log_q_power_ind[2]:
0.00000000000
# log_selcoffs_ind[1]:
 -8.38890764183 -5.62627940294 -4.11832453726 -2.68707566700 -1.49122345575 -0.841675999581 0.0297507094133 0.678038442032 0.962288898725 1.29139176463
 -8.38830891715 -5.53179022233 -3.97254621657 -2.55663430053 -1.19176429812 -0.568579932410 0.179940835094 0.461397940835 0.942764398740 1.30261495298
 -8.38764604345 -5.42434425976 -3.81075533331 -2.29306189825 -1.24586770234 -0.383386183151 0.0919917746045 0.555093890641 0.918701016403 1.26935091305
 -8.38710462817 -5.34482022041 -3.79995160843 -2.60536111341 -1.67620367313 -0.752702546661 -0.0690849573730 0.503112732703 1.08266971447 1.30858046988
 -8.38613279253 -5.15626238628 -3.50177338899 -2.57951978739 -1.76486888256 -1.16949966268 -0.453944815540 0.544058381570 0.920258486786 1.51254829866
 -8.38603852014 -5.00322750940 -3.45918817392 -2.69731489535 -1.90881361813 -1.18373408339 -0.661008978296 0.225786814744 0.951279751344 1.62554061389
 -8.37868056064 -4.65970943897 -3.02805417018 -2.29250780288 -1.32645829153 -0.688614153744 -0.446323643880 0.252054880983 0.811644276076 1.58820218532
 -8.36832273482 -4.02522057219 -1.54930511783 -1.45562464887 -1.28068762860 -0.971811234169 -0.714435653070 0.0376585906599 0.794794428431 1.63669977610
 -8.35853177989 -4.00945609706 -1.64213326218 -1.20793745038 -1.05339350130 -0.824845220952 -0.636694263790 0.269000543661 0.724231726264 1.56889671177
 -8.36154531248 -4.13880595201 -1.54698175683 -0.763662046817 -0.791779003096 -0.781355631118 -0.634653727479 0.100925874791 0.612921311371 1.59168636720
 -8.36815715738 -4.14787014421 -1.45113331969 -0.852699946299 -0.850690066929 -0.972492853805 -0.725262504923 0.108429858521 0.575702432087 1.63725539100
 -8.37389570055 -4.18357576107 -1.82027072745 -1.33322421996 -1.32382781127 -0.956994085366 -0.575992053180 0.207410791711 0.547216192110 1.68411629057
 -8.37801692296 -4.05249533582 -1.91451269220 -1.35217951967 -1.57546737073 -1.20028655814 -0.845589480010 -0.201919823735 0.434718240423 1.83693843969
 -8.38023324203 -4.09342142746 -1.83201526635 -1.70624244970 -1.36075913622 -0.821851167493 -0.393919549324 0.0502474440732 0.571876255427 1.69521933329
 -8.38200491544 -4.26904055313 -1.80451519166 -1.26386129881 -1.46891713888 -0.752391089691 -0.332609634436 0.0652591334855 0.662758065235 1.63171319017
# log_selcoffs_ind[2]:
 0.00000000000 0.00000000000 0.00000000000 0.00000000000 0.00000000000 0.00000000000 0.00000000000 0.00000000000 0.00000000000 0.00000000000
# logsel_slope_ind[1]:
 0.00000000000 0.00000000000 0.00000000000 0.00000000000 0.00000000000 0.00000000000 0.00000000000 0.00000000000 0.00000000000 0.00000000000 0.00000000000 0.00000000000 0.00000000000 0.00000000000 0.00000000000
# logsel_slope_ind[2]:
 0.00000000000
# sel50_ind[1]:
 0.00000000000 0.00000000000 0.00000000000 0.00000000000 0.00000000000 0.00000000000 0.00000000000 0.00000000000 0.00000000000 0.00000000000 0.00000000000 0.00000000000 0.00000000000 0.00000000000 0.00000000000
# sel50_ind[2]:
 0.00000000000
# logsel_p1_ind[1]:
 0.00000000000 0.00000000000 0.00000000000 0.00000000000 0.00000000000 0.00000000000 0.00000000000 0.00000000000 0.00000000000 0.00000000000 0.00000000000 0.00000000000 0.00000000000 0.00000000000 0.00000000000
# logsel_p1_ind[2]:
 0.00000000000
# sel_p2_ind[1]:
 0.00000000000 0.00000000000 0.00000000000 0.00000000000 0.00000000000 0.00000000000 0.00000000000 0.00000000000 0.00000000000 0.00000000000 0.00000000000 0.00000000000 0.00000000000 0.00000000000 0.00000000000
# sel_p2_ind[2]:
 0.00000000000
# logsel_p3_ind[1]:
 0.00000000000 0.00000000000 0.00000000000 0.00000000000 0.00000000000 0.00000000000 0.00000000000 0.00000000000 0.00000000000 0.00000000000 0.00000000000 0.00000000000 0.00000000000 0.00000000000 0.00000000000
# logsel_p3_ind[2]:
 0.00000000000
