# Number of parameters = 736 Objective function value = 132.421315550721  Maximum gradient component = 0.000128491976208301
# Mest[1]:
0.350000000000
# log_Linf[1]:
4.38701417618
# log_k[1]:
-1.83258146375
# log_Lo[1]:
2.75684036527
# log_sdage[1]:
-2.40794560865
# mean_log_rec[1]:
7.20203581962
# steepness[1]:
0.578463421162
# log_Rzero[1]:
7.58457920521
# rec_dev:
 -0.151383240354 -0.200363220690 -0.258762470226 -0.332432605661 -0.405902792079 -0.493560343495 -0.573928080096 -0.638749729963 -0.660211907426 -0.381861082213 0.00611680858302 0.478555858974 0.473173376916 0.551582662637 0.862252324100 0.645791424785 0.496847793008 0.397129071152 0.489234297447 0.525884822820 0.472594085853 0.448326003249 0.861851279613 0.521381489141 1.17890730466 0.238253587759 0.242979187137 0.356721739252 -0.276889251316 -0.453913831846 -0.305616654791 -0.672070273225 -0.355224725523 -0.182783985468 -0.430779811201 -0.594441313355 -0.672765985222 -0.304006935556 -0.680324142877 -0.259309180050 -0.411555018566 -0.172959365907 1.60765980084e-07
# log_sigmar[1]:
-0.223143551314
# fmort:
 -13.8271283405 -13.9372752725 -2.39220762128 -1.89437642158 -1.75388883537 -2.35486967692 -2.00234939259 -1.68033831689 -2.67795318706 -2.77054698684 -1.79861026384 -1.10378865378 -3.11712013684 -1.51936477031 -1.38155843629 -2.62126414520 -2.20980065659 -2.35021502688 -5.17407897790 -5.40528491943 -4.84313479965 -9.43202259611 -10.7208519494 -13.4437971889 -7.90087619110 -6.80612452183 -6.83898570685 -6.82891030091 -13.3636689188 -13.4631538380
 -2.85580876368 -2.07317731549 -2.80779325134 -2.89517214630 -2.91242495557 -2.66354958785 -3.09680558695 -2.85182283881 -3.10207959327 -3.06677039793 -2.94601061421 -2.73683926175 -2.66886504562 -2.93914376869 -2.45485244417 -2.62929400231 -2.45490760150 -2.22779111172 -1.72892625590 -1.15439883859 -0.891210367668 -0.777698389373 -1.01706047867 -1.00580352675 -0.861072480982 -0.745139054608 -0.938652956581 -0.765223848203 -0.829368221262 -1.07954230213
 -13.7149986168 -13.5318068080 -13.3551061099 -13.4283945204 -13.4030273692 -13.0743532895 -13.2216090877 -13.1572787987 -13.1402734197 -13.2210406219 -13.2203743063 -13.0867451785 -12.7389663918 -12.8947401602 -12.7797257898 -12.6687106690 -2.76314435931 -2.22499335211 -1.16625464157 -2.11567865954 -1.53719885285 -2.17952908208 -1.97139350618 -2.08674019250 -2.52224542636 -1.98363488141 -1.32513498676 -1.38937031535 -1.92845831275 -2.71886732130
# log_selcoffs_fsh[1]:
 -1.50336502510 -0.225947146137 0.210860106520 0.204649202181 0.210312597743 0.249950046982
 -1.75900702240 0.107411897664 0.418754105559 0.145116890999 0.0165895563084 0.0211960317871
 -2.10585938520 -0.494836391326 0.760995956901 0.261582178537 0.0148991427625 -0.205565198466
 -2.20856666286 -0.501306701674 0.517476451200 0.596878639707 0.0251025024168 -0.268200224364
 -2.15787263330 -0.107126002715 0.730816299113 0.338588619565 -0.169947103196 -0.411634980943
 -2.20374049030 -0.409602813748 0.705194840789 0.552929009884 -0.162262910596 -0.489552179772
# log_selcoffs_fsh[2]:
 -5.02685489848 -3.79349472318 -2.60183123466 -1.51579792371 -0.599538738504 0.0868470488252 0.512208279292 0.716108082878 0.774310075755 0.766786873831
 -5.17551515834 -3.88717645091 -2.62958922868 -1.51548344781 -0.518396030512 0.271052326394 0.577955078197 0.680742235240 0.707717040053 0.687193861443
 -5.26926724118 -3.94832325770 -2.66742558587 -1.44918827733 -0.501382410379 0.307783474749 0.582577227267 0.667673686117 0.695645157350 0.672908212969
 -5.32831963076 -3.94117895748 -2.65154815041 -1.45300437021 -0.504213204371 0.210398155522 0.535098487552 0.697586381030 0.740718820894 0.702704731170
 -5.37467678434 -3.95983924838 -2.66046979097 -1.49007447058 -0.489724846154 0.212825325347 0.492780921258 0.672337259792 0.756611663306 0.744007258878
 -5.42502259622 -3.97719122903 -2.65631460093 -1.49809654535 -0.520645561785 0.0930582017693 0.452437579812 0.693094278644 0.806546502623 0.778976381373
 -5.45908118586 -3.95425521026 -2.55999284468 -1.48864063909 -0.662551655432 -0.0841836764526 0.375612505142 0.701252491951 0.895309776241 0.840935538390
 -5.50674586442 -4.03842207415 -2.63463621876 -1.54417187118 -0.723028006304 -0.167946691306 0.342750387886 0.732669547145 0.904794445922 0.876107675198
 -5.53650803006 -4.11923521049 -2.81256719029 -1.62577048366 -0.758868965800 -0.202617639952 0.345574580720 0.744336909421 0.912378784244 0.887940728621
 -5.55385015949 -4.16832553741 -2.89326832882 -1.67161331843 -0.782429819933 -0.179424676202 0.396920970142 0.736636399496 0.871245295601 0.907550795429
 -5.54214150293 -4.23236873394 -2.94712664512 -1.67796904440 -0.800683269577 -0.183543827002 0.293171683161 0.660457402753 0.905051790933 0.997897597958
 -5.55215821312 -4.25298214314 -3.02362661717 -1.74864616645 -0.605426120734 -0.0725162879398 0.282582435015 0.600377649141 0.876810755773 1.00459157656
 -5.54646116999 -4.18464142767 -2.92732042392 -1.76208539925 -0.780910878847 -0.0537885930820 0.288503050849 0.619055796236 0.869779683654 1.01958211148
 -5.51183306544 -4.01924059809 -2.73377200185 -1.68280843985 -0.751914917860 -0.169099552849 0.244865839492 0.593122995081 0.880840878550 1.06859048446
 -5.51443014717 -4.05363348107 -2.73210160982 -1.66911594308 -0.776867019108 -0.173713425330 0.210480054924 0.579363800865 0.898007067774 1.08209510696
 -5.54334472286 -4.09922433759 -2.76917652577 -1.68325102583 -0.848675809518 -0.248725110048 0.233764497213 0.605580916299 0.929782764209 1.06250865045
 -5.56691959010 -4.10655065901 -2.72742965126 -1.62787722130 -0.858983130202 -0.335864438050 0.185752664902 0.663660804432 0.943582094047 1.05238929449
 -5.55356393437 -4.03579211625 -2.62679426078 -1.60884967608 -0.928538675084 -0.421123123339 0.108268537987 0.590795433309 0.995286622075 1.10833703107
 -5.55340874076 -3.97499527228 -2.56041455951 -1.47547444360 -0.768607343180 -0.312705528231 0.116278597034 0.573285213622 0.917744059184 1.12338601178
 -5.61478189847 -3.94137308885 -2.43796501241 -1.35466197720 -0.575975006722 -0.135153249441 0.173599721467 0.594274599046 0.895356685251 1.01026150844
 -5.62978498170 -3.84669827377 -2.24419906169 -1.17251473799 -0.497275043154 -0.0928635846901 0.203058363608 0.534726673835 0.879946101810 0.992162981054
 -5.66117649183 -3.79760140724 -2.04403070321 -0.941168795413 -0.379244767286 -0.0625844860016 0.229249083872 0.525670225436 0.817389287413 0.961983047072
 -5.70564775043 -3.81843176383 -2.01350466074 -0.820694735785 -0.268974529968 -0.00899917815177 0.257749322735 0.531366049348 0.770618871588 0.912077356422
 -5.70531660913 -3.86259226037 -2.15299628361 -1.00175672251 -0.402707883751 -0.0916009236534 0.229711160179 0.552505986074 0.854843690763 0.941750648836
 -5.68625520669 -3.86396531046 -2.13921871663 -0.945950610128 -0.402445012155 -0.118148594361 0.145568565575 0.512114141641 0.844035276272 1.01561945622
 -5.66404961858 -3.87887715420 -2.23825554370 -1.04311669063 -0.486057058436 -0.170726480566 0.102821403245 0.493660688519 0.863652898618 1.07853018175
 -5.60514375597 -3.84467741145 -2.30584454910 -1.20358612775 -0.642304835581 -0.286248121324 0.0317963497494 0.443913773365 0.875314963164 1.19611646841
# log_selcoffs_fsh[3]:
 -5.74316795278 -4.67160059698 -3.62648292500 -2.62991742188 -1.70392994752 -0.881353475793 -0.218457491258 0.258385920796 0.685339146532 1.01152329068 1.24118994584
 -5.78869155173 -4.70146259104 -3.65684762545 -2.66766654894 -1.71099437618 -0.824295571142 -0.117200635403 0.369419576257 0.679419969021 1.00539660590 1.17290709900
 -5.78020344903 -4.51366671849 -3.36020542047 -2.24407935255 -1.21288201481 -0.580577952648 -0.0710548625231 0.317591653632 0.657768854454 0.961802405247 1.14300300924
 -5.73278354452 -4.06181378296 -2.64103103231 -1.74152486875 -1.11984765328 -0.579465399003 -0.116803469965 0.291338320156 0.651055519521 0.956228469804 1.13110213489
 -5.65964165807 -3.69151647872 -1.99535416039 -1.18009866343 -0.859690073280 -0.621293608591 -0.289408201177 0.0994557826001 0.570184249267 0.970313523925 1.19609748133
 -5.67625342303 -3.70307208968 -1.79782925543 -0.806293953741 -0.597143749986 -0.603434341925 -0.355688266901 0.0611716739391 0.544614884931 0.932994777512 1.17329261884
 -5.68970945386 -3.83879205035 -2.04566403173 -0.647184148209 -0.225025233841 -0.232676195017 -0.218982004282 0.0578716481087 0.446729141821 0.827602398902 1.10441165091
 -5.68692862382 -3.89877112336 -2.18426888349 -0.792888677585 -0.0346829012445 0.0694481714666 -0.00825457026541 0.0531661529771 0.345968305419 0.738017314777 1.03740804547
 -5.63126361713 -3.81766711837 -2.11930324689 -0.835068773186 -0.138828037678 0.0747838377936 0.0682130303845 0.127043979842 0.349021774891 0.723107113101 1.02528192848
 -5.54929471275 -3.55643501338 -1.69359138988 -0.743818516272 -0.333042934073 -0.258026759676 -0.176068126657 0.0917727489211 0.474301794316 0.844022089783 1.08242568127
 -5.44885381371 -3.34135150421 -1.69262822865 -0.902906635124 -0.634465595756 -0.513656784721 -0.274830095865 0.135854206042 0.607310689265 0.932949108631 1.08507542884
 -5.50141037970 -3.58893850994 -1.99815426129 -1.29202546128 -0.871763016046 -0.563486394741 -0.237770151952 0.296218038200 0.743766308020 0.976626024891 0.985101795179
# log_sel_spl_fsh[1]:
 0.00000000000 0.00000000000 0.00000000000 0.00000000000
 0.00000000000 0.00000000000 0.00000000000 0.00000000000
 0.00000000000 0.00000000000 0.00000000000 0.00000000000
 0.00000000000 0.00000000000 0.00000000000 0.00000000000
 0.00000000000 0.00000000000 0.00000000000 0.00000000000
 0.00000000000 0.00000000000 0.00000000000 0.00000000000
# log_sel_spl_fsh[2]:
 0.00000000000 0.00000000000 0.00000000000 0.00000000000
 0.00000000000 0.00000000000 0.00000000000 0.00000000000
 0.00000000000 0.00000000000 0.00000000000 0.00000000000
 0.00000000000 0.00000000000 0.00000000000 0.00000000000
 0.00000000000 0.00000000000 0.00000000000 0.00000000000
 0.00000000000 0.00000000000 0.00000000000 0.00000000000
 0.00000000000 0.00000000000 0.00000000000 0.00000000000
 0.00000000000 0.00000000000 0.00000000000 0.00000000000
 0.00000000000 0.00000000000 0.00000000000 0.00000000000
 0.00000000000 0.00000000000 0.00000000000 0.00000000000
 0.00000000000 0.00000000000 0.00000000000 0.00000000000
 0.00000000000 0.00000000000 0.00000000000 0.00000000000
 0.00000000000 0.00000000000 0.00000000000 0.00000000000
 0.00000000000 0.00000000000 0.00000000000 0.00000000000
 0.00000000000 0.00000000000 0.00000000000 0.00000000000
 0.00000000000 0.00000000000 0.00000000000 0.00000000000
 0.00000000000 0.00000000000 0.00000000000 0.00000000000
 0.00000000000 0.00000000000 0.00000000000 0.00000000000
 0.00000000000 0.00000000000 0.00000000000 0.00000000000
 0.00000000000 0.00000000000 0.00000000000 0.00000000000
 0.00000000000 0.00000000000 0.00000000000 0.00000000000
 0.00000000000 0.00000000000 0.00000000000 0.00000000000
 0.00000000000 0.00000000000 0.00000000000 0.00000000000
 0.00000000000 0.00000000000 0.00000000000 0.00000000000
 0.00000000000 0.00000000000 0.00000000000 0.00000000000
 0.00000000000 0.00000000000 0.00000000000 0.00000000000
 0.00000000000 0.00000000000 0.00000000000 0.00000000000
# log_sel_spl_fsh[3]:
 0.00000000000 0.00000000000 0.00000000000 0.00000000000
 0.00000000000 0.00000000000 0.00000000000 0.00000000000
 0.00000000000 0.00000000000 0.00000000000 0.00000000000
 0.00000000000 0.00000000000 0.00000000000 0.00000000000
 0.00000000000 0.00000000000 0.00000000000 0.00000000000
 0.00000000000 0.00000000000 0.00000000000 0.00000000000
 0.00000000000 0.00000000000 0.00000000000 0.00000000000
 0.00000000000 0.00000000000 0.00000000000 0.00000000000
 0.00000000000 0.00000000000 0.00000000000 0.00000000000
 0.00000000000 0.00000000000 0.00000000000 0.00000000000
 0.00000000000 0.00000000000 0.00000000000 0.00000000000
 0.00000000000 0.00000000000 0.00000000000 0.00000000000
# logsel_slope_fsh[1]:
 0.00000000000 0.00000000000 0.00000000000 0.00000000000 0.00000000000 0.00000000000
# logsel_slope_fsh[2]:
 0.00000000000 0.00000000000 0.00000000000 0.00000000000 0.00000000000 0.00000000000 0.00000000000 0.00000000000 0.00000000000 0.00000000000 0.00000000000 0.00000000000 0.00000000000 0.00000000000 0.00000000000 0.00000000000 0.00000000000 0.00000000000 0.00000000000 0.00000000000 0.00000000000 0.00000000000 0.00000000000 0.00000000000 0.00000000000 0.00000000000 0.00000000000
# logsel_slope_fsh[3]:
 0.00000000000 0.00000000000 0.00000000000 0.00000000000 0.00000000000 0.00000000000 0.00000000000 0.00000000000 0.00000000000 0.00000000000 0.00000000000 0.00000000000
# sel50_fsh[1]:
 0.00000000000 0.00000000000 0.00000000000 0.00000000000 0.00000000000 0.00000000000
# sel50_fsh[2]:
 0.00000000000 0.00000000000 0.00000000000 0.00000000000 0.00000000000 0.00000000000 0.00000000000 0.00000000000 0.00000000000 0.00000000000 0.00000000000 0.00000000000 0.00000000000 0.00000000000 0.00000000000 0.00000000000 0.00000000000 0.00000000000 0.00000000000 0.00000000000 0.00000000000 0.00000000000 0.00000000000 0.00000000000 0.00000000000 0.00000000000 0.00000000000
# sel50_fsh[3]:
 0.00000000000 0.00000000000 0.00000000000 0.00000000000 0.00000000000 0.00000000000 0.00000000000 0.00000000000 0.00000000000 0.00000000000 0.00000000000 0.00000000000
# logsel_p1_fsh[1]:
 0.00000000000 0.00000000000 0.00000000000 0.00000000000 0.00000000000 0.00000000000
# logsel_p1_fsh[2]:
 0.00000000000 0.00000000000 0.00000000000 0.00000000000 0.00000000000 0.00000000000 0.00000000000 0.00000000000 0.00000000000 0.00000000000 0.00000000000 0.00000000000 0.00000000000 0.00000000000 0.00000000000 0.00000000000 0.00000000000 0.00000000000 0.00000000000 0.00000000000 0.00000000000 0.00000000000 0.00000000000 0.00000000000 0.00000000000 0.00000000000 0.00000000000
# logsel_p1_fsh[3]:
 0.00000000000 0.00000000000 0.00000000000 0.00000000000 0.00000000000 0.00000000000 0.00000000000 0.00000000000 0.00000000000 0.00000000000 0.00000000000 0.00000000000
# logsel_p2_fsh[1]:
 0.00000000000 0.00000000000 0.00000000000 0.00000000000 0.00000000000 0.00000000000
# logsel_p2_fsh[2]:
 0.00000000000 0.00000000000 0.00000000000 0.00000000000 0.00000000000 0.00000000000 0.00000000000 0.00000000000 0.00000000000 0.00000000000 0.00000000000 0.00000000000 0.00000000000 0.00000000000 0.00000000000 0.00000000000 0.00000000000 0.00000000000 0.00000000000 0.00000000000 0.00000000000 0.00000000000 0.00000000000 0.00000000000 0.00000000000 0.00000000000 0.00000000000
# logsel_p2_fsh[3]:
 0.00000000000 0.00000000000 0.00000000000 0.00000000000 0.00000000000 0.00000000000 0.00000000000 0.00000000000 0.00000000000 0.00000000000 0.00000000000 0.00000000000
# logsel_p3_fsh[1]:
 0.00000000000 0.00000000000 0.00000000000 0.00000000000 0.00000000000 0.00000000000
# logsel_p3_fsh[2]:
 0.00000000000 0.00000000000 0.00000000000 0.00000000000 0.00000000000 0.00000000000 0.00000000000 0.00000000000 0.00000000000 0.00000000000 0.00000000000 0.00000000000 0.00000000000 0.00000000000 0.00000000000 0.00000000000 0.00000000000 0.00000000000 0.00000000000 0.00000000000 0.00000000000 0.00000000000 0.00000000000 0.00000000000 0.00000000000 0.00000000000 0.00000000000
# logsel_p3_fsh[3]:
 0.00000000000 0.00000000000 0.00000000000 0.00000000000 0.00000000000 0.00000000000 0.00000000000 0.00000000000 0.00000000000 0.00000000000 0.00000000000 0.00000000000
# rec_dev_future:
 0.00000000000 0.00000000000 0.00000000000 0.00000000000 0.00000000000 0.00000000000 0.00000000000 0.00000000000 0.00000000000 0.00000000000 0.00000000000 0.00000000000 0.00000000000 0.00000000000 0.00000000000 0.00000000000 0.00000000000 0.00000000000 0.00000000000 0.00000000000
# log_q_ind[1]:
-0.378129226480
# log_q_ind[2]:
-5.85506296386
# log_q_power_ind[1]:
0.00000000000
# log_q_power_ind[2]:
0.00000000000
# log_selcoffs_ind[1]:
 -8.34252084375 -5.61791670498 -4.12368601427 -2.69448544258 -1.50002816617 -0.848571461834 0.0254349163629 0.677656000572 0.964347463781 1.29284180586
 -8.34176156725 -5.52191707768 -3.97765240252 -2.56386823729 -1.19998172201 -0.576806732044 0.174388413245 0.458886509760 0.944691292498 1.30624700260
 -8.34082407727 -5.41221658146 -3.81506743312 -2.30009102072 -1.25377552540 -0.391635938725 0.0839977231430 0.550298404525 0.919124319597 1.27624167739
 -8.33987967905 -5.32975514716 -3.80321870819 -2.61138357263 -1.68415583186 -0.761217259321 -0.0779935020928 0.494721294144 1.08025038810 1.31803083472
 -8.33836136439 -5.13615260068 -3.50373945489 -2.58416626254 -1.77177750537 -1.17904957890 -0.465027381434 0.530087350158 0.910967901518 1.52536228249
 -8.33747749584 -4.97530928810 -3.45756998650 -2.69876139360 -1.91178139215 -1.18995408136 -0.670956389089 0.212602637725 0.938551519339 1.63658967070
 -8.32858994914 -4.61576379916 -3.02132341741 -2.28857415240 -1.32295331045 -0.688907781764 -0.452017528391 0.241283436838 0.798735451862 1.59722186846
 -8.31669699482 -3.95592528386 -1.52362913601 -1.44892777760 -1.27276469606 -0.967028560261 -0.717402226895 0.0288537358002 0.777529081116 1.64368949415
 -8.30563115549 -3.90710901722 -1.58546239150 -1.17937644106 -1.04160782273 -0.816426478178 -0.638092623609 0.263451858061 0.705452175302 1.57235057218
 -8.30732024896 -4.00880740794 -1.44079640457 -0.702443816272 -0.755802529037 -0.767822156547 -0.637504707215 0.0946383690002 0.574859906744 1.59149329781
 -8.31283679847 -3.97778010937 -1.33105290114 -0.732063502332 -0.776757769082 -0.936843056320 -0.735977404578 0.0993367608121 0.506751570989 1.63720671019
 -8.31840371254 -3.99883041986 -1.61745912592 -1.18495058394 -1.20548346379 -0.905930760026 -0.606562597071 0.190861240752 0.445940454837 1.69672895314
 -8.32336958357 -3.85143143731 -1.74751417006 -1.04689461230 -1.48818571171 -1.21605756732 -1.00929333717 -0.301838954880 0.240298320297 1.88030974145
# log_selcoffs_ind[2]:
 0.00000000000 0.00000000000 0.00000000000 0.00000000000 0.00000000000 0.00000000000 0.00000000000 0.00000000000 0.00000000000 0.00000000000
# logsel_slope_ind[1]:
 0.00000000000 0.00000000000 0.00000000000 0.00000000000 0.00000000000 0.00000000000 0.00000000000 0.00000000000 0.00000000000 0.00000000000 0.00000000000 0.00000000000 0.00000000000
# logsel_slope_ind[2]:
 0.00000000000
# sel50_ind[1]:
 0.00000000000 0.00000000000 0.00000000000 0.00000000000 0.00000000000 0.00000000000 0.00000000000 0.00000000000 0.00000000000 0.00000000000 0.00000000000 0.00000000000 0.00000000000
# sel50_ind[2]:
 0.00000000000
# logsel_p1_ind[1]:
 0.00000000000 0.00000000000 0.00000000000 0.00000000000 0.00000000000 0.00000000000 0.00000000000 0.00000000000 0.00000000000 0.00000000000 0.00000000000 0.00000000000 0.00000000000
# logsel_p1_ind[2]:
 0.00000000000
# sel_p2_ind[1]:
 0.00000000000 0.00000000000 0.00000000000 0.00000000000 0.00000000000 0.00000000000 0.00000000000 0.00000000000 0.00000000000 0.00000000000 0.00000000000 0.00000000000 0.00000000000
# sel_p2_ind[2]:
 0.00000000000
# logsel_p3_ind[1]:
 0.00000000000 0.00000000000 0.00000000000 0.00000000000 0.00000000000 0.00000000000 0.00000000000 0.00000000000 0.00000000000 0.00000000000 0.00000000000 0.00000000000 0.00000000000
# logsel_p3_ind[2]:
 0.00000000000
