# Number of parameters = 911 Objective function value = 191.462041939050  Maximum gradient component = 3.14161016362304e-05
# Mest[1]:
0.350000000000
# log_Linf[1]:
4.38701417618
# log_k[1]:
-1.83258146375
# log_Lo[1]:
2.75684036527
# log_sdage[1]:
-2.40794560865
# mean_log_rec[1]:
7.03191230315
# steepness[1]:
0.515631217291
# log_Rzero[1]:
7.57401140977
# rec_dev:
 -0.130248725322 -0.173326286926 -0.225141018301 -0.291348536674 -0.356643904844 -0.436097182721 -0.508659405249 -0.566955321871 -0.579680621247 -0.282266503008 0.124796440535 0.615234976273 0.622912240921 0.715406544223 1.03054769972 0.813565987142 0.664323231006 0.563986135277 0.656608195293 0.692014383588 0.643291110079 0.620634047318 1.03470229913 0.686813526579 1.35007998094 0.402429186498 0.411185303629 0.527830073162 -0.114639231667 -0.294997840047 -0.144873126943 -0.512104694456 -0.186829887366 -0.00922186003683 -0.237240997784 -0.421790710158 -0.561714172771 -0.411391378269 -0.748307868722 -0.626557876434 -0.853640558776 -1.11627067907 -1.20476766125 -0.797959565154 0.181182698546 -0.876460197009 -0.158013480825 -7.52857154396e-09
# log_sigmar[1]:
-0.223143551314
# fmort:
 -13.7866507768 -13.9120352329 -2.38051599757 -1.88986615788 -1.75196165528 -2.35211698405 -2.00157247812 -1.68307180080 -2.68191157593 -2.77830704220 -1.81243510803 -1.12332181174 -3.12703039917 -1.53057100802 -1.38933642477 -2.62426201376 -2.21402299156 -2.35161973431 -5.16888833449 -5.39805000198 -4.83565165257 -9.42724466107 -10.7218570334 -13.4500659664 -7.89620179300 -6.74323333229 -6.66912002935 -6.55207070766 -12.9343369343 -12.8560084061 -12.7265032946 -12.6937688928 -12.9914552771 -13.3591940870 -13.3906560247
 -2.75707139884 -1.96312073520 -2.69590726645 -2.79336544952 -2.82281444619 -2.58781411438 -3.03341898933 -2.80041316215 -3.05808749910 -3.03242604081 -2.92208059359 -2.72490363015 -2.66735361408 -2.94614212907 -2.47102262895 -2.65588690703 -2.49518479196 -2.28820036487 -1.82190886309 -1.25932165001 -1.01094602536 -0.906457392976 -1.15061876980 -1.14547411634 -1.00545265031 -0.908162762575 -1.13462095978 -1.00043914075 -1.15134508751 -1.49652990941 -1.43512158679 -1.43419596364 -1.94500328617 -2.10132975618 -2.22924823856
 -13.6225638798 -13.4220004523 -13.2358572853 -13.3127522158 -13.2968981475 -12.9878294766 -13.1494866304 -13.0991224250 -13.0874803728 -13.1775034892 -13.1858419947 -13.0619670102 -12.7210351092 -12.8803609566 -12.7694726904 -12.6602892806 -2.75547882159 -2.21805237033 -1.16017888617 -2.11296294051 -1.52507754361 -2.15699712642 -1.92588454450 -2.02129160040 -2.43698645827 -1.86550453973 -1.15163113769 -1.14433569737 -1.62080851840 -2.34030623528 -2.65496577886 -3.03822139815 -3.02884642603 -3.08667838772 -4.29371839471
# log_selcoffs_fsh[1]:
 -1.52827479009 -0.221902599918 0.230690861988 0.221404161673 0.210738474805 0.215280855042
 -1.77075962340 0.107583426640 0.428476855252 0.155807517880 0.0154315052207 -0.00286182732824
 -2.11234932391 -0.495058825733 0.764514910544 0.266827053255 0.0150310493738 -0.222393646661
 -2.21247749973 -0.502841011045 0.518988676987 0.601468422970 0.0244380411559 -0.279848904482
 -2.15854007840 -0.107503853663 0.731756879286 0.341612514576 -0.170555737934 -0.419625642124
 -2.20332288395 -0.408215881999 0.705652898174 0.554910638566 -0.163734200872 -0.496252963434
# log_selcoffs_fsh[2]:
 -5.07307680660 -3.84328894517 -2.65389121618 -1.56697565048 -0.645140980052 0.0522967018002 0.493823906404 0.716779853603 0.792892659242 0.796969752012
 -5.21623548346 -3.93337502848 -2.67990422701 -1.56528487158 -0.562567937838 0.236760555933 0.559341019226 0.681967085250 0.729069334918 0.722745283321
 -5.30438193983 -3.98929497768 -2.71229771631 -1.49371512011 -0.541122432110 0.276358712021 0.563549050428 0.666944541647 0.715973670057 0.709921284175
 -5.35816396572 -3.97672542949 -2.69046759748 -1.49092162048 -0.537950650921 0.182319084996 0.516445351674 0.693833791723 0.757081840941 0.737216740001
 -5.39879592087 -3.98949970497 -2.69295013020 -1.52115861919 -0.516696281001 0.189954971140 0.475760431509 0.666989004243 0.769109662138 0.774590166907
 -5.44331835466 -4.00104931029 -2.68268783626 -1.52261623783 -0.541355789111 0.0755464763683 0.438229437806 0.686553382376 0.814926017246 0.804063182120
 -5.47090359573 -3.97226851335 -2.58073576335 -1.50742136121 -0.677581167433 -0.0967593661660 0.364686577453 0.694833885828 0.899609914275 0.859535083639
 -5.51115163104 -4.04995415060 -2.64996677940 -1.55800767881 -0.733195968472 -0.175701428739 0.335995312337 0.728194155215 0.906881809885 0.888232660612
 -5.53198634049 -4.12321816088 -2.82132523311 -1.63437697483 -0.764307461926 -0.206104768341 0.342695643827 0.742252457651 0.913177350765 0.893723645593
 -5.53916132296 -4.16310385078 -2.89407085205 -1.67305572170 -0.782236666196 -0.178199439711 0.397543886092 0.736723351804 0.870780487470 0.907174000137
 -5.51545917006 -4.21775629516 -2.93947341928 -1.67200299185 -0.793682367055 -0.176490745334 0.298293555602 0.663050045811 0.903385883553 0.990987026804
 -5.51303006293 -4.22751197184 -3.00827496502 -1.73616709801 -0.592812921134 -0.0594630283168 0.293897297324 0.606773573100 0.873621601533 0.989186369336
 -5.49444064212 -4.14822560915 -2.90236507310 -1.74296575218 -0.761929881178 -0.0342727977280 0.306899741870 0.631164291753 0.865664544827 0.993823462514
 -5.44656873151 -3.97210814501 -2.69960938959 -1.65433776168 -0.725550224037 -0.141213337472 0.272828254394 0.613875821949 0.877310439855 1.02974992181
 -5.43662211952 -3.99522170250 -2.68833926480 -1.63060057239 -0.738178401859 -0.135309860819 0.250075174327 0.611120176512 0.895009115865 1.02533651580
 -5.45582809641 -4.03218956108 -2.71572010820 -1.63373485739 -0.794901265085 -0.192092626195 0.288689581042 0.651627626349 0.926919405664 0.978224094487
 -5.47512909124 -4.03766448473 -2.66994716467 -1.56711162925 -0.784215472966 -0.254484014916 0.266719442703 0.736768512420 0.936802103537 0.924980567350
 -5.44059774687 -3.95138774552 -2.55770864245 -1.53785147000 -0.847596935742 -0.330626296050 0.202997813156 0.670684293557 0.999779202678 0.970349799071
 -5.41199473007 -3.87210498461 -2.48039183279 -1.39753260587 -0.682967806514 -0.217395040742 0.217570393375 0.657511905191 0.915917222874 0.979068225203
 -5.43852314106 -3.81702811003 -2.34817255922 -1.27233146264 -0.485435442277 -0.0360604869395 0.276645703421 0.672914991217 0.874418865783 0.850922335539
 -5.41235390508 -3.69490979397 -2.14306952693 -1.08789552775 -0.406842792358 0.00972278275459 0.309562529407 0.611660304419 0.856610178258 0.823942587796
 -5.39320006574 -3.60243845268 -1.91871182006 -0.849465575228 -0.289743257417 0.0366933798335 0.332634718037 0.595168331504 0.786200836641 0.790686847974
 -5.38114698035 -3.56150236477 -1.83865553036 -0.711725958721 -0.177021849629 0.0855290096173 0.349199431239 0.586555763287 0.729039559759 0.742562379704
 -5.32718397148 -3.52787073359 -1.89626473215 -0.836535268653 -0.291061536704 0.0133820118472 0.320726466193 0.596461932339 0.807036216046 0.782269381805
 -5.26661428669 -3.45692336805 -1.76668672812 -0.673302747789 -0.220076686547 0.00721578476741 0.233925061771 0.532046016497 0.768459804229 0.854538525841
 -5.22485734080 -3.41005050700 -1.76903288707 -0.596545860324 -0.155222414900 0.0418229575648 0.195689129400 0.473273531831 0.731203432387 0.893008942896
 -5.18903720680 -3.36879689587 -1.74857802292 -0.640819135363 -0.0627807816016 0.120251738595 0.212799196387 0.386341770191 0.659104820848 0.936248156051
 -5.30845237317 -3.49506078209 -1.80150374784 -0.481673593394 0.194263277401 0.428500166720 0.355677998592 0.333491141339 0.474475121333 0.694338327626
 -5.29856083595 -3.48723081808 -1.80845473898 -0.543727614450 0.134955047585 0.308926453921 0.396884469620 0.384025633830 0.501009933385 0.745609909336
 -5.22275456932 -3.41083183647 -1.85390841951 -0.718018840659 -0.0992201551165 0.158272873761 0.237424435560 0.427096229369 0.640067373635 0.933279720765
 -5.04140728731 -3.27496225919 -1.93250642422 -0.998659419282 -0.346809704892 -0.104247973567 0.0123897005438 0.282140803756 0.722718566629 1.23435441698
 -4.90776500881 -3.25682388260 -1.96074816922 -1.12569647856 -0.593055872093 -0.330217687303 -0.227655759134 0.0562280889191 0.681363278589 1.47857951496
# log_selcoffs_fsh[3]:
 -5.75654731630 -4.68184744794 -3.63433728032 -2.63694158774 -1.71175639638 -0.890729429372 -0.229916345177 0.246738482122 0.677069765890 1.01268149887 1.25366831052
 -5.80385459330 -4.71311074614 -3.66567664969 -2.67545375655 -1.71981128879 -0.832815611451 -0.123666026061 0.361495978475 0.673645293424 1.00645940229 1.18270837152
 -5.79881676691 -4.52966740122 -3.37296190312 -2.25422956392 -1.22211495738 -0.589992037810 -0.0763758659230 0.316906643795 0.656597822881 0.961022093579 1.14932871701
 -5.75350749247 -4.08370830367 -2.66151168973 -1.75942611284 -1.13487580869 -0.592536862227 -0.126943508531 0.288673202885 0.652288628583 0.958109987725 1.13830681613
 -5.68011749274 -3.72081566349 -2.02683205344 -1.20730229650 -0.881336697557 -0.636839939146 -0.298327072279 0.0967546455874 0.570780196170 0.973445959784 1.20539611624
 -5.68675174114 -3.73730608337 -1.84494720208 -0.852437142021 -0.635032806222 -0.631335603504 -0.372819879313 0.0539879237097 0.545320881275 0.941363722287 1.19200728562
 -5.67905534556 -3.86354362682 -2.09977498752 -0.706571451780 -0.277917293977 -0.274255488333 -0.248101302697 0.0417712257687 0.445857825190 0.845602536331 1.14043492142
 -5.64691921628 -3.89463906274 -2.22343637257 -0.863391191494 -0.102445893018 0.0102567258122 -0.0586819138406 0.0191593745033 0.338349025547 0.768124797009 1.10277612209
 -5.57308585511 -3.76556445130 -2.11517489927 -0.897031056714 -0.235993456089 -0.0175298339500 -0.0178628791824 0.0600335966907 0.326324818277 0.766485056789 1.12817939660
 -5.49939464365 -3.47802113858 -1.60924166784 -0.767740401415 -0.445061929023 -0.413457595952 -0.328213067613 -0.0374117162696 0.411106748298 0.887438291026 1.21726116091
 -5.45049579599 -3.28017402041 -1.62419245336 -0.822994395342 -0.686560507941 -0.667627625163 -0.482259435854 -0.0640972441184 0.480400332833 0.959363297068 1.25948717730
 -5.62927576464 -3.70394556294 -2.03077082425 -1.28569419600 -0.816703440002 -0.616624785822 -0.381221661362 0.0873875586071 0.580958813164 0.992683600096 1.20052981762
 -5.87668831437 -4.24450519864 -2.75277087256 -1.47545441973 -0.824072917388 -0.489269051348 -0.146210725034 0.234538480698 0.611748506371 0.946228826095 1.12842401864
 -6.13388600918 -4.53912230308 -3.02665456830 -1.66751922876 -0.841669534211 -0.511524116765 -0.142683386368 0.356083957601 0.669150588978 0.921544875757 1.08481131364
 -6.37215858784 -4.67941994969 -3.04298595170 -1.75069634073 -0.967783528856 -0.602080633663 -0.0973774830733 0.346323951056 0.727759439989 0.963004880828 1.03992332789
 -6.49066037524 -4.71902921519 -2.87040612110 -1.33277364550 -0.734012405999 -0.468069864254 -0.163035089959 0.252898567722 0.623983259667 0.940662217043 1.09781541278
 -6.53043639786 -4.65646650757 -2.72650399827 -0.968346755233 -0.251213060298 -0.168679538057 -0.161154111344 0.0280807560208 0.401155599996 0.840115167298 1.17292303418
# log_sel_spl_fsh[1]:
 0.00000000000 0.00000000000 0.00000000000 0.00000000000
 0.00000000000 0.00000000000 0.00000000000 0.00000000000
 0.00000000000 0.00000000000 0.00000000000 0.00000000000
 0.00000000000 0.00000000000 0.00000000000 0.00000000000
 0.00000000000 0.00000000000 0.00000000000 0.00000000000
 0.00000000000 0.00000000000 0.00000000000 0.00000000000
# log_sel_spl_fsh[2]:
 0.00000000000 0.00000000000 0.00000000000 0.00000000000
 0.00000000000 0.00000000000 0.00000000000 0.00000000000
 0.00000000000 0.00000000000 0.00000000000 0.00000000000
 0.00000000000 0.00000000000 0.00000000000 0.00000000000
 0.00000000000 0.00000000000 0.00000000000 0.00000000000
 0.00000000000 0.00000000000 0.00000000000 0.00000000000
 0.00000000000 0.00000000000 0.00000000000 0.00000000000
 0.00000000000 0.00000000000 0.00000000000 0.00000000000
 0.00000000000 0.00000000000 0.00000000000 0.00000000000
 0.00000000000 0.00000000000 0.00000000000 0.00000000000
 0.00000000000 0.00000000000 0.00000000000 0.00000000000
 0.00000000000 0.00000000000 0.00000000000 0.00000000000
 0.00000000000 0.00000000000 0.00000000000 0.00000000000
 0.00000000000 0.00000000000 0.00000000000 0.00000000000
 0.00000000000 0.00000000000 0.00000000000 0.00000000000
 0.00000000000 0.00000000000 0.00000000000 0.00000000000
 0.00000000000 0.00000000000 0.00000000000 0.00000000000
 0.00000000000 0.00000000000 0.00000000000 0.00000000000
 0.00000000000 0.00000000000 0.00000000000 0.00000000000
 0.00000000000 0.00000000000 0.00000000000 0.00000000000
 0.00000000000 0.00000000000 0.00000000000 0.00000000000
 0.00000000000 0.00000000000 0.00000000000 0.00000000000
 0.00000000000 0.00000000000 0.00000000000 0.00000000000
 0.00000000000 0.00000000000 0.00000000000 0.00000000000
 0.00000000000 0.00000000000 0.00000000000 0.00000000000
 0.00000000000 0.00000000000 0.00000000000 0.00000000000
 0.00000000000 0.00000000000 0.00000000000 0.00000000000
 0.00000000000 0.00000000000 0.00000000000 0.00000000000
 0.00000000000 0.00000000000 0.00000000000 0.00000000000
 0.00000000000 0.00000000000 0.00000000000 0.00000000000
 0.00000000000 0.00000000000 0.00000000000 0.00000000000
 0.00000000000 0.00000000000 0.00000000000 0.00000000000
# log_sel_spl_fsh[3]:
 0.00000000000 0.00000000000 0.00000000000 0.00000000000
 0.00000000000 0.00000000000 0.00000000000 0.00000000000
 0.00000000000 0.00000000000 0.00000000000 0.00000000000
 0.00000000000 0.00000000000 0.00000000000 0.00000000000
 0.00000000000 0.00000000000 0.00000000000 0.00000000000
 0.00000000000 0.00000000000 0.00000000000 0.00000000000
 0.00000000000 0.00000000000 0.00000000000 0.00000000000
 0.00000000000 0.00000000000 0.00000000000 0.00000000000
 0.00000000000 0.00000000000 0.00000000000 0.00000000000
 0.00000000000 0.00000000000 0.00000000000 0.00000000000
 0.00000000000 0.00000000000 0.00000000000 0.00000000000
 0.00000000000 0.00000000000 0.00000000000 0.00000000000
 0.00000000000 0.00000000000 0.00000000000 0.00000000000
 0.00000000000 0.00000000000 0.00000000000 0.00000000000
 0.00000000000 0.00000000000 0.00000000000 0.00000000000
 0.00000000000 0.00000000000 0.00000000000 0.00000000000
 0.00000000000 0.00000000000 0.00000000000 0.00000000000
# logsel_slope_fsh[1]:
 0.00000000000 0.00000000000 0.00000000000 0.00000000000 0.00000000000 0.00000000000
# logsel_slope_fsh[2]:
 0.00000000000 0.00000000000 0.00000000000 0.00000000000 0.00000000000 0.00000000000 0.00000000000 0.00000000000 0.00000000000 0.00000000000 0.00000000000 0.00000000000 0.00000000000 0.00000000000 0.00000000000 0.00000000000 0.00000000000 0.00000000000 0.00000000000 0.00000000000 0.00000000000 0.00000000000 0.00000000000 0.00000000000 0.00000000000 0.00000000000 0.00000000000 0.00000000000 0.00000000000 0.00000000000 0.00000000000 0.00000000000
# logsel_slope_fsh[3]:
 0.00000000000 0.00000000000 0.00000000000 0.00000000000 0.00000000000 0.00000000000 0.00000000000 0.00000000000 0.00000000000 0.00000000000 0.00000000000 0.00000000000 0.00000000000 0.00000000000 0.00000000000 0.00000000000 0.00000000000
# sel50_fsh[1]:
 0.00000000000 0.00000000000 0.00000000000 0.00000000000 0.00000000000 0.00000000000
# sel50_fsh[2]:
 0.00000000000 0.00000000000 0.00000000000 0.00000000000 0.00000000000 0.00000000000 0.00000000000 0.00000000000 0.00000000000 0.00000000000 0.00000000000 0.00000000000 0.00000000000 0.00000000000 0.00000000000 0.00000000000 0.00000000000 0.00000000000 0.00000000000 0.00000000000 0.00000000000 0.00000000000 0.00000000000 0.00000000000 0.00000000000 0.00000000000 0.00000000000 0.00000000000 0.00000000000 0.00000000000 0.00000000000 0.00000000000
# sel50_fsh[3]:
 0.00000000000 0.00000000000 0.00000000000 0.00000000000 0.00000000000 0.00000000000 0.00000000000 0.00000000000 0.00000000000 0.00000000000 0.00000000000 0.00000000000 0.00000000000 0.00000000000 0.00000000000 0.00000000000 0.00000000000
# logsel_p1_fsh[1]:
 0.00000000000 0.00000000000 0.00000000000 0.00000000000 0.00000000000 0.00000000000
# logsel_p1_fsh[2]:
 0.00000000000 0.00000000000 0.00000000000 0.00000000000 0.00000000000 0.00000000000 0.00000000000 0.00000000000 0.00000000000 0.00000000000 0.00000000000 0.00000000000 0.00000000000 0.00000000000 0.00000000000 0.00000000000 0.00000000000 0.00000000000 0.00000000000 0.00000000000 0.00000000000 0.00000000000 0.00000000000 0.00000000000 0.00000000000 0.00000000000 0.00000000000 0.00000000000 0.00000000000 0.00000000000 0.00000000000 0.00000000000
# logsel_p1_fsh[3]:
 0.00000000000 0.00000000000 0.00000000000 0.00000000000 0.00000000000 0.00000000000 0.00000000000 0.00000000000 0.00000000000 0.00000000000 0.00000000000 0.00000000000 0.00000000000 0.00000000000 0.00000000000 0.00000000000 0.00000000000
# logsel_p2_fsh[1]:
 0.00000000000 0.00000000000 0.00000000000 0.00000000000 0.00000000000 0.00000000000
# logsel_p2_fsh[2]:
 0.00000000000 0.00000000000 0.00000000000 0.00000000000 0.00000000000 0.00000000000 0.00000000000 0.00000000000 0.00000000000 0.00000000000 0.00000000000 0.00000000000 0.00000000000 0.00000000000 0.00000000000 0.00000000000 0.00000000000 0.00000000000 0.00000000000 0.00000000000 0.00000000000 0.00000000000 0.00000000000 0.00000000000 0.00000000000 0.00000000000 0.00000000000 0.00000000000 0.00000000000 0.00000000000 0.00000000000 0.00000000000
# logsel_p2_fsh[3]:
 0.00000000000 0.00000000000 0.00000000000 0.00000000000 0.00000000000 0.00000000000 0.00000000000 0.00000000000 0.00000000000 0.00000000000 0.00000000000 0.00000000000 0.00000000000 0.00000000000 0.00000000000 0.00000000000 0.00000000000
# logsel_p3_fsh[1]:
 0.00000000000 0.00000000000 0.00000000000 0.00000000000 0.00000000000 0.00000000000
# logsel_p3_fsh[2]:
 0.00000000000 0.00000000000 0.00000000000 0.00000000000 0.00000000000 0.00000000000 0.00000000000 0.00000000000 0.00000000000 0.00000000000 0.00000000000 0.00000000000 0.00000000000 0.00000000000 0.00000000000 0.00000000000 0.00000000000 0.00000000000 0.00000000000 0.00000000000 0.00000000000 0.00000000000 0.00000000000 0.00000000000 0.00000000000 0.00000000000 0.00000000000 0.00000000000 0.00000000000 0.00000000000 0.00000000000 0.00000000000
# logsel_p3_fsh[3]:
 0.00000000000 0.00000000000 0.00000000000 0.00000000000 0.00000000000 0.00000000000 0.00000000000 0.00000000000 0.00000000000 0.00000000000 0.00000000000 0.00000000000 0.00000000000 0.00000000000 0.00000000000 0.00000000000 0.00000000000
# rec_dev_future:
 0.00000000000 0.00000000000 0.00000000000 0.00000000000 0.00000000000 0.00000000000 0.00000000000 0.00000000000 0.00000000000 0.00000000000 0.00000000000 0.00000000000 0.00000000000 0.00000000000 0.00000000000 0.00000000000 0.00000000000 0.00000000000 0.00000000000 0.00000000000
# log_q_ind[1]:
-0.367201536358
# log_q_ind[2]:
-6.01485841458
# log_q_power_ind[1]:
0.00000000000
# log_q_power_ind[2]:
0.00000000000
# log_selcoffs_ind[1]:
 -7.65217042943 -5.59005562298 -4.12070662628 -2.69199805879 -1.50164533166 -0.846345834685 0.0271260730256 0.683551791017 0.972695683066 1.28276694486
 -7.64740380063 -5.49172860290 -3.97333504327 -2.56166316921 -1.19845256677 -0.576921336611 0.178752960072 0.465630756197 0.956994231194 1.29295234189
 -7.63942322579 -5.37941992157 -3.80678809199 -2.29601412498 -1.25075200831 -0.385545405707 0.0884503741982 0.565131291439 0.934975864201 1.25457556982
 -7.62772961864 -5.29444871582 -3.79086163515 -2.60060781775 -1.67856446090 -0.753571819958 -0.0637682571122 0.512986730220 1.10578774672 1.28378162549
 -7.61132418968 -5.09684009822 -3.48785077980 -2.56690232168 -1.75604267829 -1.16547551782 -0.442190161574 0.578273382180 0.955358785741 1.47621743643
 -7.58790487334 -4.93161788956 -3.44478628364 -2.68342030508 -1.89438278753 -1.17121961399 -0.648067307560 0.260041985231 1.00247918335 1.58649036315
 -7.53950426356 -4.56176914557 -3.02139529213 -2.28498590901 -1.31364626577 -0.671590547509 -0.422857152028 0.291942179526 0.857491134754 1.54912420491
 -7.47736778123 -3.86538794766 -1.53390707106 -1.45294278389 -1.27121174663 -0.952613581875 -0.687194245421 0.0792989242731 0.857107143966 1.59347853786
 -7.41080241421 -3.74365207740 -1.56545420320 -1.18835388674 -1.04586568626 -0.811459941559 -0.611731859219 0.296661868966 0.764996013687 1.53248318296
 -7.35572042646 -3.73376121896 -1.33814240150 -0.679748444537 -0.759040515317 -0.759800298862 -0.605857538972 0.131164819692 0.651498046403 1.54037322731
 -7.30227846198 -3.60070835700 -1.06279567621 -0.628645514719 -0.733836599392 -0.905688361828 -0.683445975341 0.125053096186 0.596756191226 1.55911081416
 -7.24506987383 -3.47422327788 -1.29119275075 -0.900115489709 -1.02541156761 -0.771800121327 -0.469529035202 0.234947601713 0.553451876473 1.57621623174
 -7.18310541445 -3.20651705914 -1.16748306254 -0.763074764805 -1.02893715814 -0.786842602940 -0.567820810140 -0.0817719737101 0.441511187393 1.67248787479
 -7.11660314501 -3.11756782260 -1.06788039383 -0.976359889439 -0.680231533138 -0.224825648918 0.0580897287415 0.201518283455 0.458048729260 1.40248700312
 -7.04714888176 -3.08519073766 -1.11235753958 -0.531506412441 -0.591869647229 -0.140109663265 0.291506421888 0.220942610786 0.438846506149 1.24638290270
 -6.96977491898 -2.71712266045 -1.25508920738 -0.644628120230 -0.326776654280 -0.296757209589 0.381472448066 0.178379910005 0.424050926681 1.24437362555
 -6.97822831850 -1.87527561352 -1.16396488660 -0.697960799415 -0.595999378703 -0.411620056332 0.0623350679663 0.0597655731161 0.576449621474 1.36525150622
 -6.98334413332 -2.41459143138 -1.03719754116 -0.570144493438 -0.659851993151 -0.399672604979 -0.150221996019 -0.0323266891015 0.613133012794 1.41764706631
# log_selcoffs_ind[2]:
 0.00000000000 0.00000000000 0.00000000000 0.00000000000 0.00000000000 0.00000000000 0.00000000000 0.00000000000 0.00000000000 0.00000000000
# logsel_slope_ind[1]:
 0.00000000000 0.00000000000 0.00000000000 0.00000000000 0.00000000000 0.00000000000 0.00000000000 0.00000000000 0.00000000000 0.00000000000 0.00000000000 0.00000000000 0.00000000000 0.00000000000 0.00000000000 0.00000000000 0.00000000000 0.00000000000
# logsel_slope_ind[2]:
 0.00000000000
# sel50_ind[1]:
 0.00000000000 0.00000000000 0.00000000000 0.00000000000 0.00000000000 0.00000000000 0.00000000000 0.00000000000 0.00000000000 0.00000000000 0.00000000000 0.00000000000 0.00000000000 0.00000000000 0.00000000000 0.00000000000 0.00000000000 0.00000000000
# sel50_ind[2]:
 0.00000000000
# logsel_p1_ind[1]:
 0.00000000000 0.00000000000 0.00000000000 0.00000000000 0.00000000000 0.00000000000 0.00000000000 0.00000000000 0.00000000000 0.00000000000 0.00000000000 0.00000000000 0.00000000000 0.00000000000 0.00000000000 0.00000000000 0.00000000000 0.00000000000
# logsel_p1_ind[2]:
 0.00000000000
# sel_p2_ind[1]:
 0.00000000000 0.00000000000 0.00000000000 0.00000000000 0.00000000000 0.00000000000 0.00000000000 0.00000000000 0.00000000000 0.00000000000 0.00000000000 0.00000000000 0.00000000000 0.00000000000 0.00000000000 0.00000000000 0.00000000000 0.00000000000
# sel_p2_ind[2]:
 0.00000000000
# logsel_p3_ind[1]:
 0.00000000000 0.00000000000 0.00000000000 0.00000000000 0.00000000000 0.00000000000 0.00000000000 0.00000000000 0.00000000000 0.00000000000 0.00000000000 0.00000000000 0.00000000000 0.00000000000 0.00000000000 0.00000000000 0.00000000000 0.00000000000
# logsel_p3_ind[2]:
 0.00000000000
