# Number of parameters = 771 Objective function value = 140.531760719221  Maximum gradient component = 1.73414739476565e-05
# Mest[1]:
0.350000000000
# log_Linf[1]:
4.38701417618
# log_k[1]:
-1.83258146375
# log_Lo[1]:
2.75684036527
# log_sdage[1]:
-2.40794560865
# mean_log_rec[1]:
7.22406581968
# steepness[1]:
0.593589037585
# log_Rzero[1]:
7.59618805257
# rec_dev:
 -0.154315441598 -0.204096884975 -0.263384990775 -0.338049399623 -0.412570920642 -0.501256029133 -0.582532338749 -0.648003730540 -0.670493396492 -0.394712592052 -0.00957262324596 0.460266532629 0.453381058716 0.530611885318 0.841781856490 0.625639469324 0.476824658003 0.377389345419 0.469452062296 0.506445563557 0.452939258015 0.428542304752 0.840687055740 0.500698817296 1.15691363040 0.216949674847 0.221523890712 0.335162943771 -0.297655148217 -0.473248286191 -0.324618560051 -0.690831467890 -0.375449990305 -0.214180777448 -0.445182942708 -0.578032538231 -0.580871493357 -0.167069631137 -0.379337570271 -0.0128541352718 -0.338008483962 -0.422441901431 -0.112685900778 4.94267382578e-09
# log_sigmar[1]:
-0.223143551314
# fmort:
 -13.8354419302 -13.9437825578 -2.39721794911 -1.89861070306 -1.75781280269 -2.35889067852 -2.00626862173 -1.68426533254 -2.68219722105 -2.77445961854 -1.80188338357 -1.10651723863 -3.12029471501 -1.52089725248 -1.38300603635 -2.62290877455 -2.21096611721 -2.35180043273 -5.17693463769 -5.40878760191 -4.84674852146 -9.43404135580 -10.7208057649 -13.4505212219 -7.93171793549 -6.88803484980 -6.99095466661 -7.06161134391 -13.6143190088 -13.6266130582 -13.6268748267
 -2.87089979833 -2.08939193660 -2.82418071380 -2.91056556193 -2.92686748094 -2.67672575306 -3.10876317994 -2.86295988003 -3.11289430452 -3.07654072559 -2.95501850306 -2.74602065037 -2.67830907035 -2.94819529982 -2.46381866191 -2.63812772777 -2.46341366299 -2.23619569482 -1.73775347976 -1.16332862080 -0.899806496640 -0.786466954560 -1.02551636582 -1.01155847459 -0.863432597852 -0.747773785717 -0.952418710370 -0.819461375492 -0.997833244318 -1.49209078131 -1.74673588974
 -13.7292920593 -13.5466201238 -13.3688342562 -13.4400823697 -13.4125554537 -13.0782739723 -13.2230042136 -13.1568704135 -13.1419594472 -13.2213575960 -13.2192531368 -13.0865304753 -12.7381697234 -12.8932071790 -12.7788566416 -12.6670866830 -2.76025057330 -2.22052409226 -1.15858913856 -2.10188882948 -1.51019522905 -2.13264610420 -1.90304857894 -1.99565234770 -2.40916263608 -1.84601653022 -1.16429214906 -1.22423354017 -1.78725442211 -2.64902863145 -3.18663453243
# log_selcoffs_fsh[1]:
 -1.49734104937 -0.222913431417 0.211537464434 0.203546856094 0.207872220648 0.249759732857
 -1.75524394724 0.109560183606 0.419402403131 0.144412241562 0.0147722890760 0.0198547584951
 -2.10313705718 -0.493154908426 0.761682934341 0.261437315385 0.0135716944261 -0.207155904635
 -2.20675787040 -0.499963026743 0.518451549374 0.596699220906 0.0242009938294 -0.270032906172
 -2.15665852343 -0.106467275449 0.731319449801 0.338663289287 -0.170760798568 -0.413441889037
 -2.20264131405 -0.409076499404 0.705433328153 0.553042527079 -0.162601089600 -0.490962286640
# log_selcoffs_fsh[2]:
 -5.01861863479 -3.78486319387 -2.59296935866 -1.50714012364 -0.591809039018 0.0927313263496 0.515350586711 0.715969041180 0.771043221834 0.761472595616
 -5.16812547187 -3.87925402268 -2.62126831365 -1.50719590681 -0.510886524918 0.276946836492 0.581194966433 0.680571586790 0.703959335700 0.680779015077
 -5.26261038250 -3.94109408742 -2.65981874252 -1.44163324278 -0.494424924402 0.313376933493 0.585967820947 0.667836140846 0.691970058121 0.666054058811
 -5.32226271547 -3.93453970789 -2.64456726516 -1.44615889636 -0.497966751150 0.215672727809 0.538582132739 0.698278355536 0.737602908018 0.696048697710
 -5.36923103035 -3.95377885788 -2.65411165648 -1.48391701476 -0.484212938115 0.217465338901 0.496167164562 0.673349794604 0.754027624165 0.737735392369
 -5.42013495585 -3.97160193467 -2.65041874373 -1.49247998394 -0.515690613008 0.0971876371001 0.455532575083 0.694387479404 0.804546881132 0.773325483302
 -5.45479887380 -3.94907360363 -2.55443261876 -1.48337562093 -0.657989481306 -0.0803932527811 0.378511446852 0.702645826337 0.893942442714 0.836057901041
 -5.50320963962 -4.03365766087 -2.62931834166 -1.53918207449 -0.718779957475 -0.164499312300 0.345360144349 0.733954375664 0.903679684304 0.871877523752
 -5.53399714827 -4.11489460440 -2.80736997327 -1.62087871867 -0.754869194218 -0.199436659328 0.347922275007 0.745472009243 0.911364941304 0.884220160828
 -5.55272579106 -4.16461806872 -2.88808775554 -1.66663473621 -0.778489786046 -0.176505463560 0.399045995394 0.737620501567 0.870277387815 0.904137530622
 -5.54295584933 -4.22938223942 -2.94196745521 -1.67253273168 -0.796387615308 -0.180565977485 0.295174335529 0.661376953282 0.904188376433 0.994914485388
 -5.55560284163 -4.25150985382 -3.01878552434 -1.74299152538 -0.600545668646 -0.0691556489325 0.284600256966 0.601106361796 0.875750447433 1.00147661639
 -5.55307735584 -4.18494545051 -2.92319568451 -1.75626212491 -0.775558873643 -0.0497438568192 0.290958664755 0.619797549171 0.868525978132 1.01627184927
 -5.52251544351 -4.02181373299 -2.73061295008 -1.67722041365 -0.746193411531 -0.164417515583 0.248075797890 0.594374030059 0.879505499693 1.06481232012
 -5.52998058027 -4.05918992986 -2.73025814963 -1.66399681539 -0.771138546837 -0.168569020158 0.214377518661 0.581304178101 0.896842783547 1.07756543673
 -5.56458751539 -4.10825594346 -2.76906165964 -1.67874779323 -0.843035636182 -0.243272554482 0.238310377437 0.608405236621 0.928907904719 1.05695654955
 -5.59512523219 -4.11973008593 -2.72935824479 -1.62415535642 -0.853319682748 -0.329960216341 0.191190249982 0.667730853659 0.943136721821 1.04529013708
 -5.58915264486 -4.05330194636 -2.63044246484 -1.60590306769 -0.923378474981 -0.415321758389 0.114193464460 0.595607012479 0.995449190242 1.10120856922
 -5.59822300272 -3.99807028456 -2.56688719298 -1.47376253915 -0.764355614335 -0.307337380496 0.122097840286 0.578368246750 0.918352201658 1.11609914860
 -5.67182552335 -3.97257532752 -2.44830152164 -1.35443799242 -0.572318451676 -0.129904650439 0.180003691414 0.599361770577 0.895202599827 1.00239366922
 -5.70149583936 -3.89170347218 -2.26123201569 -1.17430273943 -0.493557227986 -0.0869753807073 0.210448006142 0.540958143531 0.879688632833 0.983504282015
 -5.74833240337 -3.86320164715 -2.07949353608 -0.947677789937 -0.375026434477 -0.0538299131217 0.239082942597 0.532873694818 0.816958675942 0.951967811675
 -5.80612063500 -3.90934691737 -2.07912319246 -0.848520375038 -0.264994925636 0.00451562726932 0.272967352908 0.541074831553 0.769377119689 0.900967133115
 -5.81471870405 -3.97917547776 -2.25687345906 -1.06462478534 -0.419948564632 -0.0725019182638 0.253296507007 0.568495532691 0.855080856845 0.930666144951
 -5.79493231552 -4.00039462647 -2.27786334634 -1.05505711845 -0.454470931500 -0.114627426840 0.185031572217 0.541592338836 0.850102038153 1.00781466351
 -5.76306043747 -4.01914078639 -2.40396242644 -1.18436305920 -0.574678447825 -0.185158101876 0.140228820996 0.540984308396 0.873835490809 1.07309409367
 -5.70377877042 -3.98162587367 -2.45858915566 -1.34733943152 -0.707912556256 -0.283488367341 0.0850336389031 0.486180499303 0.888759705861 1.17549403186
 -5.76656553948 -4.05276986361 -2.45820933360 -1.22999668642 -0.494744896130 -0.100268686449 0.203028780796 0.501855747521 0.829210064218 1.07120464358
# log_selcoffs_fsh[3]:
 -5.81214301191 -4.71977860455 -3.65732104889 -2.64917343418 -1.71711790925 -0.892616300198 -0.229627981962 0.248362308106 0.679148849299 1.01353650384 1.25222995616
 -5.85863349890 -4.74836790732 -3.68570589560 -2.68530326345 -1.72306126324 -0.834539029894 -0.127121647027 0.359194561164 0.672772124872 1.00669310388 1.18589178213
 -5.85543279952 -4.56333622978 -3.39012209015 -2.26376951081 -1.22841652342 -0.594824556494 -0.0854663375205 0.303540325298 0.647893614481 0.964583183548 1.16211797411
 -5.82073893866 -4.11817052305 -2.67633730487 -1.76824844253 -1.14475432929 -0.604041956615 -0.141141659407 0.269281050247 0.638355680265 0.962673643262 1.15907099774
 -5.77291366802 -3.76105366644 -2.03974748640 -1.21865779184 -0.898547114295 -0.660816743569 -0.328392340204 0.0648973104993 0.550767954675 0.979770354853 1.23512047158
 -5.82981158108 -3.80226659330 -1.85724001130 -0.858274571348 -0.650388386762 -0.658067086979 -0.408927843250 0.0163177216617 0.521462228771 0.948422671822 1.22615908122
 -5.89310301146 -3.98321274317 -2.13886592717 -0.712005647633 -0.289860978133 -0.299494255337 -0.283768867520 0.00572475489473 0.425046027987 0.854094033516 1.17650503327
 -5.94460918382 -4.10130883623 -2.32971945969 -0.893007668577 -0.111268882728 -0.00623599810763 -0.0806548040225 -0.00253263903567 0.328591406089 0.778481637960 1.13090088710
 -5.94423893553 -4.08817984796 -2.33786740980 -0.994734021872 -0.255457569496 -0.0134086409141 -0.0104869960231 0.0711938778546 0.336982416970 0.775830125727 1.13672503980
 -5.90859509342 -3.90874983216 -2.00002381254 -0.996268391780 -0.520688699010 -0.391313922049 -0.261721109811 0.0379510298470 0.468787599556 0.904671022774 1.20140110529
 -5.83643782023 -3.77397557643 -2.12705496070 -1.24962125954 -0.917304069901 -0.715737935659 -0.393613191653 0.0910535526849 0.613627086837 1.00163092520 1.20600452654
 -5.92273501833 -4.13700536339 -2.57436611203 -1.79153602999 -1.24156430227 -0.835323033308 -0.382459209183 0.246398038644 0.775068234801 1.05886480893 1.09872975275
 -5.99891385737 -4.48963768005 -3.12291767211 -1.95752273806 -1.28280591803 -0.853099051016 -0.266277661836 0.326487925169 0.811319282920 1.05746367023 1.03512351366
# log_sel_spl_fsh[1]:
 0.00000000000 0.00000000000 0.00000000000 0.00000000000
 0.00000000000 0.00000000000 0.00000000000 0.00000000000
 0.00000000000 0.00000000000 0.00000000000 0.00000000000
 0.00000000000 0.00000000000 0.00000000000 0.00000000000
 0.00000000000 0.00000000000 0.00000000000 0.00000000000
 0.00000000000 0.00000000000 0.00000000000 0.00000000000
# log_sel_spl_fsh[2]:
 0.00000000000 0.00000000000 0.00000000000 0.00000000000
 0.00000000000 0.00000000000 0.00000000000 0.00000000000
 0.00000000000 0.00000000000 0.00000000000 0.00000000000
 0.00000000000 0.00000000000 0.00000000000 0.00000000000
 0.00000000000 0.00000000000 0.00000000000 0.00000000000
 0.00000000000 0.00000000000 0.00000000000 0.00000000000
 0.00000000000 0.00000000000 0.00000000000 0.00000000000
 0.00000000000 0.00000000000 0.00000000000 0.00000000000
 0.00000000000 0.00000000000 0.00000000000 0.00000000000
 0.00000000000 0.00000000000 0.00000000000 0.00000000000
 0.00000000000 0.00000000000 0.00000000000 0.00000000000
 0.00000000000 0.00000000000 0.00000000000 0.00000000000
 0.00000000000 0.00000000000 0.00000000000 0.00000000000
 0.00000000000 0.00000000000 0.00000000000 0.00000000000
 0.00000000000 0.00000000000 0.00000000000 0.00000000000
 0.00000000000 0.00000000000 0.00000000000 0.00000000000
 0.00000000000 0.00000000000 0.00000000000 0.00000000000
 0.00000000000 0.00000000000 0.00000000000 0.00000000000
 0.00000000000 0.00000000000 0.00000000000 0.00000000000
 0.00000000000 0.00000000000 0.00000000000 0.00000000000
 0.00000000000 0.00000000000 0.00000000000 0.00000000000
 0.00000000000 0.00000000000 0.00000000000 0.00000000000
 0.00000000000 0.00000000000 0.00000000000 0.00000000000
 0.00000000000 0.00000000000 0.00000000000 0.00000000000
 0.00000000000 0.00000000000 0.00000000000 0.00000000000
 0.00000000000 0.00000000000 0.00000000000 0.00000000000
 0.00000000000 0.00000000000 0.00000000000 0.00000000000
 0.00000000000 0.00000000000 0.00000000000 0.00000000000
# log_sel_spl_fsh[3]:
 0.00000000000 0.00000000000 0.00000000000 0.00000000000
 0.00000000000 0.00000000000 0.00000000000 0.00000000000
 0.00000000000 0.00000000000 0.00000000000 0.00000000000
 0.00000000000 0.00000000000 0.00000000000 0.00000000000
 0.00000000000 0.00000000000 0.00000000000 0.00000000000
 0.00000000000 0.00000000000 0.00000000000 0.00000000000
 0.00000000000 0.00000000000 0.00000000000 0.00000000000
 0.00000000000 0.00000000000 0.00000000000 0.00000000000
 0.00000000000 0.00000000000 0.00000000000 0.00000000000
 0.00000000000 0.00000000000 0.00000000000 0.00000000000
 0.00000000000 0.00000000000 0.00000000000 0.00000000000
 0.00000000000 0.00000000000 0.00000000000 0.00000000000
 0.00000000000 0.00000000000 0.00000000000 0.00000000000
# logsel_slope_fsh[1]:
 0.00000000000 0.00000000000 0.00000000000 0.00000000000 0.00000000000 0.00000000000
# logsel_slope_fsh[2]:
 0.00000000000 0.00000000000 0.00000000000 0.00000000000 0.00000000000 0.00000000000 0.00000000000 0.00000000000 0.00000000000 0.00000000000 0.00000000000 0.00000000000 0.00000000000 0.00000000000 0.00000000000 0.00000000000 0.00000000000 0.00000000000 0.00000000000 0.00000000000 0.00000000000 0.00000000000 0.00000000000 0.00000000000 0.00000000000 0.00000000000 0.00000000000 0.00000000000
# logsel_slope_fsh[3]:
 0.00000000000 0.00000000000 0.00000000000 0.00000000000 0.00000000000 0.00000000000 0.00000000000 0.00000000000 0.00000000000 0.00000000000 0.00000000000 0.00000000000 0.00000000000
# sel50_fsh[1]:
 0.00000000000 0.00000000000 0.00000000000 0.00000000000 0.00000000000 0.00000000000
# sel50_fsh[2]:
 0.00000000000 0.00000000000 0.00000000000 0.00000000000 0.00000000000 0.00000000000 0.00000000000 0.00000000000 0.00000000000 0.00000000000 0.00000000000 0.00000000000 0.00000000000 0.00000000000 0.00000000000 0.00000000000 0.00000000000 0.00000000000 0.00000000000 0.00000000000 0.00000000000 0.00000000000 0.00000000000 0.00000000000 0.00000000000 0.00000000000 0.00000000000 0.00000000000
# sel50_fsh[3]:
 0.00000000000 0.00000000000 0.00000000000 0.00000000000 0.00000000000 0.00000000000 0.00000000000 0.00000000000 0.00000000000 0.00000000000 0.00000000000 0.00000000000 0.00000000000
# logsel_p1_fsh[1]:
 0.00000000000 0.00000000000 0.00000000000 0.00000000000 0.00000000000 0.00000000000
# logsel_p1_fsh[2]:
 0.00000000000 0.00000000000 0.00000000000 0.00000000000 0.00000000000 0.00000000000 0.00000000000 0.00000000000 0.00000000000 0.00000000000 0.00000000000 0.00000000000 0.00000000000 0.00000000000 0.00000000000 0.00000000000 0.00000000000 0.00000000000 0.00000000000 0.00000000000 0.00000000000 0.00000000000 0.00000000000 0.00000000000 0.00000000000 0.00000000000 0.00000000000 0.00000000000
# logsel_p1_fsh[3]:
 0.00000000000 0.00000000000 0.00000000000 0.00000000000 0.00000000000 0.00000000000 0.00000000000 0.00000000000 0.00000000000 0.00000000000 0.00000000000 0.00000000000 0.00000000000
# logsel_p2_fsh[1]:
 0.00000000000 0.00000000000 0.00000000000 0.00000000000 0.00000000000 0.00000000000
# logsel_p2_fsh[2]:
 0.00000000000 0.00000000000 0.00000000000 0.00000000000 0.00000000000 0.00000000000 0.00000000000 0.00000000000 0.00000000000 0.00000000000 0.00000000000 0.00000000000 0.00000000000 0.00000000000 0.00000000000 0.00000000000 0.00000000000 0.00000000000 0.00000000000 0.00000000000 0.00000000000 0.00000000000 0.00000000000 0.00000000000 0.00000000000 0.00000000000 0.00000000000 0.00000000000
# logsel_p2_fsh[3]:
 0.00000000000 0.00000000000 0.00000000000 0.00000000000 0.00000000000 0.00000000000 0.00000000000 0.00000000000 0.00000000000 0.00000000000 0.00000000000 0.00000000000 0.00000000000
# logsel_p3_fsh[1]:
 0.00000000000 0.00000000000 0.00000000000 0.00000000000 0.00000000000 0.00000000000
# logsel_p3_fsh[2]:
 0.00000000000 0.00000000000 0.00000000000 0.00000000000 0.00000000000 0.00000000000 0.00000000000 0.00000000000 0.00000000000 0.00000000000 0.00000000000 0.00000000000 0.00000000000 0.00000000000 0.00000000000 0.00000000000 0.00000000000 0.00000000000 0.00000000000 0.00000000000 0.00000000000 0.00000000000 0.00000000000 0.00000000000 0.00000000000 0.00000000000 0.00000000000 0.00000000000
# logsel_p3_fsh[3]:
 0.00000000000 0.00000000000 0.00000000000 0.00000000000 0.00000000000 0.00000000000 0.00000000000 0.00000000000 0.00000000000 0.00000000000 0.00000000000 0.00000000000 0.00000000000
# rec_dev_future:
 0.00000000000 0.00000000000 0.00000000000 0.00000000000 0.00000000000 0.00000000000 0.00000000000 0.00000000000 0.00000000000 0.00000000000 0.00000000000 0.00000000000 0.00000000000 0.00000000000 0.00000000000 0.00000000000 0.00000000000 0.00000000000 0.00000000000 0.00000000000
# log_q_ind[1]:
-0.387623956331
# log_q_ind[2]:
-5.86748108997
# log_q_power_ind[1]:
0.00000000000
# log_q_power_ind[2]:
0.00000000000
# log_selcoffs_ind[1]:
 -8.38130953697 -5.62338858472 -4.11740809593 -2.68753124236 -1.49262981522 -0.842543580850 0.0302084017849 0.679452888013 0.963604032855 1.28973802496
 -8.38069470421 -5.52874788887 -3.97165979688 -2.55711799367 -1.19302842749 -0.570120896938 0.179223276089 0.461650035936 0.943430027852 1.30261822618
 -8.38000255030 -5.42105624602 -3.80961798452 -2.29373071500 -1.24710554516 -0.385241186318 0.0898822104418 0.553054162292 0.918116088140 1.27186857450
 -8.37941701189 -5.34117517722 -3.79830268502 -2.60563742267 -1.67766026471 -0.754716483927 -0.0721707415995 0.498783087077 1.07924764352 1.31431698276
 -8.37838865739 -5.15196243562 -3.49911572583 -2.57904533716 -1.76582666448 -1.17233251433 -0.458438314810 0.535279857628 0.911916413282 1.52124866173
 -8.37822207177 -4.99798693370 -3.45318216522 -2.69419535737 -1.90720948787 -1.18438103288 -0.664580602456 0.218148606795 0.941080340267 1.63282971235
 -8.37080843040 -4.65350524869 -3.01656379297 -2.28375446924 -1.31953095314 -0.684976876875 -0.445816621705 0.247964168966 0.804179580843 1.59156518516
 -8.36042739660 -4.02159878206 -1.53415355313 -1.44175038185 -1.26887826290 -0.962098144748 -0.707950466180 0.0400712246724 0.789794057096 1.63510030399
 -8.35059918418 -4.01239365110 -1.63153699760 -1.19169282157 -1.03627343427 -0.808465504395 -0.621772456068 0.280231236677 0.723457941252 1.56025724020
 -8.35366189900 -4.15199304900 -1.54902736005 -0.750527151950 -0.770649842952 -0.756938470267 -0.608311141941 0.126991665958 0.617314661435 1.57567985124
 -8.36017889117 -4.15364593025 -1.49149952020 -0.850298194616 -0.832609249992 -0.944372256123 -0.686984324781 0.154418795735 0.586958928176 1.61727088555
 -8.36542910947 -4.16011326836 -1.87387550224 -1.37664354614 -1.32238225413 -0.937267010857 -0.534052828698 0.269704887333 0.562470061284 1.66188018271
 -8.37000455873 -3.94787981507 -1.95723700817 -1.44021404907 -1.61653114733 -1.21046911752 -0.816476475477 -0.129332264438 0.456176381919 1.82567878828
 -8.37267181203 -3.92172078624 -1.77718201863 -1.90353576397 -1.39629708728 -0.893435379387 -0.402469766319 0.0985007685110 0.522693527092 1.71313136498
# log_selcoffs_ind[2]:
 0.00000000000 0.00000000000 0.00000000000 0.00000000000 0.00000000000 0.00000000000 0.00000000000 0.00000000000 0.00000000000 0.00000000000
# logsel_slope_ind[1]:
 0.00000000000 0.00000000000 0.00000000000 0.00000000000 0.00000000000 0.00000000000 0.00000000000 0.00000000000 0.00000000000 0.00000000000 0.00000000000 0.00000000000 0.00000000000 0.00000000000
# logsel_slope_ind[2]:
 0.00000000000
# sel50_ind[1]:
 0.00000000000 0.00000000000 0.00000000000 0.00000000000 0.00000000000 0.00000000000 0.00000000000 0.00000000000 0.00000000000 0.00000000000 0.00000000000 0.00000000000 0.00000000000 0.00000000000
# sel50_ind[2]:
 0.00000000000
# logsel_p1_ind[1]:
 0.00000000000 0.00000000000 0.00000000000 0.00000000000 0.00000000000 0.00000000000 0.00000000000 0.00000000000 0.00000000000 0.00000000000 0.00000000000 0.00000000000 0.00000000000 0.00000000000
# logsel_p1_ind[2]:
 0.00000000000
# sel_p2_ind[1]:
 0.00000000000 0.00000000000 0.00000000000 0.00000000000 0.00000000000 0.00000000000 0.00000000000 0.00000000000 0.00000000000 0.00000000000 0.00000000000 0.00000000000 0.00000000000 0.00000000000
# sel_p2_ind[2]:
 0.00000000000
# logsel_p3_ind[1]:
 0.00000000000 0.00000000000 0.00000000000 0.00000000000 0.00000000000 0.00000000000 0.00000000000 0.00000000000 0.00000000000 0.00000000000 0.00000000000 0.00000000000 0.00000000000 0.00000000000
# logsel_p3_ind[2]:
 0.00000000000
