# Number of parameters = 714 Objective function value = 216.236996585873  Maximum gradient component = 4.79305097180371e-05
# Mest[1]:
0.350000000000
# log_Linf[1]:
4.38701417618
# log_k[1]:
-1.83258146375
# log_Lo[1]:
2.75684036527
# log_sdage[1]:
-2.40794560865
# mean_log_rec[1]:
7.09603523250
# steepness[1]:
0.650000000000
# log_Rzero[1]:
6.80703879674
# rec_dev:
 -0.185459871597 -0.240952002494 -0.303956523323 -0.383015518991 -0.461066392400 -0.552824001564 -0.637720095407 -0.710101592369 -0.737509226525 -0.466033198421 -0.0692024311093 0.425933905957 0.453663520108 0.571692910131 0.961202254321 0.751818947355 0.591988333398 0.479379240040 0.574761331902 0.601937730390 0.569378442413 0.597812083769 1.04673873810 0.714298435454 1.33864594547 0.390057745158 0.313126146220 0.382096882479 -0.268118273865 -0.481697689457 -0.300249440982 -0.635759313041 -0.307702477878 -0.124398479945 -0.278650550326 -0.439443811470 -0.564234718230 -0.321699404111 -0.559460624624 -0.362194148151 -0.413197012248 -0.643708984663 -0.686634293083 -0.222265015672 1.32928790252 -0.0790330187934 -4.39180070089e-09
# log_sigmar[1]:
-0.223143551314
# fmort:
 -13.6988455201 -13.8311347282 -2.31721808274 -1.83543040386 -1.69500188863 -2.29641623727 -1.94918074739 -1.63165194821 -2.64125272833 -2.75919068019 -1.82370182642 -1.15686622704 -3.17382985662 -1.55531073035 -1.41142103408 -2.61851750408 -2.16946153301 -2.27727508376 -5.07122574299 -5.29765924697 -4.73627225966 -9.34321698096 -10.6469911728 -13.3927173544 -7.86963072564 -6.75994018716 -6.75474483324 -6.72139357427 -13.2112977298 -13.2356352070 -13.1931637614 -13.2809699078 -13.8414915894 -14.3863790952
 -2.55851588657 -1.74915483485 -2.46847367045 -2.56692545262 -2.59763830713 -2.37136293528 -2.83088661248 -2.61105880839 -2.87685311425 -2.87070865415 -2.78265680499 -2.60682065515 -2.57183796752 -2.87253227095 -2.41647572848 -2.62125838160 -2.47226513558 -2.27225396613 -1.81211437811 -1.26191460251 -1.00799609895 -0.898378332595 -1.12937182782 -1.12724581476 -0.998159615788 -0.881333371902 -1.08971122273 -0.939183329092 -1.09160711495 -1.48165002392 -1.46382584198 -1.56302940541 -2.27276754683 -2.81729736681
 -13.3918360881 -13.1956837563 -13.0018538570 -13.0771261510 -13.0566637992 -12.7666324813 -12.9407688868 -12.9068497888 -12.8987300787 -13.0127820776 -13.0486756977 -12.9428278819 -12.6263053133 -12.8110753679 -12.7191922433 -12.6344737071 -2.74739291614 -2.22362382393 -1.17644068027 -2.13738278977 -1.53710719219 -2.13207943563 -1.86977286286 -1.94220746907 -2.34450125052 -1.76439388496 -1.03882293041 -1.00828007124 -1.47469453021 -2.22094746579 -2.59889031059 -3.09247126105 -3.20531955054 -3.35652018139
# log_selcoffs_fsh[1]:
 -1.41609541380 -0.153635268008 0.267378297381 0.208509410124 0.165337304318 0.166860562058
 -1.67824400915 0.140162312001 0.430907865064 0.142300887121 -0.00726719980382 -0.0217328573713
 -2.00817293466 -0.460563869189 0.763162198127 0.243242169894 0.00315885476762 -0.209180662098
 -2.08935481110 -0.436089654771 0.515525703819 0.567508268291 0.00623917047481 -0.242034021866
 -2.04006749091 -0.0316166306954 0.741810734138 0.275332498596 -0.220766338634 -0.381999419412
 -2.07637338037 -0.320110340206 0.740240084526 0.479489981717 -0.234406324130 -0.437238291485
# log_selcoffs_fsh[2]:
 -5.24876198292 -4.00351796815 -2.79694428572 -1.68904610938 -0.741472252417 -0.0134347830838 0.462310158540 0.720162593669 0.826769204301 0.849855772938
 -5.38329307203 -4.08832591413 -2.82050721823 -1.68089151348 -0.650560700391 0.176866190324 0.527630493442 0.682620026278 0.764582839482 0.786439940828
 -5.46415526410 -4.13749451503 -2.84830677004 -1.61248221169 -0.630666177473 0.215576463626 0.532086592373 0.666980950363 0.752192388729 0.778030140133
 -5.51147197600 -4.11750573434 -2.81881928840 -1.60643074425 -0.636408697137 0.114918955350 0.481394438520 0.693234703709 0.793240837430 0.806194822636
 -5.54442773794 -4.12142877131 -2.81071467376 -1.62631350948 -0.610829114179 0.113433534257 0.434686940122 0.663949278640 0.807368858012 0.846343327807
 -5.58230653500 -4.12523041186 -2.79093897343 -1.61603225123 -0.624800929254 0.00269429187501 0.387456582003 0.675423861746 0.849943258900 0.877280747725
 -5.60473838519 -4.09217868548 -2.68280504384 -1.59209976573 -0.749978571381 -0.161121772200 0.313624917836 0.672039115582 0.925409676862 0.930066772117
 -5.63929907256 -4.16846997718 -2.75187907729 -1.63847702700 -0.797532893059 -0.229515305192 0.292338863314 0.704970564921 0.923349103092 0.954154807229
 -5.65208511517 -4.24019790347 -2.92771937862 -1.71984861063 -0.827331247832 -0.254444852448 0.306486250623 0.722916107833 0.927027990287 0.951985272761
 -5.64637582742 -4.27104332217 -3.00018636858 -1.76688303609 -0.853148113057 -0.226569220964 0.365640604406 0.722862110592 0.885850020126 0.960009270198
 -5.60695096091 -4.31044586527 -3.03645610918 -1.76920191204 -0.877706899371 -0.235337903245 0.265041095111 0.652179660676 0.920517770043 1.03836409482
 -5.58417828955 -4.29640835983 -3.08430971571 -1.82554091280 -0.683125834917 -0.131469952854 0.252567264295 0.598265386581 0.897513387082 1.04172818954
 -5.54776491906 -4.18923768389 -2.94945704602 -1.81435187563 -0.852216589429 -0.117267409768 0.251345166592 0.616720612883 0.894400897978 1.05269147962
 -5.48755095603 -3.98558078400 -2.70836431111 -1.69461751866 -0.804801431368 -0.231929472353 0.203632807156 0.586863398354 0.903847502098 1.09644822036
 -5.47277697607 -3.99103559160 -2.66293543151 -1.62893680098 -0.791132375656 -0.222963784453 0.167868439409 0.571983142036 0.917879652020 1.09842225287
 -5.49428785881 -4.01821448098 -2.66934133075 -1.59439260601 -0.807283501017 -0.260229523190 0.204116087493 0.598004841518 0.942590003848 1.05677744680
 -5.52460242532 -4.02276491054 -2.61205090150 -1.50871458661 -0.765512228263 -0.291490632776 0.192338235173 0.673522782447 0.942647689740 1.00477911090
 -5.51420658273 -3.94906490502 -2.49999073628 -1.46465214493 -0.801230787794 -0.325054094826 0.160871508394 0.606546556313 0.983647544439 1.03296245258
 -5.52664030583 -3.89563329482 -2.43604212178 -1.32469167417 -0.619248288330 -0.189162537537 0.206337904040 0.613136377296 0.893415560628 1.00702879384
 -5.60118213916 -3.87105710654 -2.31316189907 -1.19252236458 -0.406366725017 0.0151148187305 0.278647774221 0.641335864703 0.848950753511 0.847678149163
 -5.62396016840 -3.78855679700 -2.12912606838 -1.00742729566 -0.310318372907 0.0859898331984 0.339426402141 0.583174841527 0.810907978494 0.797887533895
 -5.65279588552 -3.73934348186 -1.93976878063 -0.783584064110 -0.190329074865 0.128245120945 0.373997738989 0.565782218919 0.728338679181 0.752691739163
 -5.68577751687 -3.74422562333 -1.89838891751 -0.657849564511 -0.0726733398810 0.179945908981 0.389027431038 0.548777284761 0.664063107501 0.707430495845
 -5.67797485317 -3.76571570032 -2.01562948326 -0.841249275164 -0.203928232829 0.117232391293 0.370427394399 0.573448338770 0.750961241775 0.754879065844
 -5.66118154473 -3.75750425342 -1.96596997444 -0.755305913189 -0.190653550684 0.100637832581 0.300036634789 0.523909983782 0.729516623457 0.840874976655
 -5.65637317630 -3.76704883583 -2.05016382242 -0.778117019545 -0.202635574695 0.0977160364658 0.270298679150 0.494529237454 0.714970079883 0.905014590933
 -5.64338957531 -3.76552487287 -2.08839856649 -0.916143543167 -0.238854509460 0.0787307930747 0.254651190593 0.443683086138 0.707603606039 0.994120271515
 -5.75874447295 -3.88669441141 -2.15468896098 -0.794714972508 -0.0443216933713 0.295558055586 0.354717003996 0.408677554856 0.593404658302 0.861799112706
 -5.75013081619 -3.86430062436 -2.14232199336 -0.884625988140 -0.179673583798 0.0760701553113 0.285294423571 0.433794804060 0.665577518282 0.997737518842
 -5.70343138338 -3.78882005409 -2.14187135977 -1.01216861133 -0.435624998446 -0.144541921797 0.0510562527263 0.376443348251 0.762267684471 1.20245977891
 -5.56164619169 -3.71907799306 -2.17391435922 -1.19106201751 -0.575361613745 -0.368952147487 -0.154461877978 0.234906951963 0.725827630723 1.41395898038
# log_selcoffs_fsh[3]:
 -5.75018386795 -4.64465182394 -3.58291307398 -2.60459475548 -1.73118517127 -0.969495906520 -0.329557745513 0.194472470951 0.696903722696 1.05223185903 1.25949839060
 -5.79501114559 -4.66455024340 -3.59000377028 -2.60004382414 -1.67450233266 -0.849150866480 -0.197509088766 0.292940065619 0.655783298109 1.03931559692 1.21057643177
 -5.80595687931 -4.49092585336 -3.29478397467 -2.15340971584 -1.12617423162 -0.524237651444 -0.0770663046567 0.258391467109 0.601418755735 0.958118617009 1.18300582916
 -5.79716817899 -4.07355331526 -2.60984850162 -1.67958631997 -1.04381211408 -0.519602850253 -0.0932503851996 0.264966509145 0.605364882885 0.935214889860 1.15658229815
 -5.77622331086 -3.75024593718 -2.00846673658 -1.16390702044 -0.817017333997 -0.563435439406 -0.250963782896 0.100129149198 0.537474850054 0.944801785921 1.20853803052
 -5.84357503810 -3.82240106956 -1.86491275657 -0.836121594562 -0.596458894917 -0.576422201869 -0.323652187677 0.0664319253012 0.524923587656 0.918702950120 1.18958196226
 -5.90210673380 -4.01216491186 -2.18180264178 -0.728919140682 -0.263222736259 -0.231781242873 -0.201071975722 0.0633370232306 0.435440064668 0.826768090691 1.13379034326
 -5.93977999968 -4.10454185370 -2.35991789153 -0.936130826292 -0.107394683237 0.0439652963026 -0.0179990400259 0.0401188337554 0.332458934572 0.754767383841 1.10080212170
 -5.93839532294 -4.03992594117 -2.30021362808 -1.00658722281 -0.269555731979 0.0138166847185 0.0215938659384 0.0748518165256 0.316637684981 0.757156248136 1.14172595388
 -5.93396748224 -3.82754009821 -1.86388737391 -0.915217230604 -0.496530644826 -0.390094721735 -0.289947549972 -0.0301297389594 0.396496189692 0.883659427767 1.25547121779
 -5.95612290383 -3.71404307571 -1.98126936938 -1.07914763670 -0.815938443931 -0.695256082076 -0.456177868974 -0.0421647185211 0.475710318661 0.971334530183 1.31131332156
 -6.20270833651 -4.22297399970 -2.47753474089 -1.65648206867 -1.09150648117 -0.764523061987 -0.424850205044 0.106041884857 0.617313931958 1.02550640939 1.25250890620
 -6.49266332148 -4.81028987262 -3.26546910756 -1.91352924404 -1.19500429826 -0.767463628623 -0.288246954974 0.208754784384 0.660073958963 1.02337217393 1.20551969928
 -6.78123888691 -5.12750027554 -3.56113463405 -2.15600293754 -1.26417195429 -0.872255050180 -0.397890313941 0.262853991896 0.709708468076 1.03276386242 1.20407381998
 -7.05372544837 -5.29092671160 -3.58378336515 -2.24043650735 -1.42898889408 -1.00230235754 -0.413831407715 0.166429115777 0.734194318579 1.09526732872 1.20517863694
 -7.13764752255 -5.39247332678 -3.45855648276 -1.88001443282 -1.26866381098 -0.945243039432 -0.492874714523 0.0882419647937 0.615808049646 1.08575650796 1.28781232286
# log_sel_spl_fsh[1]:
 0.00000000000 0.00000000000 0.00000000000 0.00000000000
 0.00000000000 0.00000000000 0.00000000000 0.00000000000
 0.00000000000 0.00000000000 0.00000000000 0.00000000000
 0.00000000000 0.00000000000 0.00000000000 0.00000000000
 0.00000000000 0.00000000000 0.00000000000 0.00000000000
 0.00000000000 0.00000000000 0.00000000000 0.00000000000
# log_sel_spl_fsh[2]:
 0.00000000000 0.00000000000 0.00000000000 0.00000000000
 0.00000000000 0.00000000000 0.00000000000 0.00000000000
 0.00000000000 0.00000000000 0.00000000000 0.00000000000
 0.00000000000 0.00000000000 0.00000000000 0.00000000000
 0.00000000000 0.00000000000 0.00000000000 0.00000000000
 0.00000000000 0.00000000000 0.00000000000 0.00000000000
 0.00000000000 0.00000000000 0.00000000000 0.00000000000
 0.00000000000 0.00000000000 0.00000000000 0.00000000000
 0.00000000000 0.00000000000 0.00000000000 0.00000000000
 0.00000000000 0.00000000000 0.00000000000 0.00000000000
 0.00000000000 0.00000000000 0.00000000000 0.00000000000
 0.00000000000 0.00000000000 0.00000000000 0.00000000000
 0.00000000000 0.00000000000 0.00000000000 0.00000000000
 0.00000000000 0.00000000000 0.00000000000 0.00000000000
 0.00000000000 0.00000000000 0.00000000000 0.00000000000
 0.00000000000 0.00000000000 0.00000000000 0.00000000000
 0.00000000000 0.00000000000 0.00000000000 0.00000000000
 0.00000000000 0.00000000000 0.00000000000 0.00000000000
 0.00000000000 0.00000000000 0.00000000000 0.00000000000
 0.00000000000 0.00000000000 0.00000000000 0.00000000000
 0.00000000000 0.00000000000 0.00000000000 0.00000000000
 0.00000000000 0.00000000000 0.00000000000 0.00000000000
 0.00000000000 0.00000000000 0.00000000000 0.00000000000
 0.00000000000 0.00000000000 0.00000000000 0.00000000000
 0.00000000000 0.00000000000 0.00000000000 0.00000000000
 0.00000000000 0.00000000000 0.00000000000 0.00000000000
 0.00000000000 0.00000000000 0.00000000000 0.00000000000
 0.00000000000 0.00000000000 0.00000000000 0.00000000000
 0.00000000000 0.00000000000 0.00000000000 0.00000000000
 0.00000000000 0.00000000000 0.00000000000 0.00000000000
 0.00000000000 0.00000000000 0.00000000000 0.00000000000
# log_sel_spl_fsh[3]:
 0.00000000000 0.00000000000 0.00000000000 0.00000000000
 0.00000000000 0.00000000000 0.00000000000 0.00000000000
 0.00000000000 0.00000000000 0.00000000000 0.00000000000
 0.00000000000 0.00000000000 0.00000000000 0.00000000000
 0.00000000000 0.00000000000 0.00000000000 0.00000000000
 0.00000000000 0.00000000000 0.00000000000 0.00000000000
 0.00000000000 0.00000000000 0.00000000000 0.00000000000
 0.00000000000 0.00000000000 0.00000000000 0.00000000000
 0.00000000000 0.00000000000 0.00000000000 0.00000000000
 0.00000000000 0.00000000000 0.00000000000 0.00000000000
 0.00000000000 0.00000000000 0.00000000000 0.00000000000
 0.00000000000 0.00000000000 0.00000000000 0.00000000000
 0.00000000000 0.00000000000 0.00000000000 0.00000000000
 0.00000000000 0.00000000000 0.00000000000 0.00000000000
 0.00000000000 0.00000000000 0.00000000000 0.00000000000
 0.00000000000 0.00000000000 0.00000000000 0.00000000000
# logsel_slope_fsh[1]:
 0.00000000000 0.00000000000 0.00000000000 0.00000000000 0.00000000000 0.00000000000
# logsel_slope_fsh[2]:
 0.00000000000 0.00000000000 0.00000000000 0.00000000000 0.00000000000 0.00000000000 0.00000000000 0.00000000000 0.00000000000 0.00000000000 0.00000000000 0.00000000000 0.00000000000 0.00000000000 0.00000000000 0.00000000000 0.00000000000 0.00000000000 0.00000000000 0.00000000000 0.00000000000 0.00000000000 0.00000000000 0.00000000000 0.00000000000 0.00000000000 0.00000000000 0.00000000000 0.00000000000 0.00000000000 0.00000000000
# logsel_slope_fsh[3]:
 0.00000000000 0.00000000000 0.00000000000 0.00000000000 0.00000000000 0.00000000000 0.00000000000 0.00000000000 0.00000000000 0.00000000000 0.00000000000 0.00000000000 0.00000000000 0.00000000000 0.00000000000 0.00000000000
# sel50_fsh[1]:
 0.00000000000 0.00000000000 0.00000000000 0.00000000000 0.00000000000 0.00000000000
# sel50_fsh[2]:
 0.00000000000 0.00000000000 0.00000000000 0.00000000000 0.00000000000 0.00000000000 0.00000000000 0.00000000000 0.00000000000 0.00000000000 0.00000000000 0.00000000000 0.00000000000 0.00000000000 0.00000000000 0.00000000000 0.00000000000 0.00000000000 0.00000000000 0.00000000000 0.00000000000 0.00000000000 0.00000000000 0.00000000000 0.00000000000 0.00000000000 0.00000000000 0.00000000000 0.00000000000 0.00000000000 0.00000000000
# sel50_fsh[3]:
 0.00000000000 0.00000000000 0.00000000000 0.00000000000 0.00000000000 0.00000000000 0.00000000000 0.00000000000 0.00000000000 0.00000000000 0.00000000000 0.00000000000 0.00000000000 0.00000000000 0.00000000000 0.00000000000
# logsel_p1_fsh[1]:
 0.00000000000 0.00000000000 0.00000000000 0.00000000000 0.00000000000 0.00000000000
# logsel_p1_fsh[2]:
 0.00000000000 0.00000000000 0.00000000000 0.00000000000 0.00000000000 0.00000000000 0.00000000000 0.00000000000 0.00000000000 0.00000000000 0.00000000000 0.00000000000 0.00000000000 0.00000000000 0.00000000000 0.00000000000 0.00000000000 0.00000000000 0.00000000000 0.00000000000 0.00000000000 0.00000000000 0.00000000000 0.00000000000 0.00000000000 0.00000000000 0.00000000000 0.00000000000 0.00000000000 0.00000000000 0.00000000000
# logsel_p1_fsh[3]:
 0.00000000000 0.00000000000 0.00000000000 0.00000000000 0.00000000000 0.00000000000 0.00000000000 0.00000000000 0.00000000000 0.00000000000 0.00000000000 0.00000000000 0.00000000000 0.00000000000 0.00000000000 0.00000000000
# logsel_p2_fsh[1]:
 0.00000000000 0.00000000000 0.00000000000 0.00000000000 0.00000000000 0.00000000000
# logsel_p2_fsh[2]:
 0.00000000000 0.00000000000 0.00000000000 0.00000000000 0.00000000000 0.00000000000 0.00000000000 0.00000000000 0.00000000000 0.00000000000 0.00000000000 0.00000000000 0.00000000000 0.00000000000 0.00000000000 0.00000000000 0.00000000000 0.00000000000 0.00000000000 0.00000000000 0.00000000000 0.00000000000 0.00000000000 0.00000000000 0.00000000000 0.00000000000 0.00000000000 0.00000000000 0.00000000000 0.00000000000 0.00000000000
# logsel_p2_fsh[3]:
 0.00000000000 0.00000000000 0.00000000000 0.00000000000 0.00000000000 0.00000000000 0.00000000000 0.00000000000 0.00000000000 0.00000000000 0.00000000000 0.00000000000 0.00000000000 0.00000000000 0.00000000000 0.00000000000
# logsel_p3_fsh[1]:
 0.00000000000 0.00000000000 0.00000000000 0.00000000000 0.00000000000 0.00000000000
# logsel_p3_fsh[2]:
 0.00000000000 0.00000000000 0.00000000000 0.00000000000 0.00000000000 0.00000000000 0.00000000000 0.00000000000 0.00000000000 0.00000000000 0.00000000000 0.00000000000 0.00000000000 0.00000000000 0.00000000000 0.00000000000 0.00000000000 0.00000000000 0.00000000000 0.00000000000 0.00000000000 0.00000000000 0.00000000000 0.00000000000 0.00000000000 0.00000000000 0.00000000000 0.00000000000 0.00000000000 0.00000000000 0.00000000000
# logsel_p3_fsh[3]:
 0.00000000000 0.00000000000 0.00000000000 0.00000000000 0.00000000000 0.00000000000 0.00000000000 0.00000000000 0.00000000000 0.00000000000 0.00000000000 0.00000000000 0.00000000000 0.00000000000 0.00000000000 0.00000000000
# rec_dev_future:
 0.00000000000 0.00000000000 0.00000000000 0.00000000000 0.00000000000 0.00000000000 0.00000000000 0.00000000000 0.00000000000 0.00000000000 0.00000000000 0.00000000000 0.00000000000 0.00000000000 0.00000000000 0.00000000000 0.00000000000 0.00000000000 0.00000000000 0.00000000000
# log_q_ind[1]:
-0.287682072452
# log_q_ind[2]:
-5.98375646805
# log_q_power_ind[1]:
0.00000000000
# log_q_power_ind[2]:
0.00000000000
# log_selcoffs_ind[1]:
 -7.87001405832 -3.82595869736 -2.08795259743 -1.55987515437 -1.26545374483 -0.804810530839 -0.265813409432 0.342655234211 0.869137054855 1.47116763355
# log_selcoffs_ind[2]:
 0.00000000000 0.00000000000 0.00000000000 0.00000000000 0.00000000000 0.00000000000 0.00000000000 0.00000000000 0.00000000000 0.00000000000
# logsel_slope_ind[1]:
 0.00000000000
# logsel_slope_ind[2]:
 0.00000000000
# sel50_ind[1]:
 0.00000000000
# sel50_ind[2]:
 0.00000000000
# logsel_p1_ind[1]:
 0.00000000000
# logsel_p1_ind[2]:
 0.00000000000
# sel_p2_ind[1]:
 0.00000000000
# sel_p2_ind[2]:
 0.00000000000
# logsel_p3_ind[1]:
 0.00000000000
# logsel_p3_ind[2]:
 0.00000000000
