# Number of parameters = 764 Objective function value = 283.071340451208  Maximum gradient component = 3.83078397217268e-05
# Mest[1]:
0.350000000000
# log_Linf[1]:
4.38701417618
# log_k[1]:
-1.83258146375
# log_Lo[1]:
2.75684036527
# log_sdage[1]:
-2.40794560865
# mean_log_rec[1]:
6.90489713694
# steepness[1]:
0.650000000000
# log_Rzero[1]:
6.62303151457
# rec_dev:
 -0.176462249212 -0.228593301749 -0.286863091396 -0.360795279213 -0.432708345605 -0.518263512491 -0.598055569352 -0.668729587531 -0.693713443459 -0.413967967056 -0.00372021836941 0.512342976927 0.567067553512 0.720470304487 1.13964370274 0.939415858251 0.782698575494 0.673661716162 0.773369231960 0.799553690988 0.774471636494 0.816420827874 1.26725171740 0.917956647624 1.53533059384 0.576967399252 0.491044836849 0.557839736993 -0.101795365069 -0.324474338850 -0.142536104509 -0.474159259908 -0.132505482541 0.0483733680721 -0.103973457797 -0.264486482180 -0.407091006576 -0.266474263032 -0.673578771779 -0.663042891636 -0.895892516075 -1.19882227922 -1.27776730927 -0.783307523501 0.503010802166 -0.146818333250 0.215711969701 -0.121670354228 5.30959987088e-09
# log_sigmar[1]:
-0.223143551314
# fmort:
 -13.6408891921 -13.7975596797 -2.30980045626 -1.84047794656 -1.70054148552 -2.29998057014 -1.95922489836 -1.65158542541 -2.67098306506 -2.80396019066 -1.88822872414 -1.23371299013 -3.22850120183 -1.59481921400 -1.43857398477 -2.63105638795 -2.17794838499 -2.27690434244 -5.05798128331 -5.28275132130 -4.72318027032 -9.33611918869 -10.6421890706 -13.3861637115 -7.85767514088 -6.72298195331 -6.64761716114 -6.48544385292 -12.8100689652 -12.6837869740 -12.5196517252 -12.5093627363 -12.9762700267 -13.5050793378 -13.6104298436 -13.6580241996
 -2.37100139662 -1.52621338773 -2.22761440647 -2.33932964782 -2.39032674053 -2.18831691236 -2.67151292581 -2.47864323425 -2.76340900519 -2.77981629686 -2.71878820994 -2.57763842816 -2.57115677010 -2.88798817236 -2.44905036867 -2.66435769070 -2.52049790284 -2.32481555992 -1.87140439808 -1.32807987657 -1.07485999732 -0.963762340445 -1.19447465903 -1.19711874165 -1.07366667522 -0.966202270341 -1.19135745849 -1.05912579413 -1.21521047420 -1.54614125984 -1.43173481429 -1.35281422966 -1.79371404415 -1.80429491790 -1.74332184950 -2.29513043823
 -13.2176352205 -12.9917759366 -12.7847573220 -12.8744294943 -12.8764663448 -12.6346995277 -12.8316602919 -12.8277432246 -12.8231402107 -12.9567037507 -13.0185183832 -12.9433962908 -12.6560536298 -12.8538924646 -12.7723519281 -12.6945685487 -2.80881682802 -2.28547110407 -1.24417082883 -2.20905273840 -1.61020171424 -2.21145686478 -1.95346549699 -2.03398304159 -2.44860615977 -1.89278396342 -1.20167065051 -1.18069724295 -1.62179448397 -2.31198072405 -2.58911112315 -2.91242823767 -2.82820909419 -2.83099104056 -4.01954811962 -4.38780577545
# log_selcoffs_fsh[1]:
 -1.41717889594 -0.107485513160 0.328872962261 0.238431655832 0.131281184328 0.0588036228086
 -1.66321856131 0.164382802793 0.461699692212 0.160667606784 -0.0319739298033 -0.102906343626
 -1.98502979206 -0.440371301861 0.778068943764 0.253056203654 -0.0115586375884 -0.267750417277
 -2.06609110392 -0.417721618249 0.528224898619 0.574861911957 -0.00700612244942 -0.289080591732
 -2.01638424679 -0.0155263374502 0.752027449810 0.276138702748 -0.238000571076 -0.423515429013
 -2.05136126614 -0.299780386337 0.752494767176 0.476801931804 -0.254413215150 -0.474999208300
# log_selcoffs_fsh[2]:
 -5.38373188155 -4.13362969017 -2.92023862265 -1.80106648305 -0.835892063067 -0.0828314184630 0.424998297617 0.718696915205 0.858289157714 0.902548953733
 -5.50870166996 -4.21233020733 -2.93993478268 -1.78712132453 -0.738323197960 0.110445719821 0.489049720723 0.679624866568 0.799388803582 0.849317927671
 -5.58043920791 -4.25310602436 -2.95917688757 -1.71091025882 -0.711296804150 0.153901212875 0.493800941253 0.661100368980 0.785060789102 0.843319288889
 -5.61916679020 -4.22441460379 -2.92049960108 -1.69552394232 -0.709687774988 0.0573133769796 0.443865710132 0.684161257871 0.820706891709 0.867355917634
 -5.64185296203 -4.21782103950 -2.90145418149 -1.70484594540 -0.674740095549 0.0621498363018 0.398849950667 0.652824040667 0.830798538900 0.902333776614
 -5.66868162223 -4.21017562444 -2.86980775859 -1.68274277281 -0.678479538801 -0.0407955842656 0.354756106939 0.661800209035 0.867732927616 0.926676726809
 -5.67921849423 -4.16556417708 -2.75020943338 -1.64748698216 -0.793346591476 -0.196670593996 0.285001109273 0.657250750916 0.936486142067 0.970998488193
 -5.70027620647 -4.22925380440 -2.80815412335 -1.68405590169 -0.831597133220 -0.256445159222 0.270333933521 0.692422510510 0.930509857548 0.986656081580
 -5.69720743425 -4.28590799504 -2.97038911491 -1.75468761279 -0.852882525600 -0.274164872040 0.290487800190 0.713468064306 0.931959257798 0.976305509941
 -5.67376966594 -4.29777671379 -3.02474281558 -1.78636097087 -0.867903768911 -0.239495566651 0.353738574131 0.715452903067 0.888889402107 0.977592615167
 -5.61691499259 -4.31858004391 -3.04211503817 -1.77142457890 -0.879013503782 -0.239415821620 0.256853052683 0.645133068535 0.920576115145 1.04840931478
 -5.57746861174 -4.28771125139 -3.07357824601 -1.81318962834 -0.671929680565 -0.125407343456 0.251579754851 0.592446753056 0.893769812648 1.04431212390
 -5.52544753928 -4.16516388352 -2.92389158711 -1.78879998033 -0.829504553882 -0.101268181566 0.258021409959 0.614431298020 0.886998054552 1.04691393919
 -5.45069647171 -3.94803740792 -2.67000398706 -1.65729564866 -0.772005634740 -0.206951059094 0.217468402029 0.588754617201 0.894621175958 1.08190190143
 -5.42169218597 -3.94152441562 -2.61410235530 -1.58159049922 -0.748838384897 -0.189927399205 0.189085513476 0.577752519151 0.907077693605 1.07503636318
 -5.42920283609 -3.95779939993 -2.61166048215 -1.53866219388 -0.756048807507 -0.218354603321 0.231925880962 0.608656126926 0.929377736691 1.02358366225
 -5.44618937567 -3.95324815099 -2.54751764872 -1.44624305439 -0.705754765617 -0.240374456290 0.228257993497 0.688110084419 0.926952377512 0.959173827712
 -5.41947451460 -3.86885378887 -2.42839289162 -1.39553975819 -0.735183715584 -0.265688143195 0.205551660200 0.627338910942 0.965515313758 0.980485880675
 -5.41500096886 -3.80626640012 -2.35987454467 -1.25162533630 -0.549632313006 -0.127325229885 0.253313733034 0.633059496279 0.873875164018 0.942897169026
 -5.46614214598 -3.76727663112 -2.22939106102 -1.11274885637 -0.327674388825 0.0808965367915 0.322421314561 0.654576079633 0.816871564630 0.771658996778
 -5.46307732964 -3.66858545312 -2.04003983740 -0.927557957508 -0.230927376600 0.157426983995 0.388055886698 0.594810293206 0.770800824203 0.709078026842
 -5.45985514756 -3.59347694488 -1.83775631257 -0.704210139805 -0.116543835962 0.194640160548 0.420743739352 0.575727647227 0.684883935888 0.654741865108
 -5.45617096598 -3.56048716140 -1.76952388515 -0.569838328992 -0.00350146448257 0.239812208443 0.429065848527 0.554987200761 0.618403423991 0.604346439964
 -5.41267667944 -3.53189299932 -1.84212855480 -0.730319716822 -0.124737122889 0.181078394745 0.414863745921 0.581377242034 0.705632423792 0.650775412580
 -5.37066221303 -3.46388900347 -1.71616710921 -0.590381358199 -0.0869688619039 0.169271970408 0.339336700002 0.524631341960 0.674139615199 0.728913814997
 -5.35956245580 -3.41878815027 -1.69825425440 -0.502490535910 -0.0373248218139 0.184290475801 0.300997022384 0.473239391873 0.635210880274 0.772411547640
 -5.37543830338 -3.40376474505 -1.65923628498 -0.514377462053 0.0540749387339 0.231567233452 0.299129206995 0.397721539836 0.577556105679 0.806045481497
 -5.56413543382 -3.59254420558 -1.75207432182 -0.326146976179 0.370581187760 0.551165399486 0.402000876978 0.283840102844 0.332133431603 0.514441172345
 -5.64339587923 -3.67783800866 -1.84065649046 -0.441163886706 0.340871414116 0.508050608968 0.496295504149 0.342430871295 0.328501532825 0.507470118830
 -5.66018897534 -3.71302893486 -1.99718307910 -0.709982978382 0.0472049601214 0.410596175069 0.449450468735 0.481647130157 0.501075400068 0.668858356184
 -5.54389527460 -3.69388891142 -2.19304680429 -1.09152350600 -0.294447209876 0.0737968512478 0.255590944818 0.457678172203 0.718588889993 1.02217763481
 -5.39201914126 -3.76490913236 -2.35180283188 -1.33424821209 -0.676120225882 -0.304251287337 -0.102153037812 0.227434414568 0.779101083890 1.39368782622
 -5.27977860187 -3.75466936631 -2.43453088889 -1.51632032612 -0.905080647692 -0.559601991716 -0.329071369944 0.00735390923555 0.685031693061 1.60494546793
# log_selcoffs_fsh[3]:
 -5.63224298734 -4.53878711829 -3.48755483916 -2.51834476972 -1.65467374590 -0.905598676699 -0.284244617650 0.216995180328 0.696584294442 1.03782047425 1.23960431063
 -5.67815202071 -4.56133169441 -3.49731122339 -2.51539215957 -1.59796401301 -0.783764571550 -0.149299214036 0.316569835489 0.659934836134 1.01998226952 1.18616373698
 -5.69192291793 -4.39389030894 -3.20937791080 -2.07294849323 -1.04920572936 -0.453839986712 -0.0196964078251 0.293288867614 0.605305414658 0.934940646769 1.14182436857
 -5.67608692903 -3.97850581553 -2.52943079991 -1.60206323345 -0.966205716734 -0.445292752973 -0.0294503041109 0.308489254193 0.617207288731 0.906052235830 1.10356325707
 -5.63812775258 -3.65266447450 -1.93360269288 -1.08772627028 -0.733744580010 -0.477594585343 -0.172188344167 0.158615451130 0.558109467274 0.916561672025 1.14000300113
 -5.66941888744 -3.70616726599 -1.78533088415 -0.762028200460 -0.511474400229 -0.482771047265 -0.233221117063 0.134466966199 0.548913984914 0.884600945364 1.10907124554
 -5.67733555131 -3.86480210641 -2.08961998072 -0.653647086500 -0.181722150856 -0.136330220961 -0.103373564937 0.139246599533 0.460815682980 0.781935577380 1.03071900147
 -5.64589394996 -3.90746123919 -2.23988151081 -0.849339636336 -0.0204404896598 0.141271143121 0.0831068548187 0.120488721079 0.357176440816 0.699406129982 0.976125641153
 -5.55769297383 -3.76627866850 -2.12606863691 -0.889455506320 -0.163038600946 0.125041202817 0.130640996157 0.158666468704 0.342983766357 0.697204522874 1.00477155359
 -5.45765978403 -3.43894549814 -1.58228524659 -0.729411402271 -0.352093060932 -0.259583316306 -0.173012349416 0.0571222413344 0.425503858068 0.829887790719 1.12428575283
 -5.40075374371 -3.19781159696 -1.54516143625 -0.759400923755 -0.602262542027 -0.540212183794 -0.340390340889 0.0319551552315 0.491512491806 0.911151062404 1.18701403378
 -5.60626868382 -3.62113518166 -1.91186496773 -1.19114467904 -0.746759853601 -0.538962680162 -0.286407610910 0.171037996901 0.609020672388 0.948892999051 1.13194116428
 -5.90297910180 -4.19998331727 -2.65187191347 -1.34731082321 -0.721204701732 -0.417959417308 -0.0867726979147 0.281023939207 0.627310561073 0.914531389999 1.06392297847
 -6.22749218946 -4.56031044211 -2.97974813501 -1.56922716953 -0.706847651062 -0.393271925626 -0.0639795879716 0.393512014261 0.666570381027 0.882200383222 1.02121105624
 -6.55174167170 -4.79916537658 -3.09340233349 -1.73202535899 -0.889950500961 -0.462041647214 0.0394935367212 0.424860823608 0.731764471038 0.907930038696 0.955433899390
 -6.73326176561 -4.97287220663 -3.07298886317 -1.45018415822 -0.763661221924 -0.398616302245 0.00472746627950 0.418628245587 0.688027218753 0.885039679875 0.969410608617
 -6.76243722315 -4.97343748802 -3.11870893475 -1.28896484297 -0.415613682393 -0.148789399296 0.00545090997896 0.259439838068 0.559186798964 0.838019386116 1.02524044003
 -6.72333721342 -4.86728023920 -3.17107106934 -1.73648033274 -0.641192011120 -0.0362426332719 0.175449061145 0.323006886425 0.533105133945 0.818869422027 1.00676322009
# log_sel_spl_fsh[1]:
 0.00000000000 0.00000000000 0.00000000000 0.00000000000
 0.00000000000 0.00000000000 0.00000000000 0.00000000000
 0.00000000000 0.00000000000 0.00000000000 0.00000000000
 0.00000000000 0.00000000000 0.00000000000 0.00000000000
 0.00000000000 0.00000000000 0.00000000000 0.00000000000
 0.00000000000 0.00000000000 0.00000000000 0.00000000000
# log_sel_spl_fsh[2]:
 0.00000000000 0.00000000000 0.00000000000 0.00000000000
 0.00000000000 0.00000000000 0.00000000000 0.00000000000
 0.00000000000 0.00000000000 0.00000000000 0.00000000000
 0.00000000000 0.00000000000 0.00000000000 0.00000000000
 0.00000000000 0.00000000000 0.00000000000 0.00000000000
 0.00000000000 0.00000000000 0.00000000000 0.00000000000
 0.00000000000 0.00000000000 0.00000000000 0.00000000000
 0.00000000000 0.00000000000 0.00000000000 0.00000000000
 0.00000000000 0.00000000000 0.00000000000 0.00000000000
 0.00000000000 0.00000000000 0.00000000000 0.00000000000
 0.00000000000 0.00000000000 0.00000000000 0.00000000000
 0.00000000000 0.00000000000 0.00000000000 0.00000000000
 0.00000000000 0.00000000000 0.00000000000 0.00000000000
 0.00000000000 0.00000000000 0.00000000000 0.00000000000
 0.00000000000 0.00000000000 0.00000000000 0.00000000000
 0.00000000000 0.00000000000 0.00000000000 0.00000000000
 0.00000000000 0.00000000000 0.00000000000 0.00000000000
 0.00000000000 0.00000000000 0.00000000000 0.00000000000
 0.00000000000 0.00000000000 0.00000000000 0.00000000000
 0.00000000000 0.00000000000 0.00000000000 0.00000000000
 0.00000000000 0.00000000000 0.00000000000 0.00000000000
 0.00000000000 0.00000000000 0.00000000000 0.00000000000
 0.00000000000 0.00000000000 0.00000000000 0.00000000000
 0.00000000000 0.00000000000 0.00000000000 0.00000000000
 0.00000000000 0.00000000000 0.00000000000 0.00000000000
 0.00000000000 0.00000000000 0.00000000000 0.00000000000
 0.00000000000 0.00000000000 0.00000000000 0.00000000000
 0.00000000000 0.00000000000 0.00000000000 0.00000000000
 0.00000000000 0.00000000000 0.00000000000 0.00000000000
 0.00000000000 0.00000000000 0.00000000000 0.00000000000
 0.00000000000 0.00000000000 0.00000000000 0.00000000000
 0.00000000000 0.00000000000 0.00000000000 0.00000000000
 0.00000000000 0.00000000000 0.00000000000 0.00000000000
# log_sel_spl_fsh[3]:
 0.00000000000 0.00000000000 0.00000000000 0.00000000000
 0.00000000000 0.00000000000 0.00000000000 0.00000000000
 0.00000000000 0.00000000000 0.00000000000 0.00000000000
 0.00000000000 0.00000000000 0.00000000000 0.00000000000
 0.00000000000 0.00000000000 0.00000000000 0.00000000000
 0.00000000000 0.00000000000 0.00000000000 0.00000000000
 0.00000000000 0.00000000000 0.00000000000 0.00000000000
 0.00000000000 0.00000000000 0.00000000000 0.00000000000
 0.00000000000 0.00000000000 0.00000000000 0.00000000000
 0.00000000000 0.00000000000 0.00000000000 0.00000000000
 0.00000000000 0.00000000000 0.00000000000 0.00000000000
 0.00000000000 0.00000000000 0.00000000000 0.00000000000
 0.00000000000 0.00000000000 0.00000000000 0.00000000000
 0.00000000000 0.00000000000 0.00000000000 0.00000000000
 0.00000000000 0.00000000000 0.00000000000 0.00000000000
 0.00000000000 0.00000000000 0.00000000000 0.00000000000
 0.00000000000 0.00000000000 0.00000000000 0.00000000000
 0.00000000000 0.00000000000 0.00000000000 0.00000000000
# logsel_slope_fsh[1]:
 0.00000000000 0.00000000000 0.00000000000 0.00000000000 0.00000000000 0.00000000000
# logsel_slope_fsh[2]:
 0.00000000000 0.00000000000 0.00000000000 0.00000000000 0.00000000000 0.00000000000 0.00000000000 0.00000000000 0.00000000000 0.00000000000 0.00000000000 0.00000000000 0.00000000000 0.00000000000 0.00000000000 0.00000000000 0.00000000000 0.00000000000 0.00000000000 0.00000000000 0.00000000000 0.00000000000 0.00000000000 0.00000000000 0.00000000000 0.00000000000 0.00000000000 0.00000000000 0.00000000000 0.00000000000 0.00000000000 0.00000000000 0.00000000000
# logsel_slope_fsh[3]:
 0.00000000000 0.00000000000 0.00000000000 0.00000000000 0.00000000000 0.00000000000 0.00000000000 0.00000000000 0.00000000000 0.00000000000 0.00000000000 0.00000000000 0.00000000000 0.00000000000 0.00000000000 0.00000000000 0.00000000000 0.00000000000
# sel50_fsh[1]:
 0.00000000000 0.00000000000 0.00000000000 0.00000000000 0.00000000000 0.00000000000
# sel50_fsh[2]:
 0.00000000000 0.00000000000 0.00000000000 0.00000000000 0.00000000000 0.00000000000 0.00000000000 0.00000000000 0.00000000000 0.00000000000 0.00000000000 0.00000000000 0.00000000000 0.00000000000 0.00000000000 0.00000000000 0.00000000000 0.00000000000 0.00000000000 0.00000000000 0.00000000000 0.00000000000 0.00000000000 0.00000000000 0.00000000000 0.00000000000 0.00000000000 0.00000000000 0.00000000000 0.00000000000 0.00000000000 0.00000000000 0.00000000000
# sel50_fsh[3]:
 0.00000000000 0.00000000000 0.00000000000 0.00000000000 0.00000000000 0.00000000000 0.00000000000 0.00000000000 0.00000000000 0.00000000000 0.00000000000 0.00000000000 0.00000000000 0.00000000000 0.00000000000 0.00000000000 0.00000000000 0.00000000000
# logsel_p1_fsh[1]:
 0.00000000000 0.00000000000 0.00000000000 0.00000000000 0.00000000000 0.00000000000
# logsel_p1_fsh[2]:
 0.00000000000 0.00000000000 0.00000000000 0.00000000000 0.00000000000 0.00000000000 0.00000000000 0.00000000000 0.00000000000 0.00000000000 0.00000000000 0.00000000000 0.00000000000 0.00000000000 0.00000000000 0.00000000000 0.00000000000 0.00000000000 0.00000000000 0.00000000000 0.00000000000 0.00000000000 0.00000000000 0.00000000000 0.00000000000 0.00000000000 0.00000000000 0.00000000000 0.00000000000 0.00000000000 0.00000000000 0.00000000000 0.00000000000
# logsel_p1_fsh[3]:
 0.00000000000 0.00000000000 0.00000000000 0.00000000000 0.00000000000 0.00000000000 0.00000000000 0.00000000000 0.00000000000 0.00000000000 0.00000000000 0.00000000000 0.00000000000 0.00000000000 0.00000000000 0.00000000000 0.00000000000 0.00000000000
# logsel_p2_fsh[1]:
 0.00000000000 0.00000000000 0.00000000000 0.00000000000 0.00000000000 0.00000000000
# logsel_p2_fsh[2]:
 0.00000000000 0.00000000000 0.00000000000 0.00000000000 0.00000000000 0.00000000000 0.00000000000 0.00000000000 0.00000000000 0.00000000000 0.00000000000 0.00000000000 0.00000000000 0.00000000000 0.00000000000 0.00000000000 0.00000000000 0.00000000000 0.00000000000 0.00000000000 0.00000000000 0.00000000000 0.00000000000 0.00000000000 0.00000000000 0.00000000000 0.00000000000 0.00000000000 0.00000000000 0.00000000000 0.00000000000 0.00000000000 0.00000000000
# logsel_p2_fsh[3]:
 0.00000000000 0.00000000000 0.00000000000 0.00000000000 0.00000000000 0.00000000000 0.00000000000 0.00000000000 0.00000000000 0.00000000000 0.00000000000 0.00000000000 0.00000000000 0.00000000000 0.00000000000 0.00000000000 0.00000000000 0.00000000000
# logsel_p3_fsh[1]:
 0.00000000000 0.00000000000 0.00000000000 0.00000000000 0.00000000000 0.00000000000
# logsel_p3_fsh[2]:
 0.00000000000 0.00000000000 0.00000000000 0.00000000000 0.00000000000 0.00000000000 0.00000000000 0.00000000000 0.00000000000 0.00000000000 0.00000000000 0.00000000000 0.00000000000 0.00000000000 0.00000000000 0.00000000000 0.00000000000 0.00000000000 0.00000000000 0.00000000000 0.00000000000 0.00000000000 0.00000000000 0.00000000000 0.00000000000 0.00000000000 0.00000000000 0.00000000000 0.00000000000 0.00000000000 0.00000000000 0.00000000000 0.00000000000
# logsel_p3_fsh[3]:
 0.00000000000 0.00000000000 0.00000000000 0.00000000000 0.00000000000 0.00000000000 0.00000000000 0.00000000000 0.00000000000 0.00000000000 0.00000000000 0.00000000000 0.00000000000 0.00000000000 0.00000000000 0.00000000000 0.00000000000 0.00000000000
# rec_dev_future:
 0.00000000000 0.00000000000 0.00000000000 0.00000000000 0.00000000000 0.00000000000 0.00000000000 0.00000000000 0.00000000000 0.00000000000 0.00000000000 0.00000000000 0.00000000000 0.00000000000 0.00000000000 0.00000000000 0.00000000000 0.00000000000 0.00000000000 0.00000000000
# log_q_ind[1]:
-0.287682072452
# log_q_ind[2]:
-6.05212089549
# log_q_power_ind[1]:
0.00000000000
# log_q_power_ind[2]:
0.00000000000
# log_selcoffs_ind[1]:
 -7.64044448488 -3.48991797415 -1.78856415047 -1.33941028141 -1.10602175293 -0.650216924460 -0.144032389087 0.394372284169 0.870655945168 1.37351839150
# log_selcoffs_ind[2]:
 0.00000000000 0.00000000000 0.00000000000 0.00000000000 0.00000000000 0.00000000000 0.00000000000 0.00000000000 0.00000000000 0.00000000000
# logsel_slope_ind[1]:
 0.00000000000
# logsel_slope_ind[2]:
 0.00000000000
# sel50_ind[1]:
 0.00000000000
# sel50_ind[2]:
 0.00000000000
# logsel_p1_ind[1]:
 0.00000000000
# logsel_p1_ind[2]:
 0.00000000000
# sel_p2_ind[1]:
 0.00000000000
# sel_p2_ind[2]:
 0.00000000000
# logsel_p3_ind[1]:
 0.00000000000
# logsel_p3_ind[2]:
 0.00000000000
