# Number of parameters = 736 Objective function value = 126.612919504131  Maximum gradient component = 6.22854414824046e-05
# Mest[1]:
0.350000000000
# log_Linf[1]:
4.38701417618
# log_k[1]:
-1.83258146375
# log_Lo[1]:
2.75684036527
# log_sdage[1]:
-2.40794560865
# mean_log_rec[1]:
7.06440205158
# steepness[1]:
0.650668982867
# log_Rzero[1]:
6.79403396233
# rec_dev:
 -0.184027438298 -0.239022818108 -0.301350237212 -0.379680618086 -0.456856487377 -0.547705100185 -0.631661408148 -0.703303128225 -0.730345185348 -0.458689143801 -0.0623841402507 0.435490772585 0.471163353634 0.601057769425 0.998637502913 0.791352795762 0.634929449891 0.529530479352 0.629114199613 0.659524968464 0.618407368163 0.622205165818 1.06500624830 0.694097104346 1.34413448220 0.377029515564 0.386709404259 0.503431665502 -0.162390847513 -0.335533307204 -0.180637626292 -0.553214751502 -0.227170396569 -0.0573533753569 -0.321208061830 -0.506860268852 -0.609864069518 -0.261714702452 -0.658854583276 -0.197887556491 -0.311602631558 -0.163323291376 1.64604566422e-07
# log_sigmar[1]:
-0.223143551314
# fmort:
 -13.7045898271 -13.8443391142 -2.33727918265 -1.86056415953 -1.72221886652 -2.32475937729 -1.98121797368 -1.67097020464 -2.68522400507 -2.80011827297 -1.85796911370 -1.18007054847 -3.17750848757 -1.54806836982 -1.39400759126 -2.62800547500 -2.20804279172 -2.34803131076 -5.16246123997 -5.38880513160 -4.82660195637 -9.41210676256 -10.6977990906 -13.4138214689 -7.85518098867 -6.73588750510 -6.74125322523 -6.71665457152 -13.2563023134 -13.3629096267
 -2.53082510365 -1.71646144436 -2.43485577980 -2.53919868036 -2.57821943052 -2.35982666892 -2.82665705822 -2.61720591553 -2.89185659792 -2.89108474673 -2.80982424040 -2.64266008093 -2.60978915240 -2.90175769462 -2.43505835220 -2.62074670763 -2.45141691652 -2.22717977249 -1.72864849759 -1.15517191962 -0.893283239104 -0.781844587951 -1.02047978969 -1.01237304490 -0.871319946742 -0.757524094928 -0.947956060920 -0.765450890759 -0.809814223870 -1.03710811324
 -13.3708771504 -13.1719876707 -12.9843043233 -13.0742523902 -13.0709657290 -12.7985397905 -12.9817599022 -12.9605115146 -12.9540665096 -13.0696906688 -13.1103739876 -13.0132483615 -12.7023497405 -12.8785851436 -12.7774244638 -12.6789498494 -2.77835622232 -2.24349003258 -1.18185220379 -2.13318061070 -1.55469194972 -2.19763983760 -1.98886102030 -2.10312193528 -2.53530738869 -1.99155665363 -1.32176907030 -1.36215497468 -1.86677442558 -2.63769175137
# log_selcoffs_fsh[1]:
 -1.45378906253 -0.146472178108 0.300002701096 0.232801376298 0.154171057164 0.116790008029
 -1.71959705478 0.137449268644 0.455586022140 0.162941531740 -0.0143868218522 -0.0685606944052
 -2.07589545369 -0.479977016164 0.773683481415 0.269370077002 0.00433715562994 -0.255491340784
 -2.18853957466 -0.498071986991 0.516176861193 0.605811707998 0.0228723305203 -0.289371467037
 -2.14192155237 -0.108963300500 0.726098133824 0.342490756549 -0.164273390875 -0.412721405625
 -2.19028025083 -0.417115207571 0.690732384827 0.559365147420 -0.148297661402 -0.474401298605
# log_selcoffs_fsh[2]:
 -5.26985801000 -4.02148680455 -2.81159171963 -1.70011583050 -0.748995588369 -0.0177880858004 0.460653935301 0.720739107232 0.829024601430 0.853053510514
 -5.40383885487 -4.10655201351 -2.83584506500 -1.69150269160 -0.656412570279 0.173800927369 0.526161435254 0.682959154144 0.766699822841 0.789727591471
 -5.48381654792 -4.15484351436 -2.86242142231 -1.62161209543 -0.634793056086 0.213920688814 0.531094977569 0.666997497769 0.753638967997 0.780694886651
 -5.52988863417 -4.13339930425 -2.83125143162 -1.61361672786 -0.638637188987 0.114677019970 0.481147072702 0.693082184110 0.793816262825 0.807705949287
 -5.56111492970 -4.13505368237 -2.82087977274 -1.63168064789 -0.611475672531 0.114601996744 0.435365470416 0.663896614080 0.807200320362 0.846522778819
 -5.59676163527 -4.13546404005 -2.79753673683 -1.61871652677 -0.623767802187 0.00505986355307 0.388832557060 0.675556927117 0.849187167318 0.876325624997
 -5.61697161223 -4.09773741692 -2.68444444792 -1.59101171314 -0.746834259320 -0.157629578978 0.315513006247 0.672108467106 0.924289374399 0.928355223422
 -5.65063492884 -4.16858132208 -2.74611133972 -1.63231012101 -0.791928620557 -0.225271699085 0.294446544775 0.704769899927 0.921651316046 0.951999452068
 -5.66510157224 -4.23599289919 -2.91230686293 -1.70369507661 -0.816857086097 -0.249144130996 0.307721312440 0.721593000257 0.924540621454 0.949989976118
 -5.66457556181 -4.26610331515 -2.97702457952 -1.73681172669 -0.830964093165 -0.217766542350 0.365275889155 0.718471410918 0.881689647252 0.958716347342
 -5.63605861539 -4.31153195136 -3.01249915853 -1.72989005936 -0.840118666440 -0.215684658666 0.265429680359 0.643528166922 0.912508341413 1.03714884304
 -5.62910507451 -4.31492776736 -3.07240402253 -1.78697743887 -0.637444066790 -0.0983755005058 0.260542975369 0.586297191990 0.882660126994 1.03745935429
 -5.60816166975 -4.23194337158 -2.96241991694 -1.78922611315 -0.803709403151 -0.0756257451802 0.270046036929 0.607601507609 0.874093926587 1.04572003058
 -5.55919219358 -4.05353464721 -2.75778520158 -1.70081711967 -0.768037846139 -0.185250163352 0.227743230093 0.582236442401 0.883506568584 1.08951543632
 -5.54873286481 -4.07680116598 -2.74778810554 -1.68150543224 -0.788150275510 -0.186267421971 0.197589719987 0.568888406275 0.899394967105 1.09906748782
 -5.56547466284 -4.11268966474 -2.77715566457 -1.69208422527 -0.858688040526 -0.259291833388 0.222703576160 0.597789650221 0.930262211761 1.07685151560
 -5.57731848745 -4.11115356049 -2.72906371587 -1.63151575668 -0.868954805011 -0.348285806786 0.174549898998 0.656110874899 0.945103767645 1.06559160767
 -5.55384774534 -4.03323207894 -2.62370336891 -1.60816546673 -0.933298335140 -0.433085145604 0.0966337210988 0.584296279849 0.996072863131 1.11875783190
 -5.54479651200 -3.96621709047 -2.55323357852 -1.47203841217 -0.769465944873 -0.318940582856 0.106623110836 0.568185900323 0.918739793941 1.13010260960
 -5.59841759064 -3.92636006680 -2.42702823975 -1.34838990472 -0.574447820304 -0.138624975557 0.168190753364 0.593806440913 0.896337326322 1.01175096374
 -5.60569839817 -3.82294715367 -2.22564090918 -1.16051798912 -0.489401267219 -0.0896136951617 0.202553470717 0.533547974378 0.878741202102 0.988982340276
 -5.63028221329 -3.76330187403 -2.01291579697 -0.919278726803 -0.365380924106 -0.0545970010984 0.231817739856 0.523950619912 0.812265951651 0.954517923521
 -5.67036351458 -3.77414959219 -1.96759109795 -0.783575609306 -0.244414366172 0.00381691672687 0.261859541265 0.527877924140 0.760384967299 0.898644731841
 -5.66936183317 -3.81074268337 -2.09285300687 -0.946368534030 -0.359921596834 -0.0646193954517 0.240215186153 0.549319455451 0.839115588626 0.920228702195
 -5.65629234206 -3.81323463575 -2.07062535455 -0.873188712479 -0.337202678858 -0.0689980792291 0.170976779628 0.510334079697 0.819597607127 0.978970042137
 -5.64401939177 -3.83773679115 -2.17143999978 -0.956389650632 -0.397239436557 -0.0938873469119 0.152065461633 0.503494569441 0.830397427985 1.02285008529
 -5.59413469848 -3.81759496727 -2.25274810714 -1.11677200301 -0.541493386268 -0.190837143380 0.104753606383 0.474648681393 0.849778921300 1.12385539344
# log_selcoffs_fsh[3]:
 -5.71231971912 -4.64935128654 -3.61333279628 -2.62634746679 -1.70814812081 -0.886219032113 -0.216323595069 0.269519698736 0.699257512035 1.01360409867 1.22724830057
 -5.75514798854 -4.67550762763 -3.63818029917 -2.65717657373 -1.71021548056 -0.826431044315 -0.116219494808 0.373833644068 0.685702440774 1.00811493000 1.16423158314
 -5.74463180661 -4.48477069669 -3.33682777424 -2.22457596578 -1.19938129027 -0.578338654023 -0.0698064207265 0.320652118605 0.659717127385 0.961822206420 1.13730160507
 -5.69494451167 -4.03205105597 -2.61637820297 -1.72014740153 -1.10098649567 -0.567036271436 -0.114108705168 0.292366222235 0.651889286015 0.954153504935 1.12481788414
 -5.61728078035 -3.65986181090 -1.97066950560 -1.15566415687 -0.836900025297 -0.601344988408 -0.276614445646 0.102339165605 0.568704119837 0.965248293117 1.18716334418
 -5.62747654366 -3.66514628728 -1.77062238679 -0.783615004647 -0.573427388280 -0.581989462082 -0.339112651535 0.0696147178987 0.543748591775 0.925064560568 1.16079399424
 -5.63539112666 -3.79172547725 -2.00874684873 -0.621190363672 -0.203259964312 -0.211252979303 -0.201739292719 0.0673301297063 0.445673136667 0.816326236420 1.08725007539
 -5.62935529395 -3.84222246000 -2.13399695704 -0.755330268770 -0.00928379998839 0.0891452224445 0.00805268367366 0.0605816015420 0.341843119167 0.723409122260 1.01639595422
 -5.57542772030 -3.75371071791 -2.05511012138 -0.781248608354 -0.0995007549732 0.100198806509 0.0835217735612 0.130289975038 0.339383937356 0.704024643745 1.00208790368
 -5.50180346032 -3.49268806983 -1.61889502294 -0.673167208592 -0.273756792509 -0.215497431049 -0.154422296018 0.0915901793366 0.458532882033 0.820620418463 1.05923023043
 -5.41384327437 -3.29402138665 -1.62515282823 -0.826382477774 -0.559725540781 -0.450390796139 -0.234699807735 0.145527374580 0.589614522115 0.906457698724 1.06087455096
 -5.47265666587 -3.56787964551 -1.96568728490 -1.22988682777 -0.798069047424 -0.490810738326 -0.180984476357 0.323103369127 0.735736776584 0.946197458208 0.953239679682
# log_sel_spl_fsh[1]:
 0.00000000000 0.00000000000 0.00000000000 0.00000000000
 0.00000000000 0.00000000000 0.00000000000 0.00000000000
 0.00000000000 0.00000000000 0.00000000000 0.00000000000
 0.00000000000 0.00000000000 0.00000000000 0.00000000000
 0.00000000000 0.00000000000 0.00000000000 0.00000000000
 0.00000000000 0.00000000000 0.00000000000 0.00000000000
# log_sel_spl_fsh[2]:
 0.00000000000 0.00000000000 0.00000000000 0.00000000000
 0.00000000000 0.00000000000 0.00000000000 0.00000000000
 0.00000000000 0.00000000000 0.00000000000 0.00000000000
 0.00000000000 0.00000000000 0.00000000000 0.00000000000
 0.00000000000 0.00000000000 0.00000000000 0.00000000000
 0.00000000000 0.00000000000 0.00000000000 0.00000000000
 0.00000000000 0.00000000000 0.00000000000 0.00000000000
 0.00000000000 0.00000000000 0.00000000000 0.00000000000
 0.00000000000 0.00000000000 0.00000000000 0.00000000000
 0.00000000000 0.00000000000 0.00000000000 0.00000000000
 0.00000000000 0.00000000000 0.00000000000 0.00000000000
 0.00000000000 0.00000000000 0.00000000000 0.00000000000
 0.00000000000 0.00000000000 0.00000000000 0.00000000000
 0.00000000000 0.00000000000 0.00000000000 0.00000000000
 0.00000000000 0.00000000000 0.00000000000 0.00000000000
 0.00000000000 0.00000000000 0.00000000000 0.00000000000
 0.00000000000 0.00000000000 0.00000000000 0.00000000000
 0.00000000000 0.00000000000 0.00000000000 0.00000000000
 0.00000000000 0.00000000000 0.00000000000 0.00000000000
 0.00000000000 0.00000000000 0.00000000000 0.00000000000
 0.00000000000 0.00000000000 0.00000000000 0.00000000000
 0.00000000000 0.00000000000 0.00000000000 0.00000000000
 0.00000000000 0.00000000000 0.00000000000 0.00000000000
 0.00000000000 0.00000000000 0.00000000000 0.00000000000
 0.00000000000 0.00000000000 0.00000000000 0.00000000000
 0.00000000000 0.00000000000 0.00000000000 0.00000000000
 0.00000000000 0.00000000000 0.00000000000 0.00000000000
# log_sel_spl_fsh[3]:
 0.00000000000 0.00000000000 0.00000000000 0.00000000000
 0.00000000000 0.00000000000 0.00000000000 0.00000000000
 0.00000000000 0.00000000000 0.00000000000 0.00000000000
 0.00000000000 0.00000000000 0.00000000000 0.00000000000
 0.00000000000 0.00000000000 0.00000000000 0.00000000000
 0.00000000000 0.00000000000 0.00000000000 0.00000000000
 0.00000000000 0.00000000000 0.00000000000 0.00000000000
 0.00000000000 0.00000000000 0.00000000000 0.00000000000
 0.00000000000 0.00000000000 0.00000000000 0.00000000000
 0.00000000000 0.00000000000 0.00000000000 0.00000000000
 0.00000000000 0.00000000000 0.00000000000 0.00000000000
 0.00000000000 0.00000000000 0.00000000000 0.00000000000
# logsel_slope_fsh[1]:
 0.00000000000 0.00000000000 0.00000000000 0.00000000000 0.00000000000 0.00000000000
# logsel_slope_fsh[2]:
 0.00000000000 0.00000000000 0.00000000000 0.00000000000 0.00000000000 0.00000000000 0.00000000000 0.00000000000 0.00000000000 0.00000000000 0.00000000000 0.00000000000 0.00000000000 0.00000000000 0.00000000000 0.00000000000 0.00000000000 0.00000000000 0.00000000000 0.00000000000 0.00000000000 0.00000000000 0.00000000000 0.00000000000 0.00000000000 0.00000000000 0.00000000000
# logsel_slope_fsh[3]:
 0.00000000000 0.00000000000 0.00000000000 0.00000000000 0.00000000000 0.00000000000 0.00000000000 0.00000000000 0.00000000000 0.00000000000 0.00000000000 0.00000000000
# sel50_fsh[1]:
 0.00000000000 0.00000000000 0.00000000000 0.00000000000 0.00000000000 0.00000000000
# sel50_fsh[2]:
 0.00000000000 0.00000000000 0.00000000000 0.00000000000 0.00000000000 0.00000000000 0.00000000000 0.00000000000 0.00000000000 0.00000000000 0.00000000000 0.00000000000 0.00000000000 0.00000000000 0.00000000000 0.00000000000 0.00000000000 0.00000000000 0.00000000000 0.00000000000 0.00000000000 0.00000000000 0.00000000000 0.00000000000 0.00000000000 0.00000000000 0.00000000000
# sel50_fsh[3]:
 0.00000000000 0.00000000000 0.00000000000 0.00000000000 0.00000000000 0.00000000000 0.00000000000 0.00000000000 0.00000000000 0.00000000000 0.00000000000 0.00000000000
# logsel_p1_fsh[1]:
 0.00000000000 0.00000000000 0.00000000000 0.00000000000 0.00000000000 0.00000000000
# logsel_p1_fsh[2]:
 0.00000000000 0.00000000000 0.00000000000 0.00000000000 0.00000000000 0.00000000000 0.00000000000 0.00000000000 0.00000000000 0.00000000000 0.00000000000 0.00000000000 0.00000000000 0.00000000000 0.00000000000 0.00000000000 0.00000000000 0.00000000000 0.00000000000 0.00000000000 0.00000000000 0.00000000000 0.00000000000 0.00000000000 0.00000000000 0.00000000000 0.00000000000
# logsel_p1_fsh[3]:
 0.00000000000 0.00000000000 0.00000000000 0.00000000000 0.00000000000 0.00000000000 0.00000000000 0.00000000000 0.00000000000 0.00000000000 0.00000000000 0.00000000000
# logsel_p2_fsh[1]:
 0.00000000000 0.00000000000 0.00000000000 0.00000000000 0.00000000000 0.00000000000
# logsel_p2_fsh[2]:
 0.00000000000 0.00000000000 0.00000000000 0.00000000000 0.00000000000 0.00000000000 0.00000000000 0.00000000000 0.00000000000 0.00000000000 0.00000000000 0.00000000000 0.00000000000 0.00000000000 0.00000000000 0.00000000000 0.00000000000 0.00000000000 0.00000000000 0.00000000000 0.00000000000 0.00000000000 0.00000000000 0.00000000000 0.00000000000 0.00000000000 0.00000000000
# logsel_p2_fsh[3]:
 0.00000000000 0.00000000000 0.00000000000 0.00000000000 0.00000000000 0.00000000000 0.00000000000 0.00000000000 0.00000000000 0.00000000000 0.00000000000 0.00000000000
# logsel_p3_fsh[1]:
 0.00000000000 0.00000000000 0.00000000000 0.00000000000 0.00000000000 0.00000000000
# logsel_p3_fsh[2]:
 0.00000000000 0.00000000000 0.00000000000 0.00000000000 0.00000000000 0.00000000000 0.00000000000 0.00000000000 0.00000000000 0.00000000000 0.00000000000 0.00000000000 0.00000000000 0.00000000000 0.00000000000 0.00000000000 0.00000000000 0.00000000000 0.00000000000 0.00000000000 0.00000000000 0.00000000000 0.00000000000 0.00000000000 0.00000000000 0.00000000000 0.00000000000
# logsel_p3_fsh[3]:
 0.00000000000 0.00000000000 0.00000000000 0.00000000000 0.00000000000 0.00000000000 0.00000000000 0.00000000000 0.00000000000 0.00000000000 0.00000000000 0.00000000000
# rec_dev_future:
 0.00000000000 0.00000000000 0.00000000000 0.00000000000 0.00000000000 0.00000000000 0.00000000000 0.00000000000 0.00000000000 0.00000000000 0.00000000000 0.00000000000 0.00000000000 0.00000000000 0.00000000000 0.00000000000 0.00000000000 0.00000000000 0.00000000000 0.00000000000
# log_q_ind[1]:
-0.387698128407
# log_q_ind[2]:
-5.85408207566
# log_q_power_ind[1]:
0.00000000000
# log_q_power_ind[2]:
0.00000000000
# log_selcoffs_ind[1]:
 -8.28705343651 -5.59045222498 -4.11060941114 -2.68637887301 -1.50030335490 -0.849337731386 0.0136395040209 0.671569855070 0.959961425341 1.30239442719
 -8.28621200724 -5.49151385886 -3.96229755688 -2.55592405135 -1.19418852519 -0.576846574362 0.171007337690 0.449217581251 0.940514234809 1.31358572712
 -8.28513263039 -5.37907364451 -3.79274249077 -2.29035766628 -1.24702163950 -0.383727350570 0.0829428854069 0.548270755475 0.910603220210 1.28097146074
 -8.28396652615 -5.29391043528 -3.77614695469 -2.58913104643 -1.67648676949 -0.755408391528 -0.0719215901685 0.492046341292 1.07910971082 1.31682579502
 -8.28215661811 -5.09676705866 -3.47406144310 -2.55603480005 -1.74727403222 -1.17480177225 -0.462426091750 0.536340318206 0.907833838330 1.52245419036
 -8.28082018059 -4.93198383195 -3.42516854857 -2.67115125400 -1.88217397059 -1.16847606419 -0.671595761309 0.216147934311 0.943023122141 1.63077038643
 -8.27110408009 -4.56356587858 -2.98840804286 -2.26244333337 -1.29269834947 -0.663719041031 -0.433210389574 0.258725557605 0.798432371730 1.58507086569
 -8.25844153625 -3.89106049528 -1.47876770976 -1.41848372313 -1.24377000072 -0.934926413136 -0.690726082555 0.0542803909016 0.791728214677 1.62219770670
 -8.24671855224 -3.82960929206 -1.52205443270 -1.13378536078 -1.00637934213 -0.782898957711 -0.605316902958 0.287746260188 0.716267714786 1.54526727087
 -8.24764415739 -3.92152248985 -1.35436643689 -0.633334061439 -0.699717131813 -0.720547058050 -0.593612498237 0.129743004076 0.588827164155 1.55075899149
 -8.25243157048 -3.88986971572 -1.22576659907 -0.636520790579 -0.691218460170 -0.860505166510 -0.670554495899 0.148013236425 0.527802132740 1.58238719282
 -8.25738750219 -3.92212614836 -1.50333572840 -1.06612462459 -1.08791476700 -0.793573942499 -0.507981233338 0.264774650390 0.481428749981 1.62940501089
 -8.26158278302 -3.78714808334 -1.65219484391 -0.901936302340 -1.33870928038 -1.06422888417 -0.866600055688 -0.173035384851 0.329371526070 1.81171101498
# log_selcoffs_ind[2]:
 0.00000000000 0.00000000000 0.00000000000 0.00000000000 0.00000000000 0.00000000000 0.00000000000 0.00000000000 0.00000000000 0.00000000000
# logsel_slope_ind[1]:
 0.00000000000 0.00000000000 0.00000000000 0.00000000000 0.00000000000 0.00000000000 0.00000000000 0.00000000000 0.00000000000 0.00000000000 0.00000000000 0.00000000000 0.00000000000
# logsel_slope_ind[2]:
 0.00000000000
# sel50_ind[1]:
 0.00000000000 0.00000000000 0.00000000000 0.00000000000 0.00000000000 0.00000000000 0.00000000000 0.00000000000 0.00000000000 0.00000000000 0.00000000000 0.00000000000 0.00000000000
# sel50_ind[2]:
 0.00000000000
# logsel_p1_ind[1]:
 0.00000000000 0.00000000000 0.00000000000 0.00000000000 0.00000000000 0.00000000000 0.00000000000 0.00000000000 0.00000000000 0.00000000000 0.00000000000 0.00000000000 0.00000000000
# logsel_p1_ind[2]:
 0.00000000000
# sel_p2_ind[1]:
 0.00000000000 0.00000000000 0.00000000000 0.00000000000 0.00000000000 0.00000000000 0.00000000000 0.00000000000 0.00000000000 0.00000000000 0.00000000000 0.00000000000 0.00000000000
# sel_p2_ind[2]:
 0.00000000000
# logsel_p3_ind[1]:
 0.00000000000 0.00000000000 0.00000000000 0.00000000000 0.00000000000 0.00000000000 0.00000000000 0.00000000000 0.00000000000 0.00000000000 0.00000000000 0.00000000000 0.00000000000
# logsel_p3_ind[2]:
 0.00000000000
