# Number of parameters = 664 Objective function value = 180.246758054201  Maximum gradient component = 5.31284520528624e-05
# Mest[1]:
0.350000000000
# log_Linf[1]:
4.38701417618
# log_k[1]:
-1.83258146375
# log_Lo[1]:
2.75684036527
# log_sdage[1]:
-2.40794560865
# mean_log_rec[1]:
7.10987233433
# steepness[1]:
0.650000000000
# log_Rzero[1]:
6.96036110978
# rec_dev:
 -0.186284365081 -0.242178949557 -0.305712370764 -0.385344081185 -0.463934592482 -0.556278080134 -0.641706774417 -0.714316778085 -0.741986991068 -0.471074348347 -0.0749680570857 0.418974638658 0.444739224554 0.559550293774 0.945814382190 0.735300525662 0.575462393324 0.462993409942 0.557452738443 0.583040709833 0.546573310138 0.571419544661 1.02411993562 0.692966703917 1.32201766477 0.374057105944 0.303929940823 0.381605150855 -0.267785512002 -0.471606581847 -0.295443628762 -0.631656325804 -0.306443675991 -0.134107559601 -0.288868951339 -0.433330350203 -0.470941070804 -0.0981637403721 -0.278746312111 0.0894362103394 0.0916055689054 -0.129005463500 -0.299411482485 -0.0740385777864 3.42532402442e-09
# log_sigmar[1]:
-0.223143551314
# fmort:
 -13.7012185602 -13.8306588055 -2.31351488374 -1.83020714807 -1.68962355673 -2.29121673877 -1.94299363869 -1.62351959783 -2.63091646656 -2.74612997162 -1.80739965653 -1.13779572542 -3.15699127946 -1.54183749757 -1.39921010735 -2.61212463533 -2.16680823296 -2.27928557936 -5.08138480226 -5.30981390941 -4.74927961330 -9.35377753162 -10.6540713225 -13.4020882297 -7.89812344152 -6.85002239493 -6.93908882970 -7.01030054336 -13.6153222903 -13.7140101025 -13.6960605947 -13.6719381263
 -2.59028806354 -1.77874903063 -2.49475064681 -2.58798693255 -2.61401385147 -2.38248256064 -2.83806980938 -2.61399186201 -2.87661983347 -2.86756858835 -2.77559702748 -2.59251866177 -2.55053980759 -2.84679515779 -2.38526647406 -2.58487057749 -2.43153176916 -2.22568931014 -1.75462748177 -1.19818659120 -0.940766901580 -0.829250462756 -1.05829694321 -1.05118081277 -0.916347134503 -0.789226836209 -0.986403328296 -0.837019333657 -1.00790934549 -1.47350631716 -1.61578644038 -2.09016240869
 -13.4329425904 -13.2331881617 -13.0362564286 -13.1076625676 -13.0840816724 -12.7877214461 -12.9591190633 -12.9212758666 -12.9098412789 -13.0208652687 -13.0529000858 -12.9395119845 -12.6176313482 -12.7997174797 -12.7041622942 -12.6183572538 -2.73188664538 -2.20893686396 -1.15840503063 -2.11116806519 -1.51100739680 -2.10601075017 -1.85125520838 -1.92910670678 -2.33582427789 -1.76297709008 -1.05568484984 -1.06674493243 -1.59345055374 -2.42850391591 -2.94607255265 -3.64410965503
# log_selcoffs_fsh[1]:
 -1.42781326013 -0.165463895057 0.258871304794 0.207451634561 0.172962563791 0.180519868425
 -1.69081355781 0.131242786600 0.426075764153 0.142584613180 1.71081136878e-05 -0.00916055906706
 -2.02324946186 -0.469464116690 0.759354556132 0.244186069921 0.00925651705576 -0.198865981785
 -2.10695722132 -0.447432896346 0.511135395554 0.569404247069 0.0123208469759 -0.232775635118
 -2.05843172137 -0.0441760387551 0.737946241487 0.280880366465 -0.210242074624 -0.372162990197
 -2.09722583115 -0.335737273913 0.733929574207 0.486731651793 -0.221653243979 -0.429309297406
# log_selcoffs_fsh[2]:
 -5.24609501218 -3.99860203448 -2.79018025512 -1.68130746081 -0.733924913440 -0.00733345050241 0.465850200987 0.720480171557 0.823948921219 0.844951004800
 -5.38219513167 -4.08414593555 -2.81394477889 -1.67362111158 -0.643655247488 0.182674463621 0.531274059672 0.683161489595 0.761586489407 0.780397926497
 -5.46468434818 -4.13460421219 -2.84297149290 -1.60636168550 -0.624961052587 0.220457400018 0.535443885870 0.667782477644 0.749619154699 0.772259099892
 -5.51378236417 -4.11615628949 -2.81502723550 -1.60197877309 -0.632208213471 0.118678614089 0.484228923481 0.694244936048 0.791478409917 0.801580155534
 -5.54896566668 -4.12188519409 -2.80863111158 -1.62364604018 -0.608400121812 0.115802852914 0.436742098472 0.664926550517 0.806361017589 0.843154742453
 -5.58958348668 -4.12774753726 -2.79059131569 -1.61515685061 -0.624175345355 0.00345837350371 0.388523705656 0.676202611835 0.849699396676 0.875714816915
 -5.61549674114 -4.09709731601 -2.68414139427 -1.59279357381 -0.751040889625 -0.162001685426 0.313406934787 0.672355626566 0.925774504599 0.930209490932
 -5.65449465746 -4.17649743878 -2.75500412788 -1.64029241688 -0.799815674350 -0.231895096666 0.290666298010 0.704432474185 0.924109071419 0.956101140395
 -5.67303792158 -4.25265461090 -2.93378707102 -1.72301335002 -0.830425278285 -0.257864456248 0.303525041320 0.721434648293 0.928008460795 0.955732527524
 -5.67414638384 -4.28956593753 -3.01108016612 -1.77298539461 -0.857385775212 -0.230628691714 0.361856984792 0.720577523498 0.886983666918 0.965491782848
 -5.64306174399 -4.33615873571 -3.05377217070 -1.78055721819 -0.884957469010 -0.240600611805 0.260604545839 0.649301348529 0.921625308486 1.04502498306
 -5.62905656954 -4.33020658625 -3.10845553318 -1.84257276681 -0.695006821898 -0.139221382349 0.247184121458 0.595203993130 0.899329539682 1.05057233445
 -5.60178156715 -4.23163979234 -2.98143620840 -1.83782563550 -0.869283240432 -0.129300179231 0.243784560678 0.613316318831 0.897231837613 1.06419909958
 -5.55035984817 -4.03630217834 -2.74831733610 -1.72533353017 -0.827543447276 -0.248784341272 0.192132224614 0.581370188397 0.907610066208 1.11209496667
 -5.54392180769 -4.04953379402 -2.71065832126 -1.66755636315 -0.820993268348 -0.244780626572 0.152097241504 0.563586730724 0.921823690895 1.12020415517
 -5.57283994279 -4.08339305476 -2.72378684004 -1.64119823048 -0.846129851024 -0.289727105269 0.183888173799 0.585170060053 0.946673613423 1.08793412913
 -5.60870260521 -4.09189995697 -2.67089230796 -1.56194766493 -0.815045897337 -0.332019181746 0.163390002069 0.654564533528 0.946955400151 1.05115968565
 -5.61004857076 -4.02731228994 -2.56580760081 -1.52534898158 -0.856495227906 -0.373739956234 0.124007834250 0.585837629256 0.988415930083 1.08377490529
 -5.63465299881 -3.98225216463 -2.50732632699 -1.38903621149 -0.678465540926 -0.239153622103 0.164794067741 0.589709363642 0.902093343128 1.06640669552
 -5.72486162683 -3.96866099588 -2.39133346311 -1.26240770700 -0.470041908180 -0.0371569427240 0.241249805640 0.620663191901 0.864041090623 0.919934880692
 -5.76692872334 -3.90232770098 -2.21544837073 -1.08158494755 -0.377992354601 0.0273923303249 0.296378098516 0.564760921853 0.833825538138 0.879374615544
 -5.81858398741 -3.87970450538 -2.04440008833 -0.861357039207 -0.255935630318 0.0735413856292 0.331898218851 0.549169642463 0.756404800280 0.840615249761
 -5.87478061052 -3.92340046384 -2.04102850728 -0.752155163513 -0.136691438045 0.131356144783 0.354732235048 0.537787962354 0.695299031635 0.798064122971
 -5.88448107604 -3.99186301746 -2.22012567731 -0.981258383606 -0.287682875283 0.0629930012186 0.335407639026 0.567900875109 0.786140790299 0.842566725057
 -5.87134793355 -4.02327794430 -2.24683817308 -0.982827505924 -0.333121328247 0.0289626079043 0.274897023489 0.536427247631 0.782285611102 0.932355706429
 -5.84996827338 -4.05994621502 -2.39161423325 -1.11403868868 -0.458174702133 -0.0356752410790 0.246085216602 0.540839778834 0.798779878654 1.00922811616
 -5.79136371885 -4.05071951999 -2.46768494405 -1.30123257682 -0.610268544593 -0.176416420128 0.171827686976 0.506058088786 0.838850800680 1.12530809638
 -5.82587439088 -4.10580239223 -2.48871499394 -1.19338945383 -0.434509726998 -0.0395072963348 0.217459122296 0.489559414336 0.790854986556 1.06668339594
 -5.76694808117 -4.04404312616 -2.42239920127 -1.22731127917 -0.550177985948 -0.215919323531 0.0865552328989 0.453839495920 0.831032636191 1.18002750229
# log_selcoffs_fsh[3]:
 -5.80796969228 -4.69365403371 -3.62263176047 -2.63282629975 -1.74404295024 -0.963402343028 -0.307344009827 0.217956023558 0.707265947352 1.04619965992 1.24665062740
 -5.85114874598 -4.71170929541 -3.62925524593 -2.63070877762 -1.69445684116 -0.854203195185 -0.186376670241 0.314956080066 0.663693036575 1.03551243984 1.20044342369
 -5.86026941509 -4.53521840675 -3.33194119159 -2.18674185429 -1.15435257903 -0.544812306484 -0.0829621278369 0.266667807140 0.613312988842 0.961690216176 1.18005739660
 -5.85302703468 -4.11528720258 -2.64299817392 -1.70984185285 -1.07272116483 -0.541332100436 -0.105842466097 0.265488313284 0.612579998202 0.941594565507 1.16059439845
 -5.83950285772 -3.79015589904 -2.03699843850 -1.19183974860 -0.846463316365 -0.591429110726 -0.270718755175 0.0903846353526 0.538515301982 0.953810123984 1.22126744811
 -5.92753531869 -3.86990622837 -1.88849392039 -0.858362574729 -0.622042448784 -0.602974525648 -0.345684446332 0.0548075733636 0.523914715385 0.927322254066 1.20503061857
 -6.01670093129 -4.08119639776 -2.21217039548 -0.744106110889 -0.282695516429 -0.254586318264 -0.222235054568 0.0504264711297 0.433729483982 0.835978230478 1.15201053955
 -6.09147190430 -4.21390036457 -2.41919829062 -0.958181561246 -0.120533147115 0.0275439776276 -0.0320979383635 0.0332074621330 0.334119898430 0.764031733683 1.11520388749
 -6.12185018262 -4.20713561550 -2.42122140604 -1.06097214588 -0.285492495455 0.00984547008576 0.0236215338295 0.0853645770552 0.328332471285 0.764123159232 1.14347981893
 -6.13073338564 -4.04983959852 -2.07598052987 -1.05021686487 -0.541587890368 -0.377671722318 -0.251029804250 0.0169645762805 0.433854954081 0.893467173471 1.24009297007
 -6.13051174477 -3.97338964407 -2.25205574441 -1.31818393524 -0.955817006632 -0.720609589208 -0.396323364238 0.0552009653033 0.556134405285 0.993610761131 1.26999318371
 -6.28992949330 -4.45941873872 -2.78767965639 -1.92964104564 -1.32169270286 -0.890045544947 -0.419776188011 0.211318061998 0.736803579371 1.05803310456 1.17558757227
 -6.41159292826 -4.93464194245 -3.52322046649 -2.19231654287 -1.42088105461 -0.953411473152 -0.365718907764 0.270646641587 0.787876450728 1.08068883708 1.12269882840
 -6.47008137536 -5.09453975476 -3.72550005703 -2.36130289345 -1.44152085284 -1.00378574059 -0.509124989842 0.277906774176 0.813576067349 1.09306171374 1.13466310132
# log_sel_spl_fsh[1]:
 0.00000000000 0.00000000000 0.00000000000 0.00000000000
 0.00000000000 0.00000000000 0.00000000000 0.00000000000
 0.00000000000 0.00000000000 0.00000000000 0.00000000000
 0.00000000000 0.00000000000 0.00000000000 0.00000000000
 0.00000000000 0.00000000000 0.00000000000 0.00000000000
 0.00000000000 0.00000000000 0.00000000000 0.00000000000
# log_sel_spl_fsh[2]:
 0.00000000000 0.00000000000 0.00000000000 0.00000000000
 0.00000000000 0.00000000000 0.00000000000 0.00000000000
 0.00000000000 0.00000000000 0.00000000000 0.00000000000
 0.00000000000 0.00000000000 0.00000000000 0.00000000000
 0.00000000000 0.00000000000 0.00000000000 0.00000000000
 0.00000000000 0.00000000000 0.00000000000 0.00000000000
 0.00000000000 0.00000000000 0.00000000000 0.00000000000
 0.00000000000 0.00000000000 0.00000000000 0.00000000000
 0.00000000000 0.00000000000 0.00000000000 0.00000000000
 0.00000000000 0.00000000000 0.00000000000 0.00000000000
 0.00000000000 0.00000000000 0.00000000000 0.00000000000
 0.00000000000 0.00000000000 0.00000000000 0.00000000000
 0.00000000000 0.00000000000 0.00000000000 0.00000000000
 0.00000000000 0.00000000000 0.00000000000 0.00000000000
 0.00000000000 0.00000000000 0.00000000000 0.00000000000
 0.00000000000 0.00000000000 0.00000000000 0.00000000000
 0.00000000000 0.00000000000 0.00000000000 0.00000000000
 0.00000000000 0.00000000000 0.00000000000 0.00000000000
 0.00000000000 0.00000000000 0.00000000000 0.00000000000
 0.00000000000 0.00000000000 0.00000000000 0.00000000000
 0.00000000000 0.00000000000 0.00000000000 0.00000000000
 0.00000000000 0.00000000000 0.00000000000 0.00000000000
 0.00000000000 0.00000000000 0.00000000000 0.00000000000
 0.00000000000 0.00000000000 0.00000000000 0.00000000000
 0.00000000000 0.00000000000 0.00000000000 0.00000000000
 0.00000000000 0.00000000000 0.00000000000 0.00000000000
 0.00000000000 0.00000000000 0.00000000000 0.00000000000
 0.00000000000 0.00000000000 0.00000000000 0.00000000000
 0.00000000000 0.00000000000 0.00000000000 0.00000000000
# log_sel_spl_fsh[3]:
 0.00000000000 0.00000000000 0.00000000000 0.00000000000
 0.00000000000 0.00000000000 0.00000000000 0.00000000000
 0.00000000000 0.00000000000 0.00000000000 0.00000000000
 0.00000000000 0.00000000000 0.00000000000 0.00000000000
 0.00000000000 0.00000000000 0.00000000000 0.00000000000
 0.00000000000 0.00000000000 0.00000000000 0.00000000000
 0.00000000000 0.00000000000 0.00000000000 0.00000000000
 0.00000000000 0.00000000000 0.00000000000 0.00000000000
 0.00000000000 0.00000000000 0.00000000000 0.00000000000
 0.00000000000 0.00000000000 0.00000000000 0.00000000000
 0.00000000000 0.00000000000 0.00000000000 0.00000000000
 0.00000000000 0.00000000000 0.00000000000 0.00000000000
 0.00000000000 0.00000000000 0.00000000000 0.00000000000
 0.00000000000 0.00000000000 0.00000000000 0.00000000000
# logsel_slope_fsh[1]:
 0.00000000000 0.00000000000 0.00000000000 0.00000000000 0.00000000000 0.00000000000
# logsel_slope_fsh[2]:
 0.00000000000 0.00000000000 0.00000000000 0.00000000000 0.00000000000 0.00000000000 0.00000000000 0.00000000000 0.00000000000 0.00000000000 0.00000000000 0.00000000000 0.00000000000 0.00000000000 0.00000000000 0.00000000000 0.00000000000 0.00000000000 0.00000000000 0.00000000000 0.00000000000 0.00000000000 0.00000000000 0.00000000000 0.00000000000 0.00000000000 0.00000000000 0.00000000000 0.00000000000
# logsel_slope_fsh[3]:
 0.00000000000 0.00000000000 0.00000000000 0.00000000000 0.00000000000 0.00000000000 0.00000000000 0.00000000000 0.00000000000 0.00000000000 0.00000000000 0.00000000000 0.00000000000 0.00000000000
# sel50_fsh[1]:
 0.00000000000 0.00000000000 0.00000000000 0.00000000000 0.00000000000 0.00000000000
# sel50_fsh[2]:
 0.00000000000 0.00000000000 0.00000000000 0.00000000000 0.00000000000 0.00000000000 0.00000000000 0.00000000000 0.00000000000 0.00000000000 0.00000000000 0.00000000000 0.00000000000 0.00000000000 0.00000000000 0.00000000000 0.00000000000 0.00000000000 0.00000000000 0.00000000000 0.00000000000 0.00000000000 0.00000000000 0.00000000000 0.00000000000 0.00000000000 0.00000000000 0.00000000000 0.00000000000
# sel50_fsh[3]:
 0.00000000000 0.00000000000 0.00000000000 0.00000000000 0.00000000000 0.00000000000 0.00000000000 0.00000000000 0.00000000000 0.00000000000 0.00000000000 0.00000000000 0.00000000000 0.00000000000
# logsel_p1_fsh[1]:
 0.00000000000 0.00000000000 0.00000000000 0.00000000000 0.00000000000 0.00000000000
# logsel_p1_fsh[2]:
 0.00000000000 0.00000000000 0.00000000000 0.00000000000 0.00000000000 0.00000000000 0.00000000000 0.00000000000 0.00000000000 0.00000000000 0.00000000000 0.00000000000 0.00000000000 0.00000000000 0.00000000000 0.00000000000 0.00000000000 0.00000000000 0.00000000000 0.00000000000 0.00000000000 0.00000000000 0.00000000000 0.00000000000 0.00000000000 0.00000000000 0.00000000000 0.00000000000 0.00000000000
# logsel_p1_fsh[3]:
 0.00000000000 0.00000000000 0.00000000000 0.00000000000 0.00000000000 0.00000000000 0.00000000000 0.00000000000 0.00000000000 0.00000000000 0.00000000000 0.00000000000 0.00000000000 0.00000000000
# logsel_p2_fsh[1]:
 0.00000000000 0.00000000000 0.00000000000 0.00000000000 0.00000000000 0.00000000000
# logsel_p2_fsh[2]:
 0.00000000000 0.00000000000 0.00000000000 0.00000000000 0.00000000000 0.00000000000 0.00000000000 0.00000000000 0.00000000000 0.00000000000 0.00000000000 0.00000000000 0.00000000000 0.00000000000 0.00000000000 0.00000000000 0.00000000000 0.00000000000 0.00000000000 0.00000000000 0.00000000000 0.00000000000 0.00000000000 0.00000000000 0.00000000000 0.00000000000 0.00000000000 0.00000000000 0.00000000000
# logsel_p2_fsh[3]:
 0.00000000000 0.00000000000 0.00000000000 0.00000000000 0.00000000000 0.00000000000 0.00000000000 0.00000000000 0.00000000000 0.00000000000 0.00000000000 0.00000000000 0.00000000000 0.00000000000
# logsel_p3_fsh[1]:
 0.00000000000 0.00000000000 0.00000000000 0.00000000000 0.00000000000 0.00000000000
# logsel_p3_fsh[2]:
 0.00000000000 0.00000000000 0.00000000000 0.00000000000 0.00000000000 0.00000000000 0.00000000000 0.00000000000 0.00000000000 0.00000000000 0.00000000000 0.00000000000 0.00000000000 0.00000000000 0.00000000000 0.00000000000 0.00000000000 0.00000000000 0.00000000000 0.00000000000 0.00000000000 0.00000000000 0.00000000000 0.00000000000 0.00000000000 0.00000000000 0.00000000000 0.00000000000 0.00000000000
# logsel_p3_fsh[3]:
 0.00000000000 0.00000000000 0.00000000000 0.00000000000 0.00000000000 0.00000000000 0.00000000000 0.00000000000 0.00000000000 0.00000000000 0.00000000000 0.00000000000 0.00000000000 0.00000000000
# rec_dev_future:
 0.00000000000 0.00000000000 0.00000000000 0.00000000000 0.00000000000 0.00000000000 0.00000000000 0.00000000000 0.00000000000 0.00000000000 0.00000000000 0.00000000000 0.00000000000 0.00000000000 0.00000000000 0.00000000000 0.00000000000 0.00000000000 0.00000000000 0.00000000000
# log_q_ind[1]:
-0.287682072452
# log_q_ind[2]:
-5.90218347833
# log_q_power_ind[1]:
0.00000000000
# log_q_power_ind[2]:
0.00000000000
# log_selcoffs_ind[1]:
 -8.87150272561 -4.58997118844 -2.30542062606 -1.74631324563 -1.43963455682 -0.882413078725 -0.348913421787 0.362564626011 0.907728751276 1.49147059947
# log_selcoffs_ind[2]:
 0.00000000000 0.00000000000 0.00000000000 0.00000000000 0.00000000000 0.00000000000 0.00000000000 0.00000000000 0.00000000000 0.00000000000
# logsel_slope_ind[1]:
 0.00000000000
# logsel_slope_ind[2]:
 0.00000000000
# sel50_ind[1]:
 0.00000000000
# sel50_ind[2]:
 0.00000000000
# logsel_p1_ind[1]:
 0.00000000000
# logsel_p1_ind[2]:
 0.00000000000
# sel_p2_ind[1]:
 0.00000000000
# sel_p2_ind[2]:
 0.00000000000
# logsel_p3_ind[1]:
 0.00000000000
# logsel_p3_ind[2]:
 0.00000000000
