# Number of parameters = 789 Objective function value = 309.716380620936  Maximum gradient component = 6.78205762705562e-05
# Mest[1]:
0.350000000000
# log_Linf[1]:
4.38701417618
# log_k[1]:
-1.83258146375
# log_Lo[1]:
2.75684036527
# log_sdage[1]:
-2.40794560865
# mean_log_rec[1]:
6.84706184972
# steepness[1]:
0.650000000000
# log_Rzero[1]:
6.54297419312
# rec_dev:
 -0.174130813782 -0.225262594471 -0.282045576832 -0.354371619918 -0.424345859576 -0.507940806933 -0.586329167914 -0.657109970493 -0.682203637218 -0.400971457662 0.0129064946880 0.535229248109 0.598421378167 0.763116965889 1.19185873445 0.994695288012 0.838861328178 0.731087723807 0.832236706511 0.857248766837 0.835124855135 0.882280902082 1.33583824565 0.981802779012 1.59735623692 0.636088257109 0.544692213418 0.613465581737 -0.0483356898520 -0.275012825857 -0.0973858794353 -0.418911887106 -0.0698789898425 0.0999434925867 -0.0510210512222 -0.209081643838 -0.352329609347 -0.215593844833 -0.639845249669 -0.702295505474 -1.01543488810 -1.38482593380 -1.45862484787 -0.993431045458 0.144382432170 -0.410694889420 0.491417142263 -0.355274009865 -0.104152204895 2.13646345060e-09
# log_sigmar[1]:
-0.223143551314
# fmort:
 -13.6206629232 -13.7848163301 -2.30534340718 -1.83985693925 -1.69972118107 -2.29848240242 -1.95987117759 -1.65488024983 -2.67719088321 -2.81537460476 -1.90658307819 -1.25632311825 -3.24422327932 -1.60620660263 -1.44634125946 -2.63349842786 -2.17816311138 -2.27606324866 -5.05281469798 -5.27498229901 -4.71741526604 -9.33342467750 -10.6367932454 -13.3788726675 -7.85108591341 -6.71645508052 -6.63663382815 -6.45620047059 -12.7381539697 -12.5560345429 -12.3350952034 -12.2676787702 -12.6539476289 -13.1402721649 -13.3550018807 -13.5790244369 -13.5455181853
 -2.30873512562 -1.45009779805 -2.14347363989 -2.25865674647 -2.31570753371 -2.12148498880 -2.61236568900 -2.42813974435 -2.71890534410 -2.74293155013 -2.69069487483 -2.55988949381 -2.56193268411 -2.88383918364 -2.45012852891 -2.66869011714 -2.52581851420 -2.33032310656 -1.87695747773 -1.33485794166 -1.08108851150 -0.969247217094 -1.19969220581 -1.20327252113 -1.08086236890 -0.975394956241 -1.20293367443 -1.07743154095 -1.24025393268 -1.57010090429 -1.44223186001 -1.32657555147 -1.73657685116 -1.68970927392 -1.50012150752 -1.81754925585 -2.15365640970
 -13.1589839644 -12.9215240499 -12.7081622351 -12.8021856360 -12.8114492072 -12.5848854180 -12.7894472240 -12.7948946434 -12.7916151943 -12.9316585479 -13.0016371796 -12.9353356914 -12.6568821211 -12.8593020520 -12.7815245574 -12.7072029829 -2.82297856197 -2.30073658159 -1.26033817657 -2.22612294336 -1.62775548151 -2.23008949938 -1.97357343810 -2.05567326187 -2.47269732114 -1.92287374881 -1.24109294138 -1.22743087605 -1.66844357721 -2.35269461074 -2.61378576581 -2.90007384422 -2.74814206513 -2.64741824436 -3.73216382543 -4.00794488582 -4.25599958279
# log_selcoffs_fsh[1]:
 -1.41961690962 -0.0949260179685 0.346403171229 0.246385979325 0.120584301939 0.0268672212984
 -1.65961303532 0.170458763964 0.469533252029 0.165130425504 -0.0387167311291 -0.124293070756
 -1.97785782309 -0.434788026367 0.780870361363 0.254540561070 -0.0148520175543 -0.280065260533
 -2.05799579697 -0.411352042860 0.530819888296 0.573446651299 -0.00965950148683 -0.295107204062
 -2.00748843886 -0.0104688676920 0.753226619287 0.272065625467 -0.241613824197 -0.424320313382
 -2.03956721576 -0.291685350484 0.754204340204 0.468793764224 -0.257381104710 -0.468639554607
# log_selcoffs_fsh[2]:
 -5.43427787877 -4.18189219460 -2.96561754966 -1.84216152578 -0.870623093511 -0.108614145968 0.410752617870 0.717473149287 0.869169676194 0.921264454234
 -5.55589380282 -4.25819722871 -2.98350926987 -1.82583326367 -0.770642956537 0.0855439947952 0.474053372443 0.677574083279 0.811402675577 0.871968173732
 -5.62471633460 -4.29619322024 -2.99988304586 -1.74699675425 -0.741267698711 0.130548341253 0.478903515934 0.658029287981 0.796436691456 0.867020150516
 -5.66090324706 -4.26484429585 -2.95834435179 -1.72871033824 -0.737373636112 0.0351959311286 0.429210412063 0.680112515501 0.830340288661 0.889788219853
 -5.68053690262 -4.25502613541 -2.93588828662 -1.73472299365 -0.699499201042 0.0420238235039 0.384625079683 0.648076483381 0.839277878416 0.923262958475
 -5.70416830010 -4.24392300147 -2.90056648238 -1.70892440854 -0.700013712780 -0.0584647961863 0.341525667111 0.656127908232 0.874404488560 0.945701680867
 -5.71138370865 -4.19601792047 -2.77752646789 -1.67019132223 -0.811701710494 -0.211916101343 0.272942120987 0.651111031921 0.940871917502 0.987453569625
 -5.72866812407 -4.25626194293 -2.83240998055 -1.70382120614 -0.847051214305 -0.268980981362 0.260319167343 0.686940942486 0.933683667055 1.00064958164
 -5.72112055192 -4.30888642107 -2.99117978071 -1.77173783814 -0.865883913814 -0.284480151099 0.282361490422 0.708961486111 0.934529664901 0.987968024407
 -5.69254291500 -4.31550635383 -3.04089554351 -1.79973421248 -0.878403288763 -0.247955651391 0.346886746057 0.711655794699 0.891046410744 0.987530473180
 -5.63071047960 -4.33119522114 -3.05343348404 -1.78090928073 -0.886769209337 -0.246197836977 0.250803360307 0.641416323589 0.921943163925 1.05620266433
 -5.58618506463 -4.29545032804 -3.08049056470 -1.81930511622 -0.677280462600 -0.130278355504 0.246891320069 0.589072313230 0.894543429707 1.05086468641
 -5.52946639322 -4.16841930825 -2.92686522894 -1.79217246059 -0.832935199586 -0.104696296760 0.254560950940 0.611574536244 0.887145836773 1.05208214792
 -5.45017451006 -3.94732586818 -2.66935587651 -1.65793265373 -0.774239612474 -0.209447359005 0.214568819636 0.586171160295 0.894303389585 1.08600951389
 -5.41661214257 -3.93740130167 -2.61097428824 -1.58015280185 -0.749563219519 -0.191976196069 0.186798957331 0.575142349959 0.906451046116 1.07856712306
 -5.41941054025 -3.95038273968 -2.60667967553 -1.53654726504 -0.756360744398 -0.219894477404 0.229685133568 0.606377490749 0.928379133656 1.02713834918
 -5.43146439888 -3.94249690495 -2.54064208041 -1.44381776919 -0.707314904078 -0.242804739459 0.225935109480 0.685262632301 0.926338636214 0.963540132671
 -5.40018652611 -3.85580162636 -2.42014380185 -1.39228418473 -0.736215436984 -0.268059465461 0.203503424201 0.625382085399 0.963944475173 0.984494521994
 -5.39115138089 -3.79170203385 -2.35230915700 -1.24840403218 -0.550535011526 -0.128856263072 0.251762086582 0.631766180044 0.873412903242 0.944972361711
 -5.43696966071 -3.74982769840 -2.22174450888 -1.11176854820 -0.329470598078 0.0802100532902 0.322661472801 0.655355327028 0.816635656352 0.771224113695
 -5.42720778553 -3.64707037761 -2.03007181391 -0.925535226814 -0.231971202913 0.157846281047 0.389664985897 0.595835862827 0.770018104674 0.706605412923
 -5.41571547700 -3.56634204217 -1.82548228352 -0.702021936551 -0.117745669159 0.196032220898 0.422905747475 0.577061797927 0.683590144273 0.650719042020
 -5.40255611536 -3.52561106795 -1.75354160300 -0.568203398365 -0.00696317969484 0.242629878102 0.432868459002 0.556382239872 0.616556815149 0.598912914619
 -5.34849232694 -3.48610991971 -1.81896470614 -0.726333882417 -0.127678501268 0.181836539899 0.419287646185 0.583423664865 0.703522049280 0.644638786951
 -5.29598672392 -3.40116631702 -1.67823448548 -0.578403806828 -0.0874651247978 0.169207572873 0.341030437256 0.525636592591 0.671325806822 0.722113414898
 -5.27783132311 -3.33311322907 -1.63215850336 -0.473666663302 -0.0313210697218 0.183338746656 0.299511466828 0.470018225450 0.629303460857 0.763177347230
 -5.29557781108 -3.29688688843 -1.55155187045 -0.449586968652 0.0780098567807 0.235470565706 0.292556714638 0.386311300814 0.561173746958 0.787284090834
 -5.50023192474 -3.48006018320 -1.61105808590 -0.201466727157 0.430445485311 0.557896503715 0.381341064349 0.248026189523 0.286046415885 0.461259704630
 -5.60929907202 -3.57579001649 -1.68652575399 -0.268484907858 0.479910500987 0.549990793912 0.467086823011 0.277056559856 0.236358739480 0.397613081885
 -5.66784390611 -3.63371171743 -1.85870729013 -0.534383247668 0.236672531865 0.551911366946 0.468306857718 0.418204931851 0.377207109584 0.500715452511
 -5.61858686501 -3.64048295158 -2.07675654029 -0.953128733865 -0.133431492397 0.251506378879 0.392820310737 0.494436430679 0.635112179742 0.828662351727
 -5.53538957327 -3.78775823471 -2.23683443320 -1.21593234969 -0.589738381370 -0.178755108669 0.0738419992804 0.393980404198 0.805230667077 1.21866709149
 -5.43021916723 -3.88170423136 -2.41221230338 -1.39358584204 -0.940826251108 -0.579045261566 -0.229943715283 0.197517698095 0.824273737537 1.48007749850
 -5.37518102493 -3.86381723597 -2.51720192132 -1.53865969609 -1.23463167363 -0.788542064183 -0.383793924203 0.103130262628 0.793733990012 1.59575123735
# log_selcoffs_fsh[3]:
 -5.60714848812 -4.51823619390 -3.47192703453 -2.50752984817 -1.64636735339 -0.896359974617 -0.274215923974 0.224289707324 0.699159848922 1.03544672037 1.23316229380
 -5.65284371763 -4.53988382134 -3.48008809456 -2.50280930753 -1.58904886372 -0.775389812052 -0.141280916306 0.322067022035 0.662335497039 1.01724539502 1.18031806520
 -5.66665214971 -4.37274421288 -3.19095808118 -2.05733218402 -1.03683358139 -0.443949787919 -0.0111839099932 0.298494835433 0.605584889520 0.931691345412 1.13497438901
 -5.64880079278 -3.95826524818 -2.51274277776 -1.58530677412 -0.951685601353 -0.433531498550 -0.0207559152956 0.314244187693 0.618459381034 0.901428829594 1.09503174662
 -5.60670164609 -3.63086938617 -1.91930980335 -1.07347224969 -0.716586644656 -0.461859507523 -0.159886868217 0.166369287724 0.560140883986 0.911345243919 1.12847631069
 -5.63094385073 -3.67932443489 -1.76668245380 -0.749289714016 -0.497688743023 -0.466561387366 -0.218203167948 0.144992054472 0.551926482122 0.878233874191 1.09502287841
 -5.62906621861 -3.83229242372 -2.06810678501 -0.637384499756 -0.169594926319 -0.121875796422 -0.0873308377865 0.151846523257 0.464604970635 0.773498548296 1.01207665413
 -5.58385526478 -3.86682137986 -2.21501796010 -0.831106611077 -0.00430997618275 0.155843599230 0.0991169162546 0.134315845825 0.361279199489 0.688686506782 0.952446708954
 -5.47655481688 -3.71341697520 -2.09495936476 -0.868778824346 -0.144221966947 0.144654150247 0.149863624080 0.174240616011 0.347840784356 0.684847943595 0.976841305038
 -5.35144805916 -3.36472695306 -1.53786244847 -0.701230275098 -0.328923019147 -0.234813716212 -0.148479753750 0.0768404135162 0.432493677654 0.818134340297 1.09534205069
 -5.26909080404 -3.08901192202 -1.47163199750 -0.714063434567 -0.570433917618 -0.512860207775 -0.315143520036 0.0511244416849 0.498026435157 0.898419713362 1.15773465415
 -5.45961181958 -3.47599414546 -1.78799968880 -1.11166908819 -0.697425789245 -0.505713677741 -0.263844010612 0.184419337168 0.609254096671 0.933235853116 1.10365732600
 -5.75898221365 -4.03820021515 -2.48715635078 -1.21149149608 -0.635516757872 -0.369149824039 -0.0636223475414 0.284942755769 0.617052835125 0.892357015112 1.03494635318
 -6.10008231776 -4.40485429879 -2.80032094000 -1.38758494455 -0.557436373382 -0.304448634514 -0.0283557712834 0.390424603860 0.639695812640 0.847002881303 0.988301162241
 -6.45401697800 -4.67172876585 -2.93800438743 -1.55129861404 -0.704127655568 -0.306868940529 0.118472012021 0.431083769573 0.692114220807 0.852648471373 0.910414514581
 -6.72011505687 -4.90228785387 -2.98069477228 -1.34287708818 -0.622879627336 -0.231914307830 0.151207210514 0.473615774535 0.652315393272 0.803437355087 0.887021986641
 -6.86730924190 -5.04342949479 -3.12468374227 -1.30084514796 -0.410901004506 -0.0608825117535 0.164316267637 0.404120245207 0.591450766010 0.759078385479 0.897223448156
 -6.89832157169 -5.16902433394 -3.46449620505 -1.92400453964 -0.825887427992 -0.0464566662412 0.349663316991 0.532027463957 0.643346036190 0.755509584561 0.820235667078
 -6.94775963624 -5.42038473485 -3.99694579022 -2.58545557111 -1.37787770185 -0.000530404196771 0.655432586516 0.697336961280 0.655738443552 0.640652186971 0.636916575237
# log_sel_spl_fsh[1]:
 0.00000000000 0.00000000000 0.00000000000 0.00000000000
 0.00000000000 0.00000000000 0.00000000000 0.00000000000
 0.00000000000 0.00000000000 0.00000000000 0.00000000000
 0.00000000000 0.00000000000 0.00000000000 0.00000000000
 0.00000000000 0.00000000000 0.00000000000 0.00000000000
 0.00000000000 0.00000000000 0.00000000000 0.00000000000
# log_sel_spl_fsh[2]:
 0.00000000000 0.00000000000 0.00000000000 0.00000000000
 0.00000000000 0.00000000000 0.00000000000 0.00000000000
 0.00000000000 0.00000000000 0.00000000000 0.00000000000
 0.00000000000 0.00000000000 0.00000000000 0.00000000000
 0.00000000000 0.00000000000 0.00000000000 0.00000000000
 0.00000000000 0.00000000000 0.00000000000 0.00000000000
 0.00000000000 0.00000000000 0.00000000000 0.00000000000
 0.00000000000 0.00000000000 0.00000000000 0.00000000000
 0.00000000000 0.00000000000 0.00000000000 0.00000000000
 0.00000000000 0.00000000000 0.00000000000 0.00000000000
 0.00000000000 0.00000000000 0.00000000000 0.00000000000
 0.00000000000 0.00000000000 0.00000000000 0.00000000000
 0.00000000000 0.00000000000 0.00000000000 0.00000000000
 0.00000000000 0.00000000000 0.00000000000 0.00000000000
 0.00000000000 0.00000000000 0.00000000000 0.00000000000
 0.00000000000 0.00000000000 0.00000000000 0.00000000000
 0.00000000000 0.00000000000 0.00000000000 0.00000000000
 0.00000000000 0.00000000000 0.00000000000 0.00000000000
 0.00000000000 0.00000000000 0.00000000000 0.00000000000
 0.00000000000 0.00000000000 0.00000000000 0.00000000000
 0.00000000000 0.00000000000 0.00000000000 0.00000000000
 0.00000000000 0.00000000000 0.00000000000 0.00000000000
 0.00000000000 0.00000000000 0.00000000000 0.00000000000
 0.00000000000 0.00000000000 0.00000000000 0.00000000000
 0.00000000000 0.00000000000 0.00000000000 0.00000000000
 0.00000000000 0.00000000000 0.00000000000 0.00000000000
 0.00000000000 0.00000000000 0.00000000000 0.00000000000
 0.00000000000 0.00000000000 0.00000000000 0.00000000000
 0.00000000000 0.00000000000 0.00000000000 0.00000000000
 0.00000000000 0.00000000000 0.00000000000 0.00000000000
 0.00000000000 0.00000000000 0.00000000000 0.00000000000
 0.00000000000 0.00000000000 0.00000000000 0.00000000000
 0.00000000000 0.00000000000 0.00000000000 0.00000000000
 0.00000000000 0.00000000000 0.00000000000 0.00000000000
# log_sel_spl_fsh[3]:
 0.00000000000 0.00000000000 0.00000000000 0.00000000000
 0.00000000000 0.00000000000 0.00000000000 0.00000000000
 0.00000000000 0.00000000000 0.00000000000 0.00000000000
 0.00000000000 0.00000000000 0.00000000000 0.00000000000
 0.00000000000 0.00000000000 0.00000000000 0.00000000000
 0.00000000000 0.00000000000 0.00000000000 0.00000000000
 0.00000000000 0.00000000000 0.00000000000 0.00000000000
 0.00000000000 0.00000000000 0.00000000000 0.00000000000
 0.00000000000 0.00000000000 0.00000000000 0.00000000000
 0.00000000000 0.00000000000 0.00000000000 0.00000000000
 0.00000000000 0.00000000000 0.00000000000 0.00000000000
 0.00000000000 0.00000000000 0.00000000000 0.00000000000
 0.00000000000 0.00000000000 0.00000000000 0.00000000000
 0.00000000000 0.00000000000 0.00000000000 0.00000000000
 0.00000000000 0.00000000000 0.00000000000 0.00000000000
 0.00000000000 0.00000000000 0.00000000000 0.00000000000
 0.00000000000 0.00000000000 0.00000000000 0.00000000000
 0.00000000000 0.00000000000 0.00000000000 0.00000000000
 0.00000000000 0.00000000000 0.00000000000 0.00000000000
# logsel_slope_fsh[1]:
 0.00000000000 0.00000000000 0.00000000000 0.00000000000 0.00000000000 0.00000000000
# logsel_slope_fsh[2]:
 0.00000000000 0.00000000000 0.00000000000 0.00000000000 0.00000000000 0.00000000000 0.00000000000 0.00000000000 0.00000000000 0.00000000000 0.00000000000 0.00000000000 0.00000000000 0.00000000000 0.00000000000 0.00000000000 0.00000000000 0.00000000000 0.00000000000 0.00000000000 0.00000000000 0.00000000000 0.00000000000 0.00000000000 0.00000000000 0.00000000000 0.00000000000 0.00000000000 0.00000000000 0.00000000000 0.00000000000 0.00000000000 0.00000000000 0.00000000000
# logsel_slope_fsh[3]:
 0.00000000000 0.00000000000 0.00000000000 0.00000000000 0.00000000000 0.00000000000 0.00000000000 0.00000000000 0.00000000000 0.00000000000 0.00000000000 0.00000000000 0.00000000000 0.00000000000 0.00000000000 0.00000000000 0.00000000000 0.00000000000 0.00000000000
# sel50_fsh[1]:
 0.00000000000 0.00000000000 0.00000000000 0.00000000000 0.00000000000 0.00000000000
# sel50_fsh[2]:
 0.00000000000 0.00000000000 0.00000000000 0.00000000000 0.00000000000 0.00000000000 0.00000000000 0.00000000000 0.00000000000 0.00000000000 0.00000000000 0.00000000000 0.00000000000 0.00000000000 0.00000000000 0.00000000000 0.00000000000 0.00000000000 0.00000000000 0.00000000000 0.00000000000 0.00000000000 0.00000000000 0.00000000000 0.00000000000 0.00000000000 0.00000000000 0.00000000000 0.00000000000 0.00000000000 0.00000000000 0.00000000000 0.00000000000 0.00000000000
# sel50_fsh[3]:
 0.00000000000 0.00000000000 0.00000000000 0.00000000000 0.00000000000 0.00000000000 0.00000000000 0.00000000000 0.00000000000 0.00000000000 0.00000000000 0.00000000000 0.00000000000 0.00000000000 0.00000000000 0.00000000000 0.00000000000 0.00000000000 0.00000000000
# logsel_p1_fsh[1]:
 0.00000000000 0.00000000000 0.00000000000 0.00000000000 0.00000000000 0.00000000000
# logsel_p1_fsh[2]:
 0.00000000000 0.00000000000 0.00000000000 0.00000000000 0.00000000000 0.00000000000 0.00000000000 0.00000000000 0.00000000000 0.00000000000 0.00000000000 0.00000000000 0.00000000000 0.00000000000 0.00000000000 0.00000000000 0.00000000000 0.00000000000 0.00000000000 0.00000000000 0.00000000000 0.00000000000 0.00000000000 0.00000000000 0.00000000000 0.00000000000 0.00000000000 0.00000000000 0.00000000000 0.00000000000 0.00000000000 0.00000000000 0.00000000000 0.00000000000
# logsel_p1_fsh[3]:
 0.00000000000 0.00000000000 0.00000000000 0.00000000000 0.00000000000 0.00000000000 0.00000000000 0.00000000000 0.00000000000 0.00000000000 0.00000000000 0.00000000000 0.00000000000 0.00000000000 0.00000000000 0.00000000000 0.00000000000 0.00000000000 0.00000000000
# logsel_p2_fsh[1]:
 0.00000000000 0.00000000000 0.00000000000 0.00000000000 0.00000000000 0.00000000000
# logsel_p2_fsh[2]:
 0.00000000000 0.00000000000 0.00000000000 0.00000000000 0.00000000000 0.00000000000 0.00000000000 0.00000000000 0.00000000000 0.00000000000 0.00000000000 0.00000000000 0.00000000000 0.00000000000 0.00000000000 0.00000000000 0.00000000000 0.00000000000 0.00000000000 0.00000000000 0.00000000000 0.00000000000 0.00000000000 0.00000000000 0.00000000000 0.00000000000 0.00000000000 0.00000000000 0.00000000000 0.00000000000 0.00000000000 0.00000000000 0.00000000000 0.00000000000
# logsel_p2_fsh[3]:
 0.00000000000 0.00000000000 0.00000000000 0.00000000000 0.00000000000 0.00000000000 0.00000000000 0.00000000000 0.00000000000 0.00000000000 0.00000000000 0.00000000000 0.00000000000 0.00000000000 0.00000000000 0.00000000000 0.00000000000 0.00000000000 0.00000000000
# logsel_p3_fsh[1]:
 0.00000000000 0.00000000000 0.00000000000 0.00000000000 0.00000000000 0.00000000000
# logsel_p3_fsh[2]:
 0.00000000000 0.00000000000 0.00000000000 0.00000000000 0.00000000000 0.00000000000 0.00000000000 0.00000000000 0.00000000000 0.00000000000 0.00000000000 0.00000000000 0.00000000000 0.00000000000 0.00000000000 0.00000000000 0.00000000000 0.00000000000 0.00000000000 0.00000000000 0.00000000000 0.00000000000 0.00000000000 0.00000000000 0.00000000000 0.00000000000 0.00000000000 0.00000000000 0.00000000000 0.00000000000 0.00000000000 0.00000000000 0.00000000000 0.00000000000
# logsel_p3_fsh[3]:
 0.00000000000 0.00000000000 0.00000000000 0.00000000000 0.00000000000 0.00000000000 0.00000000000 0.00000000000 0.00000000000 0.00000000000 0.00000000000 0.00000000000 0.00000000000 0.00000000000 0.00000000000 0.00000000000 0.00000000000 0.00000000000 0.00000000000
# rec_dev_future:
 0.00000000000 0.00000000000 0.00000000000 0.00000000000 0.00000000000 0.00000000000 0.00000000000 0.00000000000 0.00000000000 0.00000000000 0.00000000000 0.00000000000 0.00000000000 0.00000000000 0.00000000000 0.00000000000 0.00000000000 0.00000000000 0.00000000000 0.00000000000
# log_q_ind[1]:
-0.287682072452
# log_q_ind[2]:
-6.05495088587
# log_q_power_ind[1]:
0.00000000000
# log_q_power_ind[2]:
0.00000000000
# log_selcoffs_ind[1]:
 -7.62211058242 -3.45072851725 -1.64317591768 -1.25629696881 -1.13917134688 -0.650360606458 -0.132427798394 0.402115602775 0.865772050580 1.36097250641
# log_selcoffs_ind[2]:
 0.00000000000 0.00000000000 0.00000000000 0.00000000000 0.00000000000 0.00000000000 0.00000000000 0.00000000000 0.00000000000 0.00000000000
# logsel_slope_ind[1]:
 0.00000000000
# logsel_slope_ind[2]:
 0.00000000000
# sel50_ind[1]:
 0.00000000000
# sel50_ind[2]:
 0.00000000000
# logsel_p1_ind[1]:
 0.00000000000
# logsel_p1_ind[2]:
 0.00000000000
# sel_p2_ind[1]:
 0.00000000000
# sel_p2_ind[2]:
 0.00000000000
# logsel_p3_ind[1]:
 0.00000000000
# logsel_p3_ind[2]:
 0.00000000000
