# Number of parameters = 639 Objective function value = 172.892977967070  Maximum gradient component = 8.88567090780040e-05
# Mest[1]:
0.350000000000
# log_Linf[1]:
4.38701417618
# log_k[1]:
-1.83258146375
# log_Lo[1]:
2.75684036527
# log_sdage[1]:
-2.40794560865
# mean_log_rec[1]:
7.12451880638
# steepness[1]:
0.650000000000
# log_Rzero[1]:
6.92719529246
# rec_dev:
 -0.187627638224 -0.243872190924 -0.307820064651 -0.387906499988 -0.467051450309 -0.559942759063 -0.645887330649 -0.718904957686 -0.747148874223 -0.477529881875 -0.0830493086274 0.409243706447 0.433761734012 0.547227452264 0.932309422369 0.721610709748 0.561977345791 0.449885931835 0.544709996020 0.571258162590 0.532725634244 0.554510269344 1.00659382251 0.676312890170 1.30521580480 0.356711029271 0.287485152764 0.366272190905 -0.284742760369 -0.488306921654 -0.309865226104 -0.651710006913 -0.326598824775 -0.155685333962 -0.319575490378 -0.461174382917 -0.490979905644 -0.0759426484651 -0.232590348920 0.131191588062 0.0186530419362 -0.197299694211 -0.0899183979853 -1.09722702035e-08
# log_sigmar[1]:
-0.223143551314
# fmort:
 -13.7061466922 -13.8346067691 -2.31633987857 -1.83249921569 -1.69192970545 -2.29373570465 -1.94552647011 -1.62620943476 -2.63349793972 -2.74754900249 -1.80710321064 -1.13616369991 -3.15562437507 -1.54001412270 -1.39681041906 -2.61001426084 -2.16498459245 -2.27734006419 -5.07947804193 -5.30837936406 -4.74716582133 -9.34960778465 -10.6479136085 -13.3928274396 -7.88835433123 -6.85014667885 -6.96213513913 -7.05231905221 -13.6493896620 -13.7144418620 -13.7048054203
 -2.59628129847 -1.78758617650 -2.50544036824 -2.59899265369 -2.62477206966 -2.39276274668 -2.84766244277 -2.62292798701 -2.88528129269 -2.87532813244 -2.78229499940 -2.59798268325 -2.55457891418 -2.84910156284 -2.38563018528 -2.58249082564 -2.42590686239 -2.21542939825 -1.73734143527 -1.17903508316 -0.919428753721 -0.806027231465 -1.03399728737 -1.02648932225 -0.891644916619 -0.761539351554 -0.955522611620 -0.804632805272 -0.985885533742 -1.51250914853 -1.82169712991
 -13.4380291677 -13.2432846110 -13.0522441745 -13.1275245769 -13.1063887306 -12.8129072323 -12.9838067382 -12.9457729121 -12.9318166602 -13.0414446745 -13.0726243719 -12.9581557740 -12.6361769359 -12.8172401236 -12.7197134567 -12.6326139099 -2.74522053580 -2.22132590921 -1.17120595290 -2.12303435270 -1.52717991831 -2.12948256767 -1.88640471439 -1.97640129644 -2.39506188588 -1.83895314954 -1.15467728992 -1.18808261224 -1.73080371596 -2.60717529320 -3.20074147090
# log_selcoffs_fsh[1]:
 -1.42657543933 -0.166262110249 0.257487524496 0.206922725004 0.173306413647 0.182531659387
 -1.69070980042 0.131186347862 0.425852429648 0.142565390225 0.000142389500794 -0.00887382287978
 -2.02424220778 -0.469778526757 0.759723574402 0.244600304054 0.00919854668637 -0.200002788626
 -2.10913311646 -0.448788555583 0.511225178676 0.571070300101 0.0122598703248 -0.235181979678
 -2.06115525654 -0.0463613370662 0.737893462870 0.283606720069 -0.208809970825 -0.375404631908
 -2.10081639701 -0.339157321029 0.732188011860 0.491138482284 -0.218608357727 -0.434118915987
# log_selcoffs_fsh[2]:
 -5.23925444835 -3.99191399068 -2.78375266438 -1.67539585840 -0.728906538461 -0.00365383314101 0.467781772264 0.720465529598 0.822168752933 0.842055873371
 -5.37582140208 -4.07775310730 -2.80766512275 -1.66786274718 -0.638784792370 0.186314829859 0.533225217589 0.683086290621 0.759527244451 0.777043152802
 -5.45880234766 -4.12864250401 -2.83707517116 -1.60087326219 -0.620294532722 0.223996040121 0.537472213445 0.667849512953 0.747577889988 0.768660367207
 -5.50834555665 -4.11062896105 -2.80956535687 -1.59687853892 -0.627752729649 0.122171468522 0.486346338405 0.694552091512 0.789682815198 0.798038726367
 -5.54400867676 -4.11683837367 -2.80368658678 -1.61906108860 -0.604361465485 0.119114644317 0.438908094696 0.665417736991 0.804754009187 0.839728417875
 -5.58505265922 -4.12311377734 -2.78611801796 -1.61111915150 -0.620642310688 0.00642195132828 0.390645625353 0.676934393762 0.848407892359 0.872544147096
 -5.61140473528 -4.09269715456 -2.67996858453 -1.58920450836 -0.748021290418 -0.159451825452 0.315355170563 0.673231964872 0.924907534018 0.927483394449
 -5.65101719236 -4.17228588842 -2.75078094496 -1.63692815978 -0.797267247607 -0.229883234500 0.292198497966 0.705172496160 0.923492846298 0.953892618694
 -5.67048570846 -4.24883926307 -2.92944500019 -1.71934393330 -0.828084732399 -0.256340244935 0.304533468620 0.721862644629 0.927507852741 0.954142206519
 -5.67278087710 -4.28663256346 -3.00702564613 -1.76896885950 -0.854617110642 -0.229373333926 0.362305114315 0.720527918906 0.886491537145 0.964558538688
 -5.64325653856 -4.33439928235 -3.05059988467 -1.77671168149 -0.881669888288 -0.238937056725 0.260655961007 0.648632451535 0.920962062447 1.04481050336
 -5.63110801357 -4.33023199189 -3.10660010850 -1.83961468848 -0.691839516074 -0.137127030696 0.247321227056 0.593839744486 0.898198093213 1.05096553512
 -5.60568858892 -4.23365829837 -2.98145882599 -1.83600815440 -0.866922500518 -0.127438565670 0.244018801814 0.611648799135 0.895672325458 1.06548409384
 -5.55591501952 -4.04031883285 -2.75055744356 -1.72553812836 -0.826187656890 -0.247918601119 0.191543300783 0.578976328885 0.905890878437 1.11480464408
 -5.55052676808 -4.05514364038 -2.71504760513 -1.67018205712 -0.821847933884 -0.245002157797 0.150161583055 0.559562770635 0.919595115123 1.12552742488
 -5.57946956352 -4.08971331704 -2.72971073411 -1.64628283494 -0.849926029100 -0.292574028385 0.180405984615 0.578531299204 0.943383877725 1.09791609936
 -5.61358604806 -4.09722387454 -2.67697913191 -1.56872192875 -0.822677132172 -0.338923373739 0.156086133979 0.642946754007 0.942646543767 1.06921448518
 -5.61661674692 -4.03440917951 -2.57414555603 -1.53420422243 -0.865180429123 -0.382632088955 0.115350680243 0.575515334308 0.982051617006 1.10311534420
 -5.64359705354 -3.99129754781 -2.51682703801 -1.39930818766 -0.687563384299 -0.248392517156 0.153832004907 0.577985295708 0.898320330807 1.08634870975
 -5.73573208738 -3.97900406563 -2.40115550026 -1.27151961397 -0.478250894218 -0.0451975041544 0.231562134669 0.608074559308 0.861384879299 0.942924477594
 -5.78122383381 -3.91542036323 -2.22685605078 -1.09160407047 -0.386944901915 0.0180067796087 0.286336378901 0.554430570616 0.832395881881 0.902122978006
 -5.83739737164 -3.89800344512 -2.05861461628 -0.871629933049 -0.263860958050 0.0652271965045 0.322689195410 0.540628753628 0.756826663724 0.861198961936
 -5.89907565857 -3.95049349559 -2.06353175519 -0.763849397363 -0.142213480634 0.126124037529 0.349596459574 0.532794902738 0.695907221028 0.813402544749
 -5.91464393872 -4.03213187159 -2.25890520005 -1.00598767060 -0.296209603507 0.0603383071063 0.337035244310 0.571549828619 0.787881351218 0.847179516982
 -5.90663649348 -4.07732572833 -2.31109709677 -1.03352364847 -0.360695328957 0.0271638940488 0.289862315905 0.556994794747 0.790771289348 0.921849441636
 -5.89000849667 -4.12442370211 -2.47928463282 -1.20578013659 -0.518484584822 -0.0503506495979 0.279512605331 0.587892524191 0.818913981437 0.978615438775
 -5.84159290482 -4.11913734204 -2.56779011020 -1.41864785925 -0.711743509863 -0.210707772198 0.213476988960 0.586763805299 0.879507959473 1.07002223126
 -5.89505986223 -4.18876387678 -2.58995539070 -1.30677477073 -0.522572259147 -0.0574385758800 0.306027089536 0.593435675537 0.826648745710 0.972796473049
# log_selcoffs_fsh[3]:
 -5.77767576565 -4.66845259964 -3.60068651430 -2.61092895659 -1.71947515776 -0.935697207480 -0.280388978573 0.235282012742 0.709719286153 1.03805920853 1.23470561174
 -5.82063497034 -4.68745701725 -3.60918121821 -2.61183388401 -1.67417671177 -0.831169145876 -0.162751352220 0.333453536570 0.668064872336 1.02666718423 1.18679414129
 -5.82875415900 -4.51077665602 -3.31331609912 -2.17037141479 -1.13771773478 -0.526765923305 -0.0626794096243 0.284494430680 0.620934972746 0.954935945810 1.16220377550
 -5.81783165959 -4.08782316330 -2.62132928584 -1.69131559747 -1.05333069215 -0.520110357366 -0.0835888716619 0.285509462527 0.621707418501 0.933200457930 1.13945047762
 -5.79864344107 -3.75770262487 -2.01038905969 -1.16710542443 -0.822608574612 -0.565514737854 -0.243716409824 0.113531113726 0.550074099884 0.946545106903 1.19603122276
 -5.88008259462 -3.82936186682 -1.85363346038 -0.825234501436 -0.588584229144 -0.569120518160 -0.311490396700 0.0834641017723 0.536746414564 0.916096051116 1.17254413546
 -5.96366900435 -4.03430377081 -2.16867350849 -0.703196538840 -0.241685599984 -0.212528798872 -0.180959131244 0.0843864444699 0.447391533460 0.818104240128 1.10645373925
 -6.03280600549 -4.16428993645 -2.37204810072 -0.908208836808 -0.0709345569151 0.0787361861813 0.0198401633889 0.0757419347088 0.350136700800 0.738287324650 1.05143348359
 -6.05223981621 -4.15867110275 -2.37675744316 -1.00643035805 -0.219957390972 0.0785781019379 0.0940145685832 0.144929348313 0.352445032053 0.731493884636 1.05920861195
 -6.03585261836 -3.99652470527 -2.04193522403 -0.996318318672 -0.464106636433 -0.279280757095 -0.146383781550 0.109414379659 0.480344431865 0.863292516602 1.14044345433
 -5.99262967928 -3.89756133079 -2.21800344191 -1.28481869324 -0.888240374749 -0.615881828552 -0.259825668054 0.188538474314 0.634608209883 0.966960099898 1.14589376310
 -6.10044078665 -4.31670097260 -2.71328227620 -1.89165301932 -1.28034402110 -0.803224580096 -0.282239078569 0.368492162581 0.836880134018 1.02207641773 1.01294251994
 -6.16860375238 -4.68191104505 -3.31517539748 -2.08013873082 -1.35968518703 -0.863003529366 -0.205071238802 0.432008394740 0.887742750130 1.03221841600 0.938797994760
# log_sel_spl_fsh[1]:
 0.00000000000 0.00000000000 0.00000000000 0.00000000000
 0.00000000000 0.00000000000 0.00000000000 0.00000000000
 0.00000000000 0.00000000000 0.00000000000 0.00000000000
 0.00000000000 0.00000000000 0.00000000000 0.00000000000
 0.00000000000 0.00000000000 0.00000000000 0.00000000000
 0.00000000000 0.00000000000 0.00000000000 0.00000000000
# log_sel_spl_fsh[2]:
 0.00000000000 0.00000000000 0.00000000000 0.00000000000
 0.00000000000 0.00000000000 0.00000000000 0.00000000000
 0.00000000000 0.00000000000 0.00000000000 0.00000000000
 0.00000000000 0.00000000000 0.00000000000 0.00000000000
 0.00000000000 0.00000000000 0.00000000000 0.00000000000
 0.00000000000 0.00000000000 0.00000000000 0.00000000000
 0.00000000000 0.00000000000 0.00000000000 0.00000000000
 0.00000000000 0.00000000000 0.00000000000 0.00000000000
 0.00000000000 0.00000000000 0.00000000000 0.00000000000
 0.00000000000 0.00000000000 0.00000000000 0.00000000000
 0.00000000000 0.00000000000 0.00000000000 0.00000000000
 0.00000000000 0.00000000000 0.00000000000 0.00000000000
 0.00000000000 0.00000000000 0.00000000000 0.00000000000
 0.00000000000 0.00000000000 0.00000000000 0.00000000000
 0.00000000000 0.00000000000 0.00000000000 0.00000000000
 0.00000000000 0.00000000000 0.00000000000 0.00000000000
 0.00000000000 0.00000000000 0.00000000000 0.00000000000
 0.00000000000 0.00000000000 0.00000000000 0.00000000000
 0.00000000000 0.00000000000 0.00000000000 0.00000000000
 0.00000000000 0.00000000000 0.00000000000 0.00000000000
 0.00000000000 0.00000000000 0.00000000000 0.00000000000
 0.00000000000 0.00000000000 0.00000000000 0.00000000000
 0.00000000000 0.00000000000 0.00000000000 0.00000000000
 0.00000000000 0.00000000000 0.00000000000 0.00000000000
 0.00000000000 0.00000000000 0.00000000000 0.00000000000
 0.00000000000 0.00000000000 0.00000000000 0.00000000000
 0.00000000000 0.00000000000 0.00000000000 0.00000000000
 0.00000000000 0.00000000000 0.00000000000 0.00000000000
# log_sel_spl_fsh[3]:
 0.00000000000 0.00000000000 0.00000000000 0.00000000000
 0.00000000000 0.00000000000 0.00000000000 0.00000000000
 0.00000000000 0.00000000000 0.00000000000 0.00000000000
 0.00000000000 0.00000000000 0.00000000000 0.00000000000
 0.00000000000 0.00000000000 0.00000000000 0.00000000000
 0.00000000000 0.00000000000 0.00000000000 0.00000000000
 0.00000000000 0.00000000000 0.00000000000 0.00000000000
 0.00000000000 0.00000000000 0.00000000000 0.00000000000
 0.00000000000 0.00000000000 0.00000000000 0.00000000000
 0.00000000000 0.00000000000 0.00000000000 0.00000000000
 0.00000000000 0.00000000000 0.00000000000 0.00000000000
 0.00000000000 0.00000000000 0.00000000000 0.00000000000
 0.00000000000 0.00000000000 0.00000000000 0.00000000000
# logsel_slope_fsh[1]:
 0.00000000000 0.00000000000 0.00000000000 0.00000000000 0.00000000000 0.00000000000
# logsel_slope_fsh[2]:
 0.00000000000 0.00000000000 0.00000000000 0.00000000000 0.00000000000 0.00000000000 0.00000000000 0.00000000000 0.00000000000 0.00000000000 0.00000000000 0.00000000000 0.00000000000 0.00000000000 0.00000000000 0.00000000000 0.00000000000 0.00000000000 0.00000000000 0.00000000000 0.00000000000 0.00000000000 0.00000000000 0.00000000000 0.00000000000 0.00000000000 0.00000000000 0.00000000000
# logsel_slope_fsh[3]:
 0.00000000000 0.00000000000 0.00000000000 0.00000000000 0.00000000000 0.00000000000 0.00000000000 0.00000000000 0.00000000000 0.00000000000 0.00000000000 0.00000000000 0.00000000000
# sel50_fsh[1]:
 0.00000000000 0.00000000000 0.00000000000 0.00000000000 0.00000000000 0.00000000000
# sel50_fsh[2]:
 0.00000000000 0.00000000000 0.00000000000 0.00000000000 0.00000000000 0.00000000000 0.00000000000 0.00000000000 0.00000000000 0.00000000000 0.00000000000 0.00000000000 0.00000000000 0.00000000000 0.00000000000 0.00000000000 0.00000000000 0.00000000000 0.00000000000 0.00000000000 0.00000000000 0.00000000000 0.00000000000 0.00000000000 0.00000000000 0.00000000000 0.00000000000 0.00000000000
# sel50_fsh[3]:
 0.00000000000 0.00000000000 0.00000000000 0.00000000000 0.00000000000 0.00000000000 0.00000000000 0.00000000000 0.00000000000 0.00000000000 0.00000000000 0.00000000000 0.00000000000
# logsel_p1_fsh[1]:
 0.00000000000 0.00000000000 0.00000000000 0.00000000000 0.00000000000 0.00000000000
# logsel_p1_fsh[2]:
 0.00000000000 0.00000000000 0.00000000000 0.00000000000 0.00000000000 0.00000000000 0.00000000000 0.00000000000 0.00000000000 0.00000000000 0.00000000000 0.00000000000 0.00000000000 0.00000000000 0.00000000000 0.00000000000 0.00000000000 0.00000000000 0.00000000000 0.00000000000 0.00000000000 0.00000000000 0.00000000000 0.00000000000 0.00000000000 0.00000000000 0.00000000000 0.00000000000
# logsel_p1_fsh[3]:
 0.00000000000 0.00000000000 0.00000000000 0.00000000000 0.00000000000 0.00000000000 0.00000000000 0.00000000000 0.00000000000 0.00000000000 0.00000000000 0.00000000000 0.00000000000
# logsel_p2_fsh[1]:
 0.00000000000 0.00000000000 0.00000000000 0.00000000000 0.00000000000 0.00000000000
# logsel_p2_fsh[2]:
 0.00000000000 0.00000000000 0.00000000000 0.00000000000 0.00000000000 0.00000000000 0.00000000000 0.00000000000 0.00000000000 0.00000000000 0.00000000000 0.00000000000 0.00000000000 0.00000000000 0.00000000000 0.00000000000 0.00000000000 0.00000000000 0.00000000000 0.00000000000 0.00000000000 0.00000000000 0.00000000000 0.00000000000 0.00000000000 0.00000000000 0.00000000000 0.00000000000
# logsel_p2_fsh[3]:
 0.00000000000 0.00000000000 0.00000000000 0.00000000000 0.00000000000 0.00000000000 0.00000000000 0.00000000000 0.00000000000 0.00000000000 0.00000000000 0.00000000000 0.00000000000
# logsel_p3_fsh[1]:
 0.00000000000 0.00000000000 0.00000000000 0.00000000000 0.00000000000 0.00000000000
# logsel_p3_fsh[2]:
 0.00000000000 0.00000000000 0.00000000000 0.00000000000 0.00000000000 0.00000000000 0.00000000000 0.00000000000 0.00000000000 0.00000000000 0.00000000000 0.00000000000 0.00000000000 0.00000000000 0.00000000000 0.00000000000 0.00000000000 0.00000000000 0.00000000000 0.00000000000 0.00000000000 0.00000000000 0.00000000000 0.00000000000 0.00000000000 0.00000000000 0.00000000000 0.00000000000
# logsel_p3_fsh[3]:
 0.00000000000 0.00000000000 0.00000000000 0.00000000000 0.00000000000 0.00000000000 0.00000000000 0.00000000000 0.00000000000 0.00000000000 0.00000000000 0.00000000000 0.00000000000
# rec_dev_future:
 0.00000000000 0.00000000000 0.00000000000 0.00000000000 0.00000000000 0.00000000000 0.00000000000 0.00000000000 0.00000000000 0.00000000000 0.00000000000 0.00000000000 0.00000000000 0.00000000000 0.00000000000 0.00000000000 0.00000000000 0.00000000000 0.00000000000 0.00000000000
# log_q_ind[1]:
-0.287682072452
# log_q_ind[2]:
-5.86925538784
# log_q_power_ind[1]:
0.00000000000
# log_q_power_ind[2]:
0.00000000000
# log_selcoffs_ind[1]:
 -8.85078196715 -4.57117882112 -2.33308561434 -1.79299323205 -1.42533663941 -0.878588391519 -0.330156274344 0.395810383922 0.917867036545 1.47291110610
# log_selcoffs_ind[2]:
 0.00000000000 0.00000000000 0.00000000000 0.00000000000 0.00000000000 0.00000000000 0.00000000000 0.00000000000 0.00000000000 0.00000000000
# logsel_slope_ind[1]:
 0.00000000000
# logsel_slope_ind[2]:
 0.00000000000
# sel50_ind[1]:
 0.00000000000
# sel50_ind[2]:
 0.00000000000
# logsel_p1_ind[1]:
 0.00000000000
# logsel_p1_ind[2]:
 0.00000000000
# sel_p2_ind[1]:
 0.00000000000
# sel_p2_ind[2]:
 0.00000000000
# logsel_p3_ind[1]:
 0.00000000000
# logsel_p3_ind[2]:
 0.00000000000
