# Number of parameters = 689 Objective function value = 188.454744572712  Maximum gradient component = 0.000103446547448877
# Mest[1]:
0.350000000000
# log_Linf[1]:
4.38701417618
# log_k[1]:
-1.83258146375
# log_Lo[1]:
2.75684036527
# log_sdage[1]:
-2.40794560865
# mean_log_rec[1]:
7.08571463810
# steepness[1]:
0.650000000000
# log_Rzero[1]:
6.92543203893
# rec_dev:
 -0.185039101107 -0.240484928119 -0.303403317994 -0.382369361291 -0.460182702215 -0.551742498893 -0.636490175947 -0.708779257863 -0.735913031412 -0.463528665260 -0.0652444208031 0.431537516173 0.460362195818 0.578921995743 0.968390066574 0.758774467746 0.598986795475 0.486311976356 0.580821537130 0.605848724580 0.572544507905 0.601829715787 1.05265587340 0.720966881123 1.34777881447 0.399837574020 0.327155385051 0.401686352507 -0.245362495048 -0.455910295065 -0.275555921226 -0.611574133146 -0.286520676670 -0.111368655422 -0.260517508971 -0.418407185394 -0.489415079498 -0.172395974860 -0.340492217442 -0.0616543352342 -0.0329531491177 -0.272478339920 -0.327056610713 -0.0476895229808 -0.0175153862240 9.10715058922e-10
# log_sigmar[1]:
-0.223143551314
# fmort:
 -13.6925489073 -13.8248364383 -2.31075307482 -1.82888494252 -1.68837694049 -2.28965707202 -1.94193522017 -1.62323383747 -2.63175916427 -2.74942282001 -1.81369476372 -1.14631671534 -3.16376926187 -1.54742352551 -1.40416095178 -2.61510324883 -2.16894065535 -2.27996617215 -5.07940332711 -5.30777303508 -4.74699883161 -9.35215859647 -10.6539069370 -13.4018141073 -7.88901569897 -6.81467822697 -6.86894591831 -6.90843431019 -13.4761418131 -13.5607296739 -13.5461896196 -13.5596170554 -13.6741532748
 -2.56547222612 -1.75068812150 -2.46531950915 -2.56035203290 -2.58869372736 -2.36003578113 -2.81835115386 -2.59712773555 -2.86161814857 -2.85520336167 -2.76641153163 -2.58756894713 -2.54948789094 -2.84869202971 -2.39035704526 -2.59312243282 -2.44267743569 -2.24047656989 -1.77511646032 -1.22111433612 -0.965600501323 -0.855515335208 -1.08581709187 -1.08066074990 -0.947834758222 -0.824683428987 -1.02550321432 -0.873524928506 -1.03465626343 -1.46308116446 -1.51243281944 -1.75643490457 -2.72571603505
 -13.4068708559 -13.2032787595 -13.0026146738 -13.0732506603 -13.0499855532 -12.7562947297 -12.9301414427 -12.8951305396 -12.8860020802 -12.9999731195 -13.0351544550 -12.9257817801 -12.6068078962 -12.7910552005 -12.6980804969 -12.6137455534 -2.72785213678 -2.20522162240 -1.15541371324 -2.11049549686 -1.50861368754 -2.10032862469 -1.83853497553 -1.90925960528 -2.30819635395 -1.72294832634 -0.994891399031 -0.975748803269 -1.46477296840 -2.24555222663 -2.67753938731 -3.25430184731 -3.49547652774
# log_selcoffs_fsh[1]:
 -1.42645788472 -0.159917211397 0.265072106698 0.209984780845 0.169651371315 0.170208244734
 -1.68768563613 0.134503452265 0.428955040840 0.143934420462 -0.00277629445666 -0.0167429472398
 -2.01865467448 -0.466481499343 0.760984013938 0.244410779846 0.00734372390512 -0.204150171747
 -2.10135969631 -0.443591171181 0.512689534903 0.569270187906 0.0101101822784 -0.236903244460
 -2.05295694299 -0.0396649729585 0.739719342120 0.279123340305 -0.214475250810 -0.376511392460
 -2.09141434027 -0.331188236367 0.737500030531 0.484480140114 -0.227873875912 -0.433618008928
# log_selcoffs_fsh[2]:
 -5.26067805584 -4.01327558152 -2.80464921119 -1.69489262213 -0.745650658454 -0.0160695506893 0.461149297673 0.720377863393 0.828111684819 0.851861067815
 -5.39543473956 -4.09798451255 -2.82793470659 -1.68656962232 -0.654675813153 0.174245092369 0.526447768624 0.682927250289 0.766209282611 0.788658911526
 -5.47661824775 -4.14731335646 -2.85588018633 -1.61836598946 -0.635124266653 0.212586009249 0.530616193886 0.667177281302 0.754016943373 0.780842410536
 -5.52446426865 -4.12768600612 -2.82674580141 -1.61279691637 -0.641458877274 0.111305740156 0.479453971576 0.693176350844 0.795158739969 0.809619986934
 -5.55817839102 -4.13204208894 -2.81895705051 -1.63308662046 -0.616417972252 0.109235191522 0.432176354596 0.663569182120 0.809465846472 0.850482548804
 -5.59722028218 -4.13649152997 -2.79951454176 -1.62312492072 -0.630850587702 -0.00207326204309 0.384367021438 0.674518744014 0.852032831184 0.882090167454
 -5.62132348164 -4.10450211184 -2.69184733894 -1.59945114630 -0.756386350164 -0.166443992704 0.309845021562 0.670550344444 0.927207307363 0.935356346278
 -5.65802046272 -4.18236731258 -2.76178559345 -1.64600417542 -0.804011525741 -0.235127273242 0.288077668053 0.703003165246 0.925020516930 0.959985986991
 -5.67359527203 -4.25633640041 -2.93929573096 -1.72814307971 -0.833826377280 -0.260102940338 0.301921694026 0.720579058992 0.928647633947 0.958336225338
 -5.67112229329 -4.29015391871 -3.01423675749 -1.77693986993 -0.860356767695 -0.232178981523 0.361040762518 0.720316400149 0.887474940042 0.966948002182
 -5.63577260604 -4.33319382939 -3.05390661822 -1.78218015275 -0.887023389591 -0.241884190814 0.260292769384 0.649533380455 0.922054191877 1.04536166742
 -5.61703619169 -4.32303591870 -3.10519947045 -1.84160343669 -0.695080299634 -0.139888465650 0.247121660286 0.595857530901 0.899754358409 1.04988296839
 -5.58480947981 -4.22003738031 -2.97432671304 -1.83384520605 -0.867171024693 -0.128152938902 0.244181510898 0.614052153810 0.897509042906 1.06224085786
 -5.52840247335 -4.02029044655 -2.73722590430 -1.71789708855 -0.822811463659 -0.245694605467 0.194197014415 0.582686529571 0.907478171201 1.10832723247
 -5.51712378405 -4.02938207934 -2.69572343532 -1.65636834620 -0.813021798636 -0.239485076686 0.155896449089 0.566237324200 0.921696678851 1.11364583241
 -5.54161456095 -4.05960640207 -2.70563113577 -1.62617477359 -0.833986674880 -0.281006146092 0.189609600436 0.589808613376 0.946913014257 1.07698564038
 -5.57383823008 -4.06580980299 -2.65055833796 -1.54414644485 -0.797854064091 -0.318095068738 0.173065805869 0.662300159938 0.947576728497 1.03299867698
 -5.56817179106 -3.99620987790 -2.54202760814 -1.50411575172 -0.837450320261 -0.356151085372 0.136932746489 0.593204100245 0.989438257047 1.06382952354
 -5.58483946976 -3.94597491802 -2.48043912252 -1.36606070278 -0.657402646676 -0.221817073083 0.180912365850 0.598505359104 0.900674646197 1.04375786751
 -5.66554321889 -3.92634841298 -2.36107579308 -1.23731050963 -0.447881683757 -0.0190679311639 0.254332576566 0.629457796120 0.860822726062 0.892385958364
 -5.69543874047 -3.85132333104 -2.18100620495 -1.05410493240 -0.354068854427 0.0479984801139 0.311444162293 0.571905851122 0.827644225349 0.849296274415
 -5.73280197434 -3.81530173420 -2.00182548519 -0.831988216169 -0.232122931031 0.0926602434474 0.346880124380 0.554937590584 0.747754600795 0.809057589337
 -5.77364013351 -3.84064231216 -1.98158421487 -0.715835367979 -0.113632902808 0.148526027464 0.366212852464 0.540861982836 0.685085775296 0.766573315425
 -5.76857790619 -3.88750636274 -2.13508020092 -0.923972279518 -0.256256697170 0.0820157431040 0.346513783197 0.567165633196 0.773656371651 0.813912511878
 -5.74293024827 -3.90020905011 -2.13163813482 -0.890355003519 -0.273454194473 0.0551883328466 0.280067893828 0.526285805910 0.761991651259 0.904835272362
 -5.71247500202 -3.91937419918 -2.25596209643 -0.980164361447 -0.353033486129 0.0207269688367 0.248431848948 0.513394363040 0.766268573033 0.981566661686
 -5.64818094613 -3.90034455273 -2.31169095332 -1.15842483178 -0.462362318309 -0.0748042258837 0.199495202111 0.466285190887 0.786902089401 1.09661662219
 -5.68099028283 -3.95356793699 -2.33802552085 -1.03904409585 -0.296702003650 0.0810343695905 0.254687370276 0.440531465101 0.720252980871 1.02993201876
 -5.59516787640 -3.86242144009 -2.26294578682 -1.09981594538 -0.444534303413 -0.163275416232 0.110183459537 0.398520089516 0.779693742191 1.18200492936
 -5.50197597934 -3.74536568274 -2.19067856979 -1.13381935258 -0.658521825883 -0.342067352221 -0.0803179449931 0.301406411178 0.814909211332 1.32897859648
# log_selcoffs_fsh[3]:
 -5.80351900513 -4.69014621550 -3.62071776404 -2.63428272325 -1.75137945148 -0.978458164205 -0.327727415348 0.201611095018 0.703199489248 1.05247380777 1.25589305851
 -5.84700859802 -4.70836938592 -3.62682828991 -2.63039123430 -1.69741670756 -0.863193177059 -0.201512979253 0.298260182547 0.659163705490 1.04141015782 1.20988008493
 -5.85650223824 -4.53251823009 -3.32974036705 -2.18474609632 -1.15417291460 -0.546743570719 -0.0907003443898 0.254942939615 0.605974375314 0.964013512987 1.18936977764
 -5.84966273980 -4.11409119452 -2.64296696015 -1.71003273114 -1.07309534554 -0.545004216851 -0.111566775772 0.255429355655 0.605722413895 0.943760903971 1.16917339524
 -5.83534994040 -3.79079015584 -2.03961622784 -1.19466790302 -0.849182430415 -0.594946134515 -0.277583836292 0.0823542608647 0.532648848087 0.954399158786 1.22913146059
 -5.91861291146 -3.87088298912 -1.89528080089 -0.865290670026 -0.628949754683 -0.610474229230 -0.355067927391 0.0441602214554 0.517623456512 0.929638826265 1.21524403502
 -5.99925416416 -4.07705807483 -2.22017503861 -0.755973965509 -0.293703200650 -0.266408656979 -0.235292746303 0.0372063708330 0.426433704605 0.840575440064 1.16722477830
 -6.06362832739 -4.19773248005 -2.41893383596 -0.972263474219 -0.137249651322 0.0102039547506 -0.0519833196396 0.0137390483468 0.323873813311 0.771315441747 1.13947671348
 -6.08693482316 -4.17383729546 -2.40163467647 -1.06573529142 -0.309058022595 -0.0193719049013 -0.00930743471127 0.0525722506039 0.310277776710 0.774123240699 1.18023204712
 -6.09578081537 -4.00656921051 -2.03062787589 -1.03234513109 -0.559517940505 -0.425762231954 -0.310953990609 -0.0410806727799 0.397921845964 0.900337313602 1.28805074369
 -6.10555342469 -3.92700695095 -2.20771559861 -1.27324675900 -0.947556729133 -0.759824745443 -0.476772393876 -0.0352424127459 0.495165388610 0.995211469981 1.33514251145
 -6.29057748488 -4.43133943817 -2.74108728137 -1.90159944882 -1.29675715775 -0.903121669854 -0.484965174760 0.106541940206 0.653163385670 1.06031620369 1.26882231566
 -6.45387168492 -4.95147465800 -3.52300400581 -2.18597020384 -1.43648402777 -0.969347211226 -0.416331840416 0.174808631531 0.694480272298 1.07770044047 1.23585423783
 -6.55681697884 -5.16685510107 -3.78801114954 -2.44488230653 -1.52567860935 -1.09677550306 -0.579171219132 0.169210936037 0.724789148052 1.09941739284 1.25864163032
 -6.59228576770 -5.21454830181 -3.81461386291 -2.59497201706 -1.73438147963 -1.23814473509 -0.586652154412 0.0475213967538 0.727426796014 1.16293635467 1.26867867969
# log_sel_spl_fsh[1]:
 0.00000000000 0.00000000000 0.00000000000 0.00000000000
 0.00000000000 0.00000000000 0.00000000000 0.00000000000
 0.00000000000 0.00000000000 0.00000000000 0.00000000000
 0.00000000000 0.00000000000 0.00000000000 0.00000000000
 0.00000000000 0.00000000000 0.00000000000 0.00000000000
 0.00000000000 0.00000000000 0.00000000000 0.00000000000
# log_sel_spl_fsh[2]:
 0.00000000000 0.00000000000 0.00000000000 0.00000000000
 0.00000000000 0.00000000000 0.00000000000 0.00000000000
 0.00000000000 0.00000000000 0.00000000000 0.00000000000
 0.00000000000 0.00000000000 0.00000000000 0.00000000000
 0.00000000000 0.00000000000 0.00000000000 0.00000000000
 0.00000000000 0.00000000000 0.00000000000 0.00000000000
 0.00000000000 0.00000000000 0.00000000000 0.00000000000
 0.00000000000 0.00000000000 0.00000000000 0.00000000000
 0.00000000000 0.00000000000 0.00000000000 0.00000000000
 0.00000000000 0.00000000000 0.00000000000 0.00000000000
 0.00000000000 0.00000000000 0.00000000000 0.00000000000
 0.00000000000 0.00000000000 0.00000000000 0.00000000000
 0.00000000000 0.00000000000 0.00000000000 0.00000000000
 0.00000000000 0.00000000000 0.00000000000 0.00000000000
 0.00000000000 0.00000000000 0.00000000000 0.00000000000
 0.00000000000 0.00000000000 0.00000000000 0.00000000000
 0.00000000000 0.00000000000 0.00000000000 0.00000000000
 0.00000000000 0.00000000000 0.00000000000 0.00000000000
 0.00000000000 0.00000000000 0.00000000000 0.00000000000
 0.00000000000 0.00000000000 0.00000000000 0.00000000000
 0.00000000000 0.00000000000 0.00000000000 0.00000000000
 0.00000000000 0.00000000000 0.00000000000 0.00000000000
 0.00000000000 0.00000000000 0.00000000000 0.00000000000
 0.00000000000 0.00000000000 0.00000000000 0.00000000000
 0.00000000000 0.00000000000 0.00000000000 0.00000000000
 0.00000000000 0.00000000000 0.00000000000 0.00000000000
 0.00000000000 0.00000000000 0.00000000000 0.00000000000
 0.00000000000 0.00000000000 0.00000000000 0.00000000000
 0.00000000000 0.00000000000 0.00000000000 0.00000000000
 0.00000000000 0.00000000000 0.00000000000 0.00000000000
# log_sel_spl_fsh[3]:
 0.00000000000 0.00000000000 0.00000000000 0.00000000000
 0.00000000000 0.00000000000 0.00000000000 0.00000000000
 0.00000000000 0.00000000000 0.00000000000 0.00000000000
 0.00000000000 0.00000000000 0.00000000000 0.00000000000
 0.00000000000 0.00000000000 0.00000000000 0.00000000000
 0.00000000000 0.00000000000 0.00000000000 0.00000000000
 0.00000000000 0.00000000000 0.00000000000 0.00000000000
 0.00000000000 0.00000000000 0.00000000000 0.00000000000
 0.00000000000 0.00000000000 0.00000000000 0.00000000000
 0.00000000000 0.00000000000 0.00000000000 0.00000000000
 0.00000000000 0.00000000000 0.00000000000 0.00000000000
 0.00000000000 0.00000000000 0.00000000000 0.00000000000
 0.00000000000 0.00000000000 0.00000000000 0.00000000000
 0.00000000000 0.00000000000 0.00000000000 0.00000000000
 0.00000000000 0.00000000000 0.00000000000 0.00000000000
# logsel_slope_fsh[1]:
 0.00000000000 0.00000000000 0.00000000000 0.00000000000 0.00000000000 0.00000000000
# logsel_slope_fsh[2]:
 0.00000000000 0.00000000000 0.00000000000 0.00000000000 0.00000000000 0.00000000000 0.00000000000 0.00000000000 0.00000000000 0.00000000000 0.00000000000 0.00000000000 0.00000000000 0.00000000000 0.00000000000 0.00000000000 0.00000000000 0.00000000000 0.00000000000 0.00000000000 0.00000000000 0.00000000000 0.00000000000 0.00000000000 0.00000000000 0.00000000000 0.00000000000 0.00000000000 0.00000000000 0.00000000000
# logsel_slope_fsh[3]:
 0.00000000000 0.00000000000 0.00000000000 0.00000000000 0.00000000000 0.00000000000 0.00000000000 0.00000000000 0.00000000000 0.00000000000 0.00000000000 0.00000000000 0.00000000000 0.00000000000 0.00000000000
# sel50_fsh[1]:
 0.00000000000 0.00000000000 0.00000000000 0.00000000000 0.00000000000 0.00000000000
# sel50_fsh[2]:
 0.00000000000 0.00000000000 0.00000000000 0.00000000000 0.00000000000 0.00000000000 0.00000000000 0.00000000000 0.00000000000 0.00000000000 0.00000000000 0.00000000000 0.00000000000 0.00000000000 0.00000000000 0.00000000000 0.00000000000 0.00000000000 0.00000000000 0.00000000000 0.00000000000 0.00000000000 0.00000000000 0.00000000000 0.00000000000 0.00000000000 0.00000000000 0.00000000000 0.00000000000 0.00000000000
# sel50_fsh[3]:
 0.00000000000 0.00000000000 0.00000000000 0.00000000000 0.00000000000 0.00000000000 0.00000000000 0.00000000000 0.00000000000 0.00000000000 0.00000000000 0.00000000000 0.00000000000 0.00000000000 0.00000000000
# logsel_p1_fsh[1]:
 0.00000000000 0.00000000000 0.00000000000 0.00000000000 0.00000000000 0.00000000000
# logsel_p1_fsh[2]:
 0.00000000000 0.00000000000 0.00000000000 0.00000000000 0.00000000000 0.00000000000 0.00000000000 0.00000000000 0.00000000000 0.00000000000 0.00000000000 0.00000000000 0.00000000000 0.00000000000 0.00000000000 0.00000000000 0.00000000000 0.00000000000 0.00000000000 0.00000000000 0.00000000000 0.00000000000 0.00000000000 0.00000000000 0.00000000000 0.00000000000 0.00000000000 0.00000000000 0.00000000000 0.00000000000
# logsel_p1_fsh[3]:
 0.00000000000 0.00000000000 0.00000000000 0.00000000000 0.00000000000 0.00000000000 0.00000000000 0.00000000000 0.00000000000 0.00000000000 0.00000000000 0.00000000000 0.00000000000 0.00000000000 0.00000000000
# logsel_p2_fsh[1]:
 0.00000000000 0.00000000000 0.00000000000 0.00000000000 0.00000000000 0.00000000000
# logsel_p2_fsh[2]:
 0.00000000000 0.00000000000 0.00000000000 0.00000000000 0.00000000000 0.00000000000 0.00000000000 0.00000000000 0.00000000000 0.00000000000 0.00000000000 0.00000000000 0.00000000000 0.00000000000 0.00000000000 0.00000000000 0.00000000000 0.00000000000 0.00000000000 0.00000000000 0.00000000000 0.00000000000 0.00000000000 0.00000000000 0.00000000000 0.00000000000 0.00000000000 0.00000000000 0.00000000000 0.00000000000
# logsel_p2_fsh[3]:
 0.00000000000 0.00000000000 0.00000000000 0.00000000000 0.00000000000 0.00000000000 0.00000000000 0.00000000000 0.00000000000 0.00000000000 0.00000000000 0.00000000000 0.00000000000 0.00000000000 0.00000000000
# logsel_p3_fsh[1]:
 0.00000000000 0.00000000000 0.00000000000 0.00000000000 0.00000000000 0.00000000000
# logsel_p3_fsh[2]:
 0.00000000000 0.00000000000 0.00000000000 0.00000000000 0.00000000000 0.00000000000 0.00000000000 0.00000000000 0.00000000000 0.00000000000 0.00000000000 0.00000000000 0.00000000000 0.00000000000 0.00000000000 0.00000000000 0.00000000000 0.00000000000 0.00000000000 0.00000000000 0.00000000000 0.00000000000 0.00000000000 0.00000000000 0.00000000000 0.00000000000 0.00000000000 0.00000000000 0.00000000000 0.00000000000
# logsel_p3_fsh[3]:
 0.00000000000 0.00000000000 0.00000000000 0.00000000000 0.00000000000 0.00000000000 0.00000000000 0.00000000000 0.00000000000 0.00000000000 0.00000000000 0.00000000000 0.00000000000 0.00000000000 0.00000000000
# rec_dev_future:
 0.00000000000 0.00000000000 0.00000000000 0.00000000000 0.00000000000 0.00000000000 0.00000000000 0.00000000000 0.00000000000 0.00000000000 0.00000000000 0.00000000000 0.00000000000 0.00000000000 0.00000000000 0.00000000000 0.00000000000 0.00000000000 0.00000000000 0.00000000000
# log_q_ind[1]:
-0.287682072452
# log_q_ind[2]:
-5.93490919043
# log_q_power_ind[1]:
0.00000000000
# log_q_power_ind[2]:
0.00000000000
# log_selcoffs_ind[1]:
 -7.94008363510 -4.47767306567 -2.23983696951 -1.68478162157 -1.37135001425 -0.878172307014 -0.308960273114 0.327315135180 0.890192630159 1.49738170626
# log_selcoffs_ind[2]:
 0.00000000000 0.00000000000 0.00000000000 0.00000000000 0.00000000000 0.00000000000 0.00000000000 0.00000000000 0.00000000000 0.00000000000
# logsel_slope_ind[1]:
 0.00000000000
# logsel_slope_ind[2]:
 0.00000000000
# sel50_ind[1]:
 0.00000000000
# sel50_ind[2]:
 0.00000000000
# logsel_p1_ind[1]:
 0.00000000000
# logsel_p1_ind[2]:
 0.00000000000
# sel_p2_ind[1]:
 0.00000000000
# sel_p2_ind[2]:
 0.00000000000
# logsel_p3_ind[1]:
 0.00000000000
# logsel_p3_ind[2]:
 0.00000000000
