# Number of parameters = 841 Objective function value = 152.937156578896  Maximum gradient component = 3.66581432006343e-05
# Mest[1]:
0.350000000000
# log_Linf[1]:
4.38701417618
# log_k[1]:
-1.83258146375
# log_Lo[1]:
2.75684036527
# log_sdage[1]:
-2.40794560865
# mean_log_rec[1]:
7.16994787760
# steepness[1]:
0.509222806232
# log_Rzero[1]:
7.43202457987
# rec_dev:
 -0.161020213949 -0.212002155304 -0.271964292534 -0.347407825059 -0.422360548661 -0.511262435969 -0.592547216066 -0.658403136424 -0.680561710901 -0.403968305386 -0.0143559820255 0.464883689988 0.471223681794 0.563733930287 0.888201321663 0.676495267588 0.529620052244 0.431324069466 0.523919599907 0.560203067089 0.513545407613 0.495790205275 0.908316621431 0.561984411215 1.21444682397 0.272057252246 0.276835315613 0.390192465021 -0.243641972751 -0.419220283600 -0.268902520016 -0.632335498631 -0.313209979614 -0.143703934475 -0.370187612024 -0.535652536719 -0.575911967070 -0.263659248251 -0.498014287116 -0.209938275019 -0.319123150887 -0.545936248510 -0.574793170290 -0.235316285599 -0.0312497224128 -8.64732641048e-09
# log_sigmar[1]:
-0.223143551314
# fmort:
 -13.8015287340 -13.9198503149 -2.38303216164 -1.88934212117 -1.74956354852 -2.35072326302 -2.00103805226 -1.68358330574 -2.68665368743 -2.78594630795 -1.82235722684 -1.13360673429 -3.14032696110 -1.53527902044 -1.39286957624 -2.62984433957 -2.21665185738 -2.35666607338 -5.18137709863 -5.41409705048 -4.85399692886 -9.44546252737 -10.7372931562 -13.4674478701 -7.93396567864 -6.84986904619 -6.89107837660 -6.90676772617 -13.4319749880 -13.4684688978 -13.4271630015 -13.4367288536 -13.5886252247
 -2.77969351897 -1.99048759304 -2.72240282867 -2.81439166197 -2.83722510554 -2.59507173867 -3.03567665838 -2.79937662973 -3.05588467342 -3.02902280485 -2.91945569063 -2.72548203182 -2.67064247331 -2.94940054771 -2.47399139358 -2.65603825552 -2.48843899649 -2.27064224920 -1.78662886605 -1.21755281577 -0.959853130503 -0.850646315007 -1.09264428122 -1.08131987382 -0.935166381154 -0.826857754602 -1.03757352845 -0.900431978012 -1.05940923566 -1.47165686153 -1.51886233441 -1.75007864625 -2.68003293244
 -13.6334950964 -13.4454961332 -13.2641607738 -13.3391192365 -13.3169565351 -12.9960400231 -13.1497215551 -13.0944965149 -13.0831722650 -13.1719217083 -13.1815459618 -13.0621332036 -12.7258376707 -12.8874450643 -12.7793848075 -12.6720488066 -2.76678270678 -2.22801685568 -1.16545384092 -2.10998922284 -1.51043824309 -2.12489198798 -1.88031853349 -1.95821087223 -2.35565674644 -1.76677097582 -1.04357327407 -1.05086669845 -1.56128677108 -2.34335816165 -2.76161860213 -3.30721228767 -3.49482597672
# log_selcoffs_fsh[1]:
 -1.49623213916 -0.202890205977 0.238206226966 0.218937788460 0.196854162675 0.205686871479
 -1.74979106330 0.118736743210 0.432177384737 0.153474571859 0.00645713702818 -0.0129313928540
 -2.09583887335 -0.486178511722 0.767340982239 0.266170340423 0.00881793495791 -0.230400264259
 -2.20045396899 -0.494898996092 0.523045146959 0.599976679596 0.0201407791368 -0.287634247777
 -2.15051156358 -0.103022170512 0.734193344947 0.340672144729 -0.174907780056 -0.427340479304
 -2.19620671703 -0.405185376340 0.707674442097 0.554249746767 -0.166191130643 -0.502300371258
# log_selcoffs_fsh[2]:
 -5.07860106768 -3.84169219486 -2.64577092057 -1.55395971758 -0.629979747115 0.0660578740553 0.502507790666 0.717828463643 0.785993061619 0.784650177413
 -5.22432853753 -3.93394064084 -2.67301947448 -1.55219585738 -0.546436360938 0.252110592451 0.568519379672 0.682146852795 0.720174126282 0.707993527220
 -5.31496642890 -3.99264997618 -2.70875906877 -1.48434529368 -0.527939730427 0.289699367314 0.573228504252 0.668502512999 0.707814598785 0.694480168328
 -5.37070824864 -3.98256331007 -2.69022843640 -1.48593917285 -0.529694186380 0.192535526320 0.525316664054 0.697499544647 0.751654582363 0.723301927867
 -5.41305071135 -3.99741815268 -2.69554071738 -1.51993918930 -0.512971086055 0.195816330738 0.482859178899 0.671444929585 0.766664895780 0.763414776912
 -5.45907962909 -4.01053928048 -2.68715978008 -1.52401400503 -0.540899621835 0.0778083815853 0.442473624590 0.690864516280 0.814773275535 0.796566764330
 -5.48843947741 -3.98332201787 -2.58666482882 -1.51040382291 -0.679240487185 -0.0970982627304 0.366256348791 0.697763319085 0.900964539081 0.855744905689
 -5.53075808512 -4.06259324542 -2.65722717297 -1.56216285919 -0.736004245419 -0.177694058091 0.335453009251 0.729374792303 0.908526208598 0.887794203992
 -5.55433786013 -4.13725718802 -2.82956721249 -1.63959629909 -0.768193309288 -0.209181709955 0.340612422568 0.741896354097 0.914717338732 0.896159871240
 -5.56500686069 -4.17858789072 -2.90239259407 -1.67874139344 -0.787295067517 -0.182749756749 0.394085963182 0.735072089009 0.872387392598 0.912291817120
 -5.54704047717 -4.23502270209 -2.94786232298 -1.67697875134 -0.799289175418 -0.182895931459 0.292660543477 0.659720537368 0.904793312510 0.998448604178
 -5.55165735163 -4.24916448948 -3.01709350283 -1.74065244077 -0.597699576309 -0.0668172909787 0.285790132213 0.601166536445 0.874951903866 0.999982156603
 -5.54149058535 -4.17528232296 -2.91443025706 -1.74742002885 -0.766816970389 -0.0421506049348 0.296514934565 0.622489859349 0.866456257853 1.00863069896
 -5.50374155579 -4.00562300124 -2.71575357138 -1.66228616710 -0.731478222327 -0.150920543362 0.259195275107 0.601124265099 0.876825217548 1.04992245476
 -5.50472005003 -4.03726594921 -2.71020242508 -1.64369943234 -0.750105418290 -0.148573963879 0.232237925666 0.593499319396 0.894018165770 1.05346870404
 -5.53416640472 -4.08211594299 -2.74479136089 -1.65344906709 -0.815152766658 -0.214794935550 0.264292570284 0.628048866731 0.926147426335 1.01993929334
 -5.56201301987 -4.09244500333 -2.70360166334 -1.59464503329 -0.816596090329 -0.290624553235 0.229068952658 0.700023914446 0.939806948263 0.989195248883
 -5.54568946232 -4.01870007647 -2.59967684692 -1.57256115576 -0.884666171804 -0.372064998985 0.158449161583 0.631704722041 0.996886464599 1.04091588095
 -5.54157113457 -3.95492454224 -2.53168069252 -1.43838050157 -0.724770420551 -0.263170614581 0.168620472468 0.616298113084 0.917943249298 1.05332588600
 -5.59911631256 -3.91913285395 -2.40849567158 -1.31787242309 -0.532003360366 -0.0853562021419 0.225977087922 0.634357611404 0.887375028279 0.934158342813
 -5.60980970907 -3.82380772086 -2.21506823454 -1.13680036523 -0.454891518589 -0.0433206772818 0.255947615025 0.574463396599 0.871626614823 0.913777136707
 -5.63431683603 -3.77225630164 -2.01761559540 -0.906460900399 -0.338335047002 -0.0152550323526 0.279373044345 0.561403751308 0.806927889498 0.884693236759
 -5.66820630916 -3.78729001480 -1.98612481031 -0.792102240804 -0.228567287855 0.0370905027727 0.302526237790 0.559541500809 0.756281560397 0.840199194774
 -5.65508121138 -3.82004508474 -2.11940259972 -0.968182723545 -0.365558150802 -0.0398852295715 0.274887174028 0.574272268349 0.838038762108 0.882088573892
 -5.62032311722 -3.80970239071 -2.08577736404 -0.902169551230 -0.352004578313 -0.0671564932206 0.193030277646 0.524902394059 0.818801007841 0.968884859199
 -5.58117474369 -3.80481101294 -2.16932750035 -0.955046919108 -0.405673698993 -0.0929535695357 0.144171654275 0.491694752557 0.819799929681 1.04272727763
 -5.51344190213 -3.76145926560 -2.19279703650 -1.07615174673 -0.460705498751 -0.142752589058 0.106243069432 0.411430205599 0.801781999862 1.15430715910
 -5.56134110422 -3.81456089114 -2.19226633538 -0.931123859281 -0.250132936515 0.0461850569247 0.178169092737 0.387446644926 0.726252291963 1.06705609284
 -5.49333066324 -3.73127945118 -2.10552745824 -0.940372252609 -0.350343949808 -0.136679425145 0.0602027678268 0.329470874872 0.752875905743 1.19621771475
 -5.41631453664 -3.62604291123 -2.03797869002 -0.960410861279 -0.505028892877 -0.279928095605 -0.0857580906662 0.238438352033 0.762007903105 1.32625923733
# log_selcoffs_fsh[3]:
 -5.82766174068 -4.72984656730 -3.66264182574 -2.65121600304 -1.71776134359 -0.893904235854 -0.232919143791 0.244449783302 0.676234652043 1.01404044058 1.25594698743
 -5.87444474105 -4.75841033377 -3.69075450782 -2.68677743284 -1.72281571034 -0.833966861684 -0.127041122525 0.356017174367 0.669663743193 1.00584508957 1.18983678664
 -5.87318231282 -4.57616902902 -3.39789853128 -2.26754813649 -1.22961188788 -0.594849412407 -0.0850674449443 0.303271430173 0.645115811535 0.962689122841 1.16569805427
 -5.83992223163 -4.13475370128 -2.68957051131 -1.77802639229 -1.15175351782 -0.609504296407 -0.145584312101 0.266271906563 0.636016776674 0.962315531187 1.16571034300
 -5.79251060335 -3.78284746314 -2.06040724601 -1.23626466666 -0.912527801314 -0.671920466546 -0.337142169849 0.0582806318229 0.546380896142 0.981264374380 1.24572376328
 -5.84493687593 -3.82700089659 -1.88844507195 -0.887975845829 -0.676627440648 -0.680349893356 -0.427538031942 0.00206335769938 0.514364041081 0.953662820305 1.24582958888
 -5.90009256224 -4.00151181271 -2.17180734655 -0.752413278021 -0.327996855013 -0.334981475899 -0.315711682389 -0.0197513606861 0.413776637050 0.866045995592 1.21144495475
 -5.94294020323 -4.10400440065 -2.34825088074 -0.935247593637 -0.162603365477 -0.0582041769974 -0.132905562200 -0.0466703796560 0.308458560194 0.798621591802 1.18958236773
 -5.94464544420 -4.06947817583 -2.32997766700 -1.02163313430 -0.318638248037 -0.0926157036692 -0.0946333961356 -0.00461618755858 0.298712653476 0.802353703875 1.22386329054
 -5.93467000212 -3.88436945059 -1.95658320841 -1.00215344060 -0.579591957527 -0.502329333159 -0.398448479264 -0.0908349495573 0.393623915516 0.925889773719 1.31160656520
 -5.92020982067 -3.77156673472 -2.08411129385 -1.21230333549 -0.947972595187 -0.816238383441 -0.561293968095 -0.0958380794516 0.489193642178 1.01293045972 1.35041127592
 -6.08236093927 -4.22975341336 -2.57252923937 -1.76801099612 -1.22998929721 -0.900312237953 -0.531339689019 0.0412755484124 0.612746034130 1.06981777096 1.29393557090
 -6.24647164200 -4.73020287847 -3.30355904662 -2.01159184396 -1.30410921869 -0.907671728123 -0.419282867617 0.132915985523 0.648274242781 1.06451259312 1.26200530204
 -6.36501987821 -4.95022258338 -3.55330446700 -2.21610715557 -1.35814580460 -0.980929295571 -0.540468897161 0.144197168232 0.677349962252 1.07381775910 1.27777987681
 -6.41797635948 -5.01149614968 -3.58793771890 -2.35878287995 -1.51816728918 -1.09902393862 -0.507304015282 0.0473291506917 0.680095621366 1.12873743091 1.28115787392
# log_sel_spl_fsh[1]:
 0.00000000000 0.00000000000 0.00000000000 0.00000000000
 0.00000000000 0.00000000000 0.00000000000 0.00000000000
 0.00000000000 0.00000000000 0.00000000000 0.00000000000
 0.00000000000 0.00000000000 0.00000000000 0.00000000000
 0.00000000000 0.00000000000 0.00000000000 0.00000000000
 0.00000000000 0.00000000000 0.00000000000 0.00000000000
# log_sel_spl_fsh[2]:
 0.00000000000 0.00000000000 0.00000000000 0.00000000000
 0.00000000000 0.00000000000 0.00000000000 0.00000000000
 0.00000000000 0.00000000000 0.00000000000 0.00000000000
 0.00000000000 0.00000000000 0.00000000000 0.00000000000
 0.00000000000 0.00000000000 0.00000000000 0.00000000000
 0.00000000000 0.00000000000 0.00000000000 0.00000000000
 0.00000000000 0.00000000000 0.00000000000 0.00000000000
 0.00000000000 0.00000000000 0.00000000000 0.00000000000
 0.00000000000 0.00000000000 0.00000000000 0.00000000000
 0.00000000000 0.00000000000 0.00000000000 0.00000000000
 0.00000000000 0.00000000000 0.00000000000 0.00000000000
 0.00000000000 0.00000000000 0.00000000000 0.00000000000
 0.00000000000 0.00000000000 0.00000000000 0.00000000000
 0.00000000000 0.00000000000 0.00000000000 0.00000000000
 0.00000000000 0.00000000000 0.00000000000 0.00000000000
 0.00000000000 0.00000000000 0.00000000000 0.00000000000
 0.00000000000 0.00000000000 0.00000000000 0.00000000000
 0.00000000000 0.00000000000 0.00000000000 0.00000000000
 0.00000000000 0.00000000000 0.00000000000 0.00000000000
 0.00000000000 0.00000000000 0.00000000000 0.00000000000
 0.00000000000 0.00000000000 0.00000000000 0.00000000000
 0.00000000000 0.00000000000 0.00000000000 0.00000000000
 0.00000000000 0.00000000000 0.00000000000 0.00000000000
 0.00000000000 0.00000000000 0.00000000000 0.00000000000
 0.00000000000 0.00000000000 0.00000000000 0.00000000000
 0.00000000000 0.00000000000 0.00000000000 0.00000000000
 0.00000000000 0.00000000000 0.00000000000 0.00000000000
 0.00000000000 0.00000000000 0.00000000000 0.00000000000
 0.00000000000 0.00000000000 0.00000000000 0.00000000000
 0.00000000000 0.00000000000 0.00000000000 0.00000000000
# log_sel_spl_fsh[3]:
 0.00000000000 0.00000000000 0.00000000000 0.00000000000
 0.00000000000 0.00000000000 0.00000000000 0.00000000000
 0.00000000000 0.00000000000 0.00000000000 0.00000000000
 0.00000000000 0.00000000000 0.00000000000 0.00000000000
 0.00000000000 0.00000000000 0.00000000000 0.00000000000
 0.00000000000 0.00000000000 0.00000000000 0.00000000000
 0.00000000000 0.00000000000 0.00000000000 0.00000000000
 0.00000000000 0.00000000000 0.00000000000 0.00000000000
 0.00000000000 0.00000000000 0.00000000000 0.00000000000
 0.00000000000 0.00000000000 0.00000000000 0.00000000000
 0.00000000000 0.00000000000 0.00000000000 0.00000000000
 0.00000000000 0.00000000000 0.00000000000 0.00000000000
 0.00000000000 0.00000000000 0.00000000000 0.00000000000
 0.00000000000 0.00000000000 0.00000000000 0.00000000000
 0.00000000000 0.00000000000 0.00000000000 0.00000000000
# logsel_slope_fsh[1]:
 0.00000000000 0.00000000000 0.00000000000 0.00000000000 0.00000000000 0.00000000000
# logsel_slope_fsh[2]:
 0.00000000000 0.00000000000 0.00000000000 0.00000000000 0.00000000000 0.00000000000 0.00000000000 0.00000000000 0.00000000000 0.00000000000 0.00000000000 0.00000000000 0.00000000000 0.00000000000 0.00000000000 0.00000000000 0.00000000000 0.00000000000 0.00000000000 0.00000000000 0.00000000000 0.00000000000 0.00000000000 0.00000000000 0.00000000000 0.00000000000 0.00000000000 0.00000000000 0.00000000000 0.00000000000
# logsel_slope_fsh[3]:
 0.00000000000 0.00000000000 0.00000000000 0.00000000000 0.00000000000 0.00000000000 0.00000000000 0.00000000000 0.00000000000 0.00000000000 0.00000000000 0.00000000000 0.00000000000 0.00000000000 0.00000000000
# sel50_fsh[1]:
 0.00000000000 0.00000000000 0.00000000000 0.00000000000 0.00000000000 0.00000000000
# sel50_fsh[2]:
 0.00000000000 0.00000000000 0.00000000000 0.00000000000 0.00000000000 0.00000000000 0.00000000000 0.00000000000 0.00000000000 0.00000000000 0.00000000000 0.00000000000 0.00000000000 0.00000000000 0.00000000000 0.00000000000 0.00000000000 0.00000000000 0.00000000000 0.00000000000 0.00000000000 0.00000000000 0.00000000000 0.00000000000 0.00000000000 0.00000000000 0.00000000000 0.00000000000 0.00000000000 0.00000000000
# sel50_fsh[3]:
 0.00000000000 0.00000000000 0.00000000000 0.00000000000 0.00000000000 0.00000000000 0.00000000000 0.00000000000 0.00000000000 0.00000000000 0.00000000000 0.00000000000 0.00000000000 0.00000000000 0.00000000000
# logsel_p1_fsh[1]:
 0.00000000000 0.00000000000 0.00000000000 0.00000000000 0.00000000000 0.00000000000
# logsel_p1_fsh[2]:
 0.00000000000 0.00000000000 0.00000000000 0.00000000000 0.00000000000 0.00000000000 0.00000000000 0.00000000000 0.00000000000 0.00000000000 0.00000000000 0.00000000000 0.00000000000 0.00000000000 0.00000000000 0.00000000000 0.00000000000 0.00000000000 0.00000000000 0.00000000000 0.00000000000 0.00000000000 0.00000000000 0.00000000000 0.00000000000 0.00000000000 0.00000000000 0.00000000000 0.00000000000 0.00000000000
# logsel_p1_fsh[3]:
 0.00000000000 0.00000000000 0.00000000000 0.00000000000 0.00000000000 0.00000000000 0.00000000000 0.00000000000 0.00000000000 0.00000000000 0.00000000000 0.00000000000 0.00000000000 0.00000000000 0.00000000000
# logsel_p2_fsh[1]:
 0.00000000000 0.00000000000 0.00000000000 0.00000000000 0.00000000000 0.00000000000
# logsel_p2_fsh[2]:
 0.00000000000 0.00000000000 0.00000000000 0.00000000000 0.00000000000 0.00000000000 0.00000000000 0.00000000000 0.00000000000 0.00000000000 0.00000000000 0.00000000000 0.00000000000 0.00000000000 0.00000000000 0.00000000000 0.00000000000 0.00000000000 0.00000000000 0.00000000000 0.00000000000 0.00000000000 0.00000000000 0.00000000000 0.00000000000 0.00000000000 0.00000000000 0.00000000000 0.00000000000 0.00000000000
# logsel_p2_fsh[3]:
 0.00000000000 0.00000000000 0.00000000000 0.00000000000 0.00000000000 0.00000000000 0.00000000000 0.00000000000 0.00000000000 0.00000000000 0.00000000000 0.00000000000 0.00000000000 0.00000000000 0.00000000000
# logsel_p3_fsh[1]:
 0.00000000000 0.00000000000 0.00000000000 0.00000000000 0.00000000000 0.00000000000
# logsel_p3_fsh[2]:
 0.00000000000 0.00000000000 0.00000000000 0.00000000000 0.00000000000 0.00000000000 0.00000000000 0.00000000000 0.00000000000 0.00000000000 0.00000000000 0.00000000000 0.00000000000 0.00000000000 0.00000000000 0.00000000000 0.00000000000 0.00000000000 0.00000000000 0.00000000000 0.00000000000 0.00000000000 0.00000000000 0.00000000000 0.00000000000 0.00000000000 0.00000000000 0.00000000000 0.00000000000 0.00000000000
# logsel_p3_fsh[3]:
 0.00000000000 0.00000000000 0.00000000000 0.00000000000 0.00000000000 0.00000000000 0.00000000000 0.00000000000 0.00000000000 0.00000000000 0.00000000000 0.00000000000 0.00000000000 0.00000000000 0.00000000000
# rec_dev_future:
 0.00000000000 0.00000000000 0.00000000000 0.00000000000 0.00000000000 0.00000000000 0.00000000000 0.00000000000 0.00000000000 0.00000000000 0.00000000000 0.00000000000 0.00000000000 0.00000000000 0.00000000000 0.00000000000 0.00000000000 0.00000000000 0.00000000000 0.00000000000
# log_q_ind[1]:
-0.401845607375
# log_q_ind[2]:
-5.94760762533
# log_q_power_ind[1]:
0.00000000000
# log_q_power_ind[2]:
0.00000000000
# log_selcoffs_ind[1]:
 -7.80735930169 -5.59567259144 -4.10489886043 -2.67344498671 -1.47959817359 -0.831762410143 0.0374694849547 0.682182493310 0.962351494201 1.28457920993
 -7.80388971733 -5.50006849298 -3.95862786887 -2.54272644009 -1.17892816626 -0.557458964751 0.188750115674 0.467380481738 0.943248164015 1.29353085107
 -7.79816112443 -5.39139862872 -3.79548320893 -2.27824423129 -1.23176265342 -0.369782227843 0.103430739048 0.563499653896 0.920945927799 1.25561356410
 -7.78991273742 -5.31066634237 -3.78282004808 -2.58801335714 -1.66007624727 -0.736825830658 -0.0534506275924 0.515781705944 1.08837006624 1.29078362182
 -7.77824609704 -5.11967994330 -3.48255268881 -2.55945979537 -1.74509926236 -1.15056167450 -0.434056356967 0.566835397062 0.934196056431 1.49036582314
 -7.76215531447 -4.96331751437 -3.43935590407 -2.67680337231 -1.88810394016 -1.16339294615 -0.641093082065 0.248012500596 0.970744806010 1.60539608740
 -7.72668598743 -4.61225799935 -3.00959544620 -2.27377893928 -1.30731115222 -0.668837608231 -0.425843929516 0.273403739258 0.827429757542 1.56850431240
 -7.68089552611 -3.95964595681 -1.52690689681 -1.43781638788 -1.26183599771 -0.951817049247 -0.693626628388 0.0587603628443 0.813916382553 1.61733335805
 -7.63164460390 -3.91942905651 -1.59494719185 -1.18509598472 -1.03600695874 -0.807585377145 -0.618967843491 0.281559697671 0.731988457786 1.55335806484
 -7.59354215324 -4.01950040171 -1.46703831614 -0.713181208949 -0.765701475687 -0.761643611232 -0.615890857371 0.110330049286 0.613872661447 1.57371947628
 -7.55595420508 -4.00179157008 -1.33296074544 -0.768136703528 -0.792203705463 -0.937482656473 -0.700700838939 0.112407677505 0.567270613117 1.61552144604
 -7.51070239417 -4.00327354881 -1.68264233078 -1.20600060823 -1.22198124864 -0.885435871310 -0.529073788865 0.212277916062 0.532958395724 1.65996651782
 -7.45407252029 -3.86028350889 -1.71670528481 -1.20710043942 -1.42159655211 -1.08241141324 -0.743153439950 -0.179005390223 0.416941962981 1.80673100698
 -7.38632536382 -3.88136203604 -1.66980769870 -1.51743091247 -1.17099253445 -0.685714992612 -0.240437556146 0.0732410217602 0.536191158465 1.64589596211
 -7.31029971732 -4.01719537400 -1.69777832361 -1.11479613871 -1.17335733374 -0.692950467124 -0.114470639503 0.0441832919009 0.615647196769 1.58370255985
 -7.22091290885 -3.94630181643 -1.85609655923 -1.21955680487 -0.933255062473 -0.953511962121 -0.0232495270740 -0.103719034990 0.596764322055 1.62036082621
# log_selcoffs_ind[2]:
 0.00000000000 0.00000000000 0.00000000000 0.00000000000 0.00000000000 0.00000000000 0.00000000000 0.00000000000 0.00000000000 0.00000000000
# logsel_slope_ind[1]:
 0.00000000000 0.00000000000 0.00000000000 0.00000000000 0.00000000000 0.00000000000 0.00000000000 0.00000000000 0.00000000000 0.00000000000 0.00000000000 0.00000000000 0.00000000000 0.00000000000 0.00000000000 0.00000000000
# logsel_slope_ind[2]:
 0.00000000000
# sel50_ind[1]:
 0.00000000000 0.00000000000 0.00000000000 0.00000000000 0.00000000000 0.00000000000 0.00000000000 0.00000000000 0.00000000000 0.00000000000 0.00000000000 0.00000000000 0.00000000000 0.00000000000 0.00000000000 0.00000000000
# sel50_ind[2]:
 0.00000000000
# logsel_p1_ind[1]:
 0.00000000000 0.00000000000 0.00000000000 0.00000000000 0.00000000000 0.00000000000 0.00000000000 0.00000000000 0.00000000000 0.00000000000 0.00000000000 0.00000000000 0.00000000000 0.00000000000 0.00000000000 0.00000000000
# logsel_p1_ind[2]:
 0.00000000000
# sel_p2_ind[1]:
 0.00000000000 0.00000000000 0.00000000000 0.00000000000 0.00000000000 0.00000000000 0.00000000000 0.00000000000 0.00000000000 0.00000000000 0.00000000000 0.00000000000 0.00000000000 0.00000000000 0.00000000000 0.00000000000
# sel_p2_ind[2]:
 0.00000000000
# logsel_p3_ind[1]:
 0.00000000000 0.00000000000 0.00000000000 0.00000000000 0.00000000000 0.00000000000 0.00000000000 0.00000000000 0.00000000000 0.00000000000 0.00000000000 0.00000000000 0.00000000000 0.00000000000 0.00000000000 0.00000000000
# logsel_p3_ind[2]:
 0.00000000000
