# Number of parameters = 771 Objective function value = 135.451056259493  Maximum gradient component = 3.92087201446429e-05
# Mest[1]:
0.350000000000
# log_Linf[1]:
4.38701417618
# log_k[1]:
-1.83258146375
# log_Lo[1]:
2.75684036527
# log_sdage[1]:
-2.40794560865
# mean_log_rec[1]:
7.09827972535
# steepness[1]:
0.665659293581
# log_Rzero[1]:
6.90393139451
# rec_dev:
 -0.183940205366 -0.239221351435 -0.302155516810 -0.381124675072 -0.459079442400 -0.550719465041 -0.635181377648 -0.706522443532 -0.733616345930 -0.463248356173 -0.0700236869848 0.422981577088 0.452955798747 0.576464374145 0.969162637163 0.760407064989 0.603471840791 0.497872768947 0.597465615483 0.629222044016 0.585968861001 0.586650461917 1.02705516117 0.658754344100 1.30917344618 0.342763271381 0.352203334298 0.468979061244 -0.191736731636 -0.363641185841 -0.209131158583 -0.580600004292 -0.256959279554 -0.0944171251208 -0.334496514008 -0.480330101769 -0.500554699264 -0.104103588890 -0.337861610602 0.0193408872055 -0.265360827889 -0.327811290107 -0.106910061661 5.55841417338e-09
# log_sigmar[1]:
-0.223143551314
# fmort:
 -13.7230435205 -13.8579857388 -2.34607034239 -1.86693736987 -1.72828065693 -2.33099573302 -1.98653517522 -1.67529836469 -2.68831222467 -2.80045513538 -1.85464885598 -1.17447459958 -3.17490583009 -1.54645514476 -1.39377507835 -2.62844591393 -2.20887997147 -2.34964326638 -5.16676926670 -5.39444245095 -4.83253650953 -9.41763386796 -10.7036666326 -13.4304582259 -7.90220227212 -6.84144241737 -6.92313923790 -6.97606961933 -13.5187191124 -13.5417678724 -13.5462580533
 -2.57840609497 -1.76946141229 -2.49046543975 -2.59217984976 -2.62800932897 -2.40527445041 -2.86761466055 -2.65368493503 -2.92546837011 -2.92009560832 -2.83391986788 -2.66230660396 -2.62592827185 -2.91524669325 -2.44645740193 -2.63067476826 -2.46030585484 -2.23549702286 -1.73712193387 -1.16346781530 -0.900918058582 -0.789277806334 -1.02738645483 -1.01572909603 -0.870691546007 -0.756604342453 -0.959867308500 -0.823879559450 -0.996041273766 -1.48083963757 -1.71960359337
 -13.4183932178 -13.2223278300 -13.0347549753 -13.1203253876 -13.1120217967 -12.8278234237 -13.0054063182 -12.9784099785 -12.9731878095 -13.0844295694 -13.1200276089 -13.0199776921 -12.7046776819 -12.8782876679 -12.7764322733 -12.6759824302 -2.77359330036 -2.23682156834 -1.17203238890 -2.11678699605 -1.52464305159 -2.14728558749 -1.91697410109 -2.00874941584 -2.42021924372 -1.85447884440 -1.16655369996 -1.21229167079 -1.75551696368 -2.59696201430 -3.11906294342
# log_selcoffs_fsh[1]:
 -1.44822372115 -0.149794902002 0.292385645837 0.227439877644 0.156280068503 0.131004650807
 -1.71750095866 0.136877629599 0.452601288446 0.159839973969 -0.0134756433346 -0.0603202096234
 -2.07533477614 -0.480079767733 0.773149534307 0.268093939373 0.00416022625836 -0.251628519982
 -2.18845494746 -0.497654795523 0.516472330776 0.605158541200 0.0224709445497 -0.288238131361
 -2.14227728944 -0.108388487630 0.726760619205 0.342036888769 -0.165251119771 -0.413288662580
 -2.19051460524 -0.415931588464 0.692364580261 0.558425654929 -0.149933355387 -0.475947429058
# log_selcoffs_fsh[2]:
 -5.23665695416 -3.98937025871 -2.78100615488 -1.67213958316 -0.725274470307 -0.000322124296918 0.469964610286 0.720858437287 0.820626807215 0.839159832297
 -5.37302663004 -4.07621031290 -2.80659549734 -1.66506755748 -0.634223716148 0.190590784797 0.535809815357 0.683510477566 0.757430438378 0.772904975925
 -5.45505054998 -4.12636674530 -2.83498962129 -1.59679618942 -0.614004686145 0.229865757648 0.540827058049 0.668272637567 0.744689614422 0.762967550121
 -5.50290264446 -4.10668605967 -2.80559636300 -1.59050572475 -0.619123208321 0.130054569705 0.491004511755 0.695246470990 0.786073703428 0.790700724291
 -5.53616912497 -4.11042944067 -2.79738722263 -1.61061311866 -0.593698918239 0.128870473690 0.445117105875 0.666691588698 0.800347072400 0.830441292858
 -5.57384228773 -4.11294474199 -2.77627767370 -1.59990216376 -0.607883266649 0.0179941324675 0.398186023558 0.679159856389 0.843650434350 0.861547213770
 -5.59613930039 -4.07712706303 -2.66519012071 -1.57430332721 -0.732866583272 -0.146029566571 0.324403875593 0.676291174479 0.920457538773 0.915377062780
 -5.63221208528 -4.14992055241 -2.72850686099 -1.61740449171 -0.779852227438 -0.215353727729 0.302204070038 0.708745616465 0.918764193153 0.940680492530
 -5.64961361990 -4.21951278066 -2.89634554944 -1.69013768838 -0.806371368033 -0.240744437596 0.314296426796 0.725079933242 0.922172309067 0.940241540917
 -5.65261888757 -4.25251379144 -2.96313351788 -1.72479099869 -0.821689048796 -0.210673351434 0.370869887310 0.721476413409 0.879663050745 0.950158118949
 -5.62798289874 -4.30079521436 -3.00070682337 -1.71914022690 -0.831649287822 -0.209262277021 0.270393430619 0.646304655826 0.910991154977 1.03019779159
 -5.62564797681 -4.30760800707 -3.06280038866 -1.77749859228 -0.629464562290 -0.0923423054021 0.264902690178 0.588558035400 0.881127167326 1.03109370721
 -5.60974681180 -4.22808687727 -2.95497216632 -1.78084764765 -0.796219018408 -0.0695903715899 0.274350095793 0.609579726913 0.872535158789 1.03994885848
 -5.56668807728 -4.05356055371 -2.75257118574 -1.69357603448 -0.760970126604 -0.179188719466 0.232430543508 0.584576956478 0.882063245560 1.08392399480
 -5.56284189219 -4.08135486158 -2.74504077319 -1.67542982968 -0.781511788950 -0.180232380563 0.202503900963 0.571727470844 0.898249499699 1.09323920995
 -5.58694798386 -4.12217201781 -2.77739605284 -1.68731501160 -0.852419471623 -0.253135941818 0.227956603315 0.601240354668 0.929480418780 1.07037754413
 -5.60738569014 -4.12617963471 -2.73248837836 -1.62852862814 -0.863009922551 -0.341682374005 0.180646785786 0.660754156559 0.944726715178 1.05782194683
 -5.59279228502 -4.05393461181 -2.62987834628 -1.60681388661 -0.928730618596 -0.426795395810 0.103218248954 0.589466665426 0.996431490475 1.11129738745
 -5.59427598914 -3.99385155130 -2.56341514148 -1.47263119245 -0.766439087700 -0.313887382966 0.112842241179 0.573541578473 0.919494943472 1.12304612897
 -5.66114371504 -3.96383700049 -2.44264502312 -1.35164052468 -0.572673371102 -0.134171766147 0.174351258240 0.598692096037 0.896622772417 1.00496395034
 -5.68358673074 -3.87633866841 -2.25070413692 -1.16767395466 -0.489046220852 -0.0856550993288 0.208981253620 0.539589263036 0.879472890213 0.982446345833
 -5.72312619943 -3.83919165910 -2.06035240174 -0.935069326994 -0.366728950978 -0.0492009847208 0.240119768887 0.531338311445 0.813885709016 0.948175378785
 -5.77456953656 -3.87593508376 -2.04894884448 -0.826485058219 -0.251176965130 0.0114931465684 0.274547391302 0.538503498112 0.763472258370 0.894114996466
 -5.77877122421 -3.93662765065 -2.21443953208 -1.03029260226 -0.395918352280 -0.0587128994579 0.257867907145 0.565518794727 0.846338296727 0.920128567775
 -5.75869153513 -3.95236541001 -2.22422398799 -1.00639078664 -0.415861478279 -0.0884908386085 0.196056484326 0.537944625222 0.836315385784 0.990261506994
 -5.73093485054 -3.97029782908 -2.34276765963 -1.12090851954 -0.518423945007 -0.141342449935 0.164477421840 0.541302003128 0.853913309926 1.04603848885
 -5.67832964153 -3.93943407001 -2.39684959645 -1.27558840229 -0.637490425941 -0.222981618106 0.125369326765 0.497098957735 0.868147447647 1.13722337780
 -5.74652325925 -4.01836372660 -2.40507966320 -1.15566707321 -0.415299756043 -0.0284121592162 0.247356333944 0.509905666311 0.800469910317 1.01856987942
# log_selcoffs_fsh[3]:
 -5.78922141777 -4.70345348096 -3.64823434381 -2.64803374676 -1.72247300293 -0.898067899691 -0.228280098076 0.258170644853 0.691788479881 1.01564665097 1.24016243005
 -5.83331077822 -4.72860530399 -3.67149716698 -2.67773673718 -1.72365412704 -0.837388393123 -0.126975057653 0.362654763977 0.678248111512 1.00949794317 1.17874196863
 -5.82856554343 -4.54107889485 -3.37168003229 -2.24816164649 -1.21781002644 -0.593885789695 -0.0851503169783 0.305637827169 0.649255436208 0.964975064666 1.15804837018
 -5.79260997434 -4.09560522249 -2.65703921765 -1.75116540107 -1.12968473545 -0.594573532751 -0.140070921762 0.269232256294 0.638733324634 0.961482926941 1.15490944648
 -5.74176163888 -3.73802030233 -2.02110865214 -1.19930725207 -0.880349981775 -0.645062318285 -0.318827931727 0.0661696673115 0.549137609774 0.976217404584 1.22912763260
 -5.79339748617 -3.77555189929 -1.83864463004 -0.841342294762 -0.631705065820 -0.641149335205 -0.396093632719 0.0225491160820 0.520642531588 0.942870253587 1.21766715616
 -5.85071773437 -3.94977783948 -2.11473216226 -0.694955932563 -0.273719286993 -0.282709775588 -0.270167543816 0.0133915687962 0.424925075376 0.846628286332 1.16497305908
 -5.89626259878 -4.05937652456 -2.29636714277 -0.869484166934 -0.0948927916488 0.00826268860751 -0.0678931687849 0.00416144374183 0.327302253941 0.769805100694 1.11754370009
 -5.89149245108 -4.03709674579 -2.29294188781 -0.960409238700 -0.231313230252 0.00264049174912 0.000138762129346 0.0749593033713 0.332908307233 0.765701606261 1.12371047639
 -5.85495875042 -3.85052759014 -1.94296273921 -0.948603519098 -0.484373865007 -0.367053170569 -0.250143841117 0.0379803116403 0.460918613004 0.893401361594 1.19091613882
 -5.78862779361 -3.71592348310 -2.06491267762 -1.19266555162 -0.869846396921 -0.680203396244 -0.373625587423 0.0935670596472 0.603243004835 0.989583212383 1.19766233972
 -5.88452568617 -4.09460767550 -2.52204034169 -1.73697295337 -1.19117565734 -0.792772487341 -0.352180474587 0.259006618628 0.769275915661 1.04511249002 1.08756424059
 -5.96420548581 -4.46163857984 -3.09206134822 -1.91361612050 -1.23525477560 -0.809189658264 -0.231121436283 0.345903492250 0.810469743797 1.04187701435 1.01760036317
# log_sel_spl_fsh[1]:
 0.00000000000 0.00000000000 0.00000000000 0.00000000000
 0.00000000000 0.00000000000 0.00000000000 0.00000000000
 0.00000000000 0.00000000000 0.00000000000 0.00000000000
 0.00000000000 0.00000000000 0.00000000000 0.00000000000
 0.00000000000 0.00000000000 0.00000000000 0.00000000000
 0.00000000000 0.00000000000 0.00000000000 0.00000000000
# log_sel_spl_fsh[2]:
 0.00000000000 0.00000000000 0.00000000000 0.00000000000
 0.00000000000 0.00000000000 0.00000000000 0.00000000000
 0.00000000000 0.00000000000 0.00000000000 0.00000000000
 0.00000000000 0.00000000000 0.00000000000 0.00000000000
 0.00000000000 0.00000000000 0.00000000000 0.00000000000
 0.00000000000 0.00000000000 0.00000000000 0.00000000000
 0.00000000000 0.00000000000 0.00000000000 0.00000000000
 0.00000000000 0.00000000000 0.00000000000 0.00000000000
 0.00000000000 0.00000000000 0.00000000000 0.00000000000
 0.00000000000 0.00000000000 0.00000000000 0.00000000000
 0.00000000000 0.00000000000 0.00000000000 0.00000000000
 0.00000000000 0.00000000000 0.00000000000 0.00000000000
 0.00000000000 0.00000000000 0.00000000000 0.00000000000
 0.00000000000 0.00000000000 0.00000000000 0.00000000000
 0.00000000000 0.00000000000 0.00000000000 0.00000000000
 0.00000000000 0.00000000000 0.00000000000 0.00000000000
 0.00000000000 0.00000000000 0.00000000000 0.00000000000
 0.00000000000 0.00000000000 0.00000000000 0.00000000000
 0.00000000000 0.00000000000 0.00000000000 0.00000000000
 0.00000000000 0.00000000000 0.00000000000 0.00000000000
 0.00000000000 0.00000000000 0.00000000000 0.00000000000
 0.00000000000 0.00000000000 0.00000000000 0.00000000000
 0.00000000000 0.00000000000 0.00000000000 0.00000000000
 0.00000000000 0.00000000000 0.00000000000 0.00000000000
 0.00000000000 0.00000000000 0.00000000000 0.00000000000
 0.00000000000 0.00000000000 0.00000000000 0.00000000000
 0.00000000000 0.00000000000 0.00000000000 0.00000000000
 0.00000000000 0.00000000000 0.00000000000 0.00000000000
# log_sel_spl_fsh[3]:
 0.00000000000 0.00000000000 0.00000000000 0.00000000000
 0.00000000000 0.00000000000 0.00000000000 0.00000000000
 0.00000000000 0.00000000000 0.00000000000 0.00000000000
 0.00000000000 0.00000000000 0.00000000000 0.00000000000
 0.00000000000 0.00000000000 0.00000000000 0.00000000000
 0.00000000000 0.00000000000 0.00000000000 0.00000000000
 0.00000000000 0.00000000000 0.00000000000 0.00000000000
 0.00000000000 0.00000000000 0.00000000000 0.00000000000
 0.00000000000 0.00000000000 0.00000000000 0.00000000000
 0.00000000000 0.00000000000 0.00000000000 0.00000000000
 0.00000000000 0.00000000000 0.00000000000 0.00000000000
 0.00000000000 0.00000000000 0.00000000000 0.00000000000
 0.00000000000 0.00000000000 0.00000000000 0.00000000000
# logsel_slope_fsh[1]:
 0.00000000000 0.00000000000 0.00000000000 0.00000000000 0.00000000000 0.00000000000
# logsel_slope_fsh[2]:
 0.00000000000 0.00000000000 0.00000000000 0.00000000000 0.00000000000 0.00000000000 0.00000000000 0.00000000000 0.00000000000 0.00000000000 0.00000000000 0.00000000000 0.00000000000 0.00000000000 0.00000000000 0.00000000000 0.00000000000 0.00000000000 0.00000000000 0.00000000000 0.00000000000 0.00000000000 0.00000000000 0.00000000000 0.00000000000 0.00000000000 0.00000000000 0.00000000000
# logsel_slope_fsh[3]:
 0.00000000000 0.00000000000 0.00000000000 0.00000000000 0.00000000000 0.00000000000 0.00000000000 0.00000000000 0.00000000000 0.00000000000 0.00000000000 0.00000000000 0.00000000000
# sel50_fsh[1]:
 0.00000000000 0.00000000000 0.00000000000 0.00000000000 0.00000000000 0.00000000000
# sel50_fsh[2]:
 0.00000000000 0.00000000000 0.00000000000 0.00000000000 0.00000000000 0.00000000000 0.00000000000 0.00000000000 0.00000000000 0.00000000000 0.00000000000 0.00000000000 0.00000000000 0.00000000000 0.00000000000 0.00000000000 0.00000000000 0.00000000000 0.00000000000 0.00000000000 0.00000000000 0.00000000000 0.00000000000 0.00000000000 0.00000000000 0.00000000000 0.00000000000 0.00000000000
# sel50_fsh[3]:
 0.00000000000 0.00000000000 0.00000000000 0.00000000000 0.00000000000 0.00000000000 0.00000000000 0.00000000000 0.00000000000 0.00000000000 0.00000000000 0.00000000000 0.00000000000
# logsel_p1_fsh[1]:
 0.00000000000 0.00000000000 0.00000000000 0.00000000000 0.00000000000 0.00000000000
# logsel_p1_fsh[2]:
 0.00000000000 0.00000000000 0.00000000000 0.00000000000 0.00000000000 0.00000000000 0.00000000000 0.00000000000 0.00000000000 0.00000000000 0.00000000000 0.00000000000 0.00000000000 0.00000000000 0.00000000000 0.00000000000 0.00000000000 0.00000000000 0.00000000000 0.00000000000 0.00000000000 0.00000000000 0.00000000000 0.00000000000 0.00000000000 0.00000000000 0.00000000000 0.00000000000
# logsel_p1_fsh[3]:
 0.00000000000 0.00000000000 0.00000000000 0.00000000000 0.00000000000 0.00000000000 0.00000000000 0.00000000000 0.00000000000 0.00000000000 0.00000000000 0.00000000000 0.00000000000
# logsel_p2_fsh[1]:
 0.00000000000 0.00000000000 0.00000000000 0.00000000000 0.00000000000 0.00000000000
# logsel_p2_fsh[2]:
 0.00000000000 0.00000000000 0.00000000000 0.00000000000 0.00000000000 0.00000000000 0.00000000000 0.00000000000 0.00000000000 0.00000000000 0.00000000000 0.00000000000 0.00000000000 0.00000000000 0.00000000000 0.00000000000 0.00000000000 0.00000000000 0.00000000000 0.00000000000 0.00000000000 0.00000000000 0.00000000000 0.00000000000 0.00000000000 0.00000000000 0.00000000000 0.00000000000
# logsel_p2_fsh[3]:
 0.00000000000 0.00000000000 0.00000000000 0.00000000000 0.00000000000 0.00000000000 0.00000000000 0.00000000000 0.00000000000 0.00000000000 0.00000000000 0.00000000000 0.00000000000
# logsel_p3_fsh[1]:
 0.00000000000 0.00000000000 0.00000000000 0.00000000000 0.00000000000 0.00000000000
# logsel_p3_fsh[2]:
 0.00000000000 0.00000000000 0.00000000000 0.00000000000 0.00000000000 0.00000000000 0.00000000000 0.00000000000 0.00000000000 0.00000000000 0.00000000000 0.00000000000 0.00000000000 0.00000000000 0.00000000000 0.00000000000 0.00000000000 0.00000000000 0.00000000000 0.00000000000 0.00000000000 0.00000000000 0.00000000000 0.00000000000 0.00000000000 0.00000000000 0.00000000000 0.00000000000
# logsel_p3_fsh[3]:
 0.00000000000 0.00000000000 0.00000000000 0.00000000000 0.00000000000 0.00000000000 0.00000000000 0.00000000000 0.00000000000 0.00000000000 0.00000000000 0.00000000000 0.00000000000
# rec_dev_future:
 0.00000000000 0.00000000000 0.00000000000 0.00000000000 0.00000000000 0.00000000000 0.00000000000 0.00000000000 0.00000000000 0.00000000000 0.00000000000 0.00000000000 0.00000000000 0.00000000000 0.00000000000 0.00000000000 0.00000000000 0.00000000000 0.00000000000 0.00000000000
# log_q_ind[1]:
-0.396163846860
# log_q_ind[2]:
-5.86621195078
# log_q_power_ind[1]:
0.00000000000
# log_q_power_ind[2]:
0.00000000000
# log_selcoffs_ind[1]:
 -8.33253631855 -5.60145427751 -4.10609605659 -2.67996759747 -1.49343695848 -0.843504206460 0.0187771587611 0.674042578019 0.959929651425 1.29844872920
 -8.33185016614 -5.50455345436 -3.95855127549 -2.54988251403 -1.18776605458 -0.570669682135 0.175826946593 0.452472691185 0.939926514438 1.30947841265
 -8.33103310514 -5.39490706221 -3.79076504326 -2.28526993497 -1.24098205809 -0.377917495825 0.0883308565926 0.551043874538 0.910160696472 1.27658351206
 -8.33025229953 -5.31323155135 -3.77575699517 -2.58663408142 -1.67120602923 -0.749503129770 -0.0666485030887 0.495649726668 1.07803717344 1.31373036660
 -8.32896453807 -5.12187266531 -3.47497594861 -2.55536905811 -1.74513870661 -1.16917568946 -0.456379175107 0.540719398451 0.908101369235 1.51940342750
 -8.32839858020 -4.96585675109 -3.42811439690 -2.67165615740 -1.88261509303 -1.16680738022 -0.666226659971 0.220500331905 0.944200356850 1.62856373440
 -8.32020414015 -4.61643866968 -2.99389595998 -2.26381062387 -1.29511573873 -0.664860488233 -0.431329107691 0.261367705010 0.802270909719 1.58281891660
 -8.30896402602 -3.97591316218 -1.50539272169 -1.42132915942 -1.24709841058 -0.937361233296 -0.687984203832 0.0592049770482 0.798908971682 1.61977951032
 -8.29830850419 -3.95599546209 -1.59124541384 -1.16272345828 -1.01306685906 -0.784809858419 -0.598903946517 0.297338968234 0.730197745337 1.54197670659
 -8.30052267003 -4.08435836848 -1.49200667418 -0.707304539779 -0.736227301269 -0.727803270674 -0.580510387202 0.149624652329 0.626638424222 1.54986180951
 -8.30627932943 -4.07751392318 -1.41768376807 -0.788938277522 -0.781161261013 -0.899658274772 -0.648798249033 0.183135721925 0.601410953162 1.58376662623
 -8.31111326755 -4.08204550886 -1.78441390447 -1.29767203081 -1.25069628681 -0.871677643331 -0.477096140158 0.310965255281 0.584961773162 1.62077683716
 -8.31530341356 -3.88293930002 -1.86031018374 -1.33987246889 -1.52169808368 -1.11631065850 -0.728362713733 -0.0524643031588 0.508513914002 1.77857797158
 -8.31745139400 -3.86682419742 -1.70855298648 -1.79561098455 -1.28535648095 -0.782537099183 -0.302178849636 0.177130294727 0.556562727693 1.65254015008
# log_selcoffs_ind[2]:
 0.00000000000 0.00000000000 0.00000000000 0.00000000000 0.00000000000 0.00000000000 0.00000000000 0.00000000000 0.00000000000 0.00000000000
# logsel_slope_ind[1]:
 0.00000000000 0.00000000000 0.00000000000 0.00000000000 0.00000000000 0.00000000000 0.00000000000 0.00000000000 0.00000000000 0.00000000000 0.00000000000 0.00000000000 0.00000000000 0.00000000000
# logsel_slope_ind[2]:
 0.00000000000
# sel50_ind[1]:
 0.00000000000 0.00000000000 0.00000000000 0.00000000000 0.00000000000 0.00000000000 0.00000000000 0.00000000000 0.00000000000 0.00000000000 0.00000000000 0.00000000000 0.00000000000 0.00000000000
# sel50_ind[2]:
 0.00000000000
# logsel_p1_ind[1]:
 0.00000000000 0.00000000000 0.00000000000 0.00000000000 0.00000000000 0.00000000000 0.00000000000 0.00000000000 0.00000000000 0.00000000000 0.00000000000 0.00000000000 0.00000000000 0.00000000000
# logsel_p1_ind[2]:
 0.00000000000
# sel_p2_ind[1]:
 0.00000000000 0.00000000000 0.00000000000 0.00000000000 0.00000000000 0.00000000000 0.00000000000 0.00000000000 0.00000000000 0.00000000000 0.00000000000 0.00000000000 0.00000000000 0.00000000000
# sel_p2_ind[2]:
 0.00000000000
# logsel_p3_ind[1]:
 0.00000000000 0.00000000000 0.00000000000 0.00000000000 0.00000000000 0.00000000000 0.00000000000 0.00000000000 0.00000000000 0.00000000000 0.00000000000 0.00000000000 0.00000000000 0.00000000000
# logsel_p3_ind[2]:
 0.00000000000
