# Number of parameters = 981 Objective function value = 228.740821560788  Maximum gradient component = 5.41225430090257e-05
# Mest[1]:
0.350000000000
# log_Linf[1]:
4.38701417618
# log_k[1]:
-1.83258146375
# log_Lo[1]:
2.75684036527
# log_sdage[1]:
-2.40794560865
# mean_log_rec[1]:
6.85109830963
# steepness[1]:
0.439640600938
# log_Rzero[1]:
7.49800804314
# rec_dev:
 -0.122346448355 -0.162683010380 -0.210668248770 -0.272487056135 -0.332493939398 -0.406600384205 -0.475024012910 -0.532173643677 -0.541098755479 -0.230318622141 0.197043319266 0.713079092386 0.744411147090 0.859422811656 1.18769712093 0.973012470927 0.825377270146 0.722926844542 0.811856506573 0.839434303656 0.797325912149 0.779863351840 1.20555609477 0.853372447366 1.53378656776 0.585045517031 0.592768964943 0.710404304143 0.0616591347797 -0.127338254068 0.0216373337023 -0.349521455628 -0.0224593028734 0.158707313170 -0.0686009847589 -0.254355540563 -0.397983056177 -0.280595129607 -0.732625108152 -0.766520900789 -1.10328224400 -1.45143893251 -1.57344072791 -1.27371752335 -0.476279353070 -1.30089160088 -0.760634637023 -1.03167943191 -0.229864284346 2.14799147358e-08
# log_sigmar[1]:
-0.223143551314
# fmort:
 -13.6944577482 -13.8384781479 -2.32352628412 -1.84094192606 -1.70502662103 -2.30422694459 -1.95486534592 -1.63615647554 -2.63534661539 -2.73898175637 -1.78153381109 -1.09656761521 -3.09399136565 -1.50551454506 -1.36247956879 -2.60337377614 -2.20269124211 -2.33872026107 -5.14929083864 -5.37690440497 -4.81254338707 -9.40294321114 -10.6990135440 -13.4277650878 -7.87228053974 -6.71110852635 -6.60856472271 -6.41857644692 -12.6865198523 -12.4995579286 -12.2658618658 -12.1188607148 -12.2881469880 -12.5722312063 -12.5909856102 -12.6243901498 -12.7639449503
 -2.60347845983 -1.77782912147 -2.49140993782 -2.59011295737 -2.62493017215 -2.39961351347 -2.85805309828 -2.63607142026 -2.89903759441 -2.88824257436 -2.79150312653 -2.59742839370 -2.54035693873 -2.82525641552 -2.35160714977 -2.54089619653 -2.39014079945 -2.19444905199 -1.73880378394 -1.17628838899 -0.932069064211 -0.827704854884 -1.06755999355 -1.06490853948 -0.930801222437 -0.833667371308 -1.06668535551 -0.945961718570 -1.10511938750 -1.44448010862 -1.33926692117 -1.24490762559 -1.63933689453 -1.57628783945 -1.34033073342 -1.57486641233 -1.76231075483
 -13.4814306884 -13.2475935301 -13.0338705319 -13.1037660419 -13.0892541837 -12.7993043828 -12.9770809581 -12.9411985651 -12.9294596316 -13.0353870854 -13.0582388164 -12.9339237251 -12.5941394863 -12.7595758750 -12.6472815701 -12.5424882477 -2.64562843827 -2.11564584438 -1.06477460186 -2.00502702423 -1.42891896371 -2.06194580567 -1.84277719803 -1.95097606745 -2.37941327199 -1.81888012126 -1.11866807602 -1.11415516149 -1.57813266962 -2.27594132358 -2.53750823027 -2.81156352695 -2.63307738331 -2.48565149553 -3.48914841893 -3.67035149292 -3.70873406814
# log_selcoffs_fsh[1]:
 -1.58241261343 -0.239264580009 0.241459419592 0.245055088965 0.225727804768 0.185053394575
 -1.80668680009 0.0853005698996 0.428441448654 0.172236282177 0.0318517016383 -0.00846368400249
 -2.13714591553 -0.513862967043 0.754742128818 0.274433689404 0.0327011122143 -0.213516835420
 -2.22934807314 -0.517740613337 0.506911966208 0.603584956794 0.0380148650626 -0.262703306347
 -2.17142028643 -0.116255545124 0.726351749708 0.342702064128 -0.160461923333 -0.403895957469
 -2.21728627038 -0.414767406776 0.703979307647 0.556795372787 -0.161426536988 -0.489684687608
# log_selcoffs_fsh[2]:
 -5.21570237879 -3.97855493187 -2.78027989701 -1.68063938373 -0.739997691400 -0.0163431950475 0.458330314492 0.717959448602 0.827633475970 0.853181185820
 -5.35072832760 -4.06212575928 -2.80150274300 -1.67445842178 -0.653085642919 0.170108182712 0.523040501495 0.682623469133 0.768024398792 0.789514933754
 -5.43184205375 -4.11143181368 -2.82759612152 -1.59771187296 -0.627799327741 0.211665494587 0.526104619572 0.664882644848 0.754576814768 0.781582083010
 -5.48000819568 -4.09288337170 -2.79974691480 -1.58945856851 -0.621236746522 0.118126228731 0.477255799282 0.687707040259 0.791641959741 0.808170932680
 -5.51486454682 -4.09883662688 -2.79464018726 -1.61259509094 -0.594320335547 0.128548985581 0.435559279458 0.657736582593 0.800775845644 0.844256123863
 -5.55491252747 -4.10447891274 -2.77708328390 -1.60627199260 -0.612744379932 0.0179768656497 0.397964985516 0.672901821758 0.841591790032 0.870461423199
 -5.57906751845 -4.07156942620 -2.66937115210 -1.58421743037 -0.742607023747 -0.150492784219 0.324656521787 0.677429603077 0.919016288414 0.920053448623
 -5.61607133623 -4.14607340928 -2.73489016652 -1.62903490899 -0.791645089381 -0.223791683742 0.299211028913 0.710511221838 0.922199338311 0.943241645795
 -5.63365992802 -4.21722991145 -2.90422996265 -1.70241668422 -0.817218062202 -0.248705169913 0.309933595321 0.725814119022 0.926305854321 0.943233361423
 -5.63668465406 -4.25485710434 -2.97607698316 -1.73948847608 -0.832174742024 -0.215562846340 0.368938194886 0.722374463380 0.882617173582 0.952319712846
 -5.60849872643 -4.30891451531 -3.02305360872 -1.74137174046 -0.844909882177 -0.212506265099 0.272883839462 0.650563307531 0.913466159243 1.02872093359
 -5.59835811590 -4.31409738797 -3.09243877985 -1.80872322672 -0.648516034746 -0.0969198450319 0.271230939623 0.598640107043 0.885799009348 1.02499145529
 -5.57134758323 -4.22931004808 -2.98448478621 -1.81938111616 -0.822976909820 -0.0762909783796 0.283400076956 0.626463077199 0.880350114286 1.02708410004
 -5.51262520003 -4.04521185599 -2.77654227033 -1.72921010247 -0.791251996763 -0.188950126903 0.246382082828 0.609303629956 0.894555246759 1.06225591997
 -5.49084385628 -4.05834041725 -2.75739561321 -1.69952007149 -0.801679041146 -0.186472751491 0.220215491906 0.607019810618 0.913330886066 1.05779109460
 -5.49869133869 -4.08573782135 -2.77601784186 -1.69467119623 -0.851443863092 -0.240497491856 0.256964610604 0.645487920216 0.946744842188 1.00901342204
 -5.50680078420 -4.08284623568 -2.72278576112 -1.62017793086 -0.832200240242 -0.295210804360 0.237905005512 0.732639102318 0.954067479387 0.951912537179
 -5.45844771665 -3.98720341149 -2.60403062796 -1.58517566081 -0.891855185527 -0.368691851327 0.174162353484 0.658481966331 1.01890764199 0.994915280817
 -5.41084730172 -3.89591286300 -2.51940077915 -1.43939590104 -0.722873529640 -0.252860370158 0.192168751354 0.649284803259 0.928471154116 1.00759767853
 -5.41664332095 -3.82992563323 -2.38376727867 -1.31423276792 -0.525462198097 -0.0717103532098 0.250658085898 0.667344123076 0.892696184978 0.881803849702
 -5.36435860947 -3.69242788160 -2.17399949669 -1.12978597278 -0.447576376129 -0.0261766936358 0.283305899832 0.603831118177 0.877319518803 0.858312127747
 -5.31492456531 -3.57875875846 -1.93935962880 -0.889042083017 -0.329387512103 0.00307994700131 0.309299319856 0.589596494147 0.804458446974 0.827967180095
 -5.27026916505 -3.51092526247 -1.84273800678 -0.745041295284 -0.215447710901 0.0533264607348 0.328124710283 0.582684365694 0.747583855330 0.779253186804
 -5.18165781461 -3.44227755731 -1.87533581436 -0.859342142217 -0.328150519630 -0.0213441412286 0.297629310423 0.590774443514 0.823640092265 0.813451788149
 -5.08600759117 -3.31911774024 -1.69792701928 -0.669066267631 -0.246346880807 -0.0268229828663 0.205614901250 0.521145548062 0.779641524258 0.881398089846
 -5.02033283808 -3.21399700210 -1.61986125720 -0.535002510352 -0.155344997384 0.0160605766574 0.163669955702 0.449645908314 0.729328161573 0.907463331507
 -4.98204561421 -3.13183008646 -1.51359470606 -0.480096962269 -0.00299607617720 0.118287076614 0.183705476949 0.347288510672 0.625759241657 0.916904189099
 -5.13361335913 -3.26207389983 -1.53146924383 -0.223986403649 0.359703287202 0.476630598313 0.325495127387 0.256193738337 0.365743713536 0.575716767869
 -5.17990639674 -3.28806236557 -1.54663020371 -0.248713949839 0.426203889905 0.476389094877 0.414108133153 0.281876032000 0.303578061757 0.488127835548
 -5.17245576131 -3.25839131849 -1.63442224587 -0.451320930606 0.218105952452 0.478419789111 0.405145740973 0.403310703839 0.417221789038 0.561188365345
 -5.06934099235 -3.15745143895 -1.74251573517 -0.790156981139 -0.101221315033 0.205365927242 0.323966667055 0.455078365073 0.639072765735 0.848867115184
 -4.95965489319 -3.19922033385 -1.74601897308 -0.935514768701 -0.487225559634 -0.187739272584 0.0188070769465 0.343057975804 0.782642253343 1.20198115796
 -4.89523440520 -3.20549435658 -1.76041132522 -0.933579375010 -0.725854372869 -0.538761878518 -0.267862020556 0.150888491092 0.789105675263 1.43274196775
 -4.90046543798 -3.20845572304 -1.73007414174 -0.944157303787 -0.876191939037 -0.690486211681 -0.404891043183 0.0637526962199 0.760058337143 1.52537834332
# log_selcoffs_fsh[3]:
 -5.80465248332 -4.73601857405 -3.69215782217 -2.69463640809 -1.76592212661 -0.935789500624 -0.257890665115 0.238840479806 0.686746492768 1.02275037389 1.25899919873
 -5.84925328816 -4.76648809568 -3.72414390682 -2.73561795168 -1.77802595357 -0.885984590490 -0.166642888664 0.346303828840 0.678646645200 1.02763835244 1.19159855899
 -5.83593426752 -4.57744408596 -3.42866465474 -2.31345092921 -1.28304610923 -0.648950690691 -0.124416967994 0.291737672619 0.665683763319 0.983437634576 1.16765557531
 -5.78360710198 -4.12895183436 -2.71555481658 -1.81533010316 -1.19001728369 -0.643942139393 -0.167247721035 0.267888474022 0.655365892343 0.983163821468 1.15388887766
 -5.69402809854 -3.75960986465 -2.07922829546 -1.26102734712 -0.933211963864 -0.683932103051 -0.335246386771 0.0800106660800 0.578079604243 0.991730885395 1.22084922052
 -5.67686822392 -3.76272507343 -1.89212659132 -0.901495146999 -0.679784908206 -0.670159142987 -0.400998186894 0.0437056237210 0.557490202515 0.960321402791 1.20151262082
 -5.63246466238 -3.86451231969 -2.13332297579 -0.748448964296 -0.314250124871 -0.302025099492 -0.264774966608 0.0406147631531 0.459309895842 0.863909049965 1.14740921185
 -5.55307532204 -3.86337465377 -2.23789882018 -0.894235169851 -0.130142638803 -0.00692951126762 -0.0649173708252 0.0267865680797 0.354791335034 0.781059062149 1.10343391464
 -5.41951953878 -3.69177261119 -2.10543216584 -0.915681045595 -0.256700499442 -0.0293431537340 -0.0162873317685 0.0737496018204 0.345145545334 0.775165441772 1.11854377566
 -5.27675586537 -3.33699566839 -1.55415305153 -0.762367093201 -0.452473570395 -0.418979233795 -0.324250005322 -0.0223105533070 0.427697634532 0.891152592462 1.19845202365
 -5.16490995510 -3.04874140160 -1.47411148404 -0.762365083253 -0.672787114358 -0.668683674049 -0.484677085952 -0.0601096241495 0.489004904794 0.955421410776 1.23565781937
 -5.30140821049 -3.40136534577 -1.77463354756 -1.12150421231 -0.742278412106 -0.594814487648 -0.382642284160 0.0776519029119 0.571564297173 0.979886478368 1.17577930959
 -5.52928635718 -3.91258721000 -2.44066440449 -1.20566891982 -0.640095511697 -0.399956407732 -0.124697068144 0.218059336926 0.578838822745 0.911647356776 1.09629200179
 -5.78263980960 -4.21522194186 -2.71724718271 -1.36222302309 -0.555283922768 -0.310165981105 -0.0541230458240 0.351026137200 0.611836427110 0.851417156274 1.02895828869
 -6.03001419683 -4.39306991028 -2.79791098652 -1.50706066199 -0.693871655484 -0.315753180654 0.104277950466 0.409469620175 0.673204182387 0.853705496710 0.935735506012
 -6.19355514877 -4.49740758608 -2.73670294288 -1.25083915956 -0.610350541761 -0.246963887963 0.116885823432 0.443706923231 0.636997993869 0.809031758190 0.913265669458
 -6.26493208341 -4.51365417763 -2.71574699939 -1.09872052940 -0.366181858465 -0.0922505026987 0.104678770986 0.340978391173 0.558823119138 0.768428576110 0.940307431584
 -6.28395213691 -4.54450163396 -2.91570574683 -1.54665335999 -0.686699615664 -0.0679397542856 0.263057518726 0.445104144020 0.594052203439 0.773567526423 0.893013768281
 -6.35874943391 -4.78675398021 -3.35725594735 -2.09459282947 -1.09864261020 0.0329101496562 0.564519117022 0.597424715242 0.605288635657 0.672962587096 0.740672924190
# log_sel_spl_fsh[1]:
 0.00000000000 0.00000000000 0.00000000000 0.00000000000
 0.00000000000 0.00000000000 0.00000000000 0.00000000000
 0.00000000000 0.00000000000 0.00000000000 0.00000000000
 0.00000000000 0.00000000000 0.00000000000 0.00000000000
 0.00000000000 0.00000000000 0.00000000000 0.00000000000
 0.00000000000 0.00000000000 0.00000000000 0.00000000000
# log_sel_spl_fsh[2]:
 0.00000000000 0.00000000000 0.00000000000 0.00000000000
 0.00000000000 0.00000000000 0.00000000000 0.00000000000
 0.00000000000 0.00000000000 0.00000000000 0.00000000000
 0.00000000000 0.00000000000 0.00000000000 0.00000000000
 0.00000000000 0.00000000000 0.00000000000 0.00000000000
 0.00000000000 0.00000000000 0.00000000000 0.00000000000
 0.00000000000 0.00000000000 0.00000000000 0.00000000000
 0.00000000000 0.00000000000 0.00000000000 0.00000000000
 0.00000000000 0.00000000000 0.00000000000 0.00000000000
 0.00000000000 0.00000000000 0.00000000000 0.00000000000
 0.00000000000 0.00000000000 0.00000000000 0.00000000000
 0.00000000000 0.00000000000 0.00000000000 0.00000000000
 0.00000000000 0.00000000000 0.00000000000 0.00000000000
 0.00000000000 0.00000000000 0.00000000000 0.00000000000
 0.00000000000 0.00000000000 0.00000000000 0.00000000000
 0.00000000000 0.00000000000 0.00000000000 0.00000000000
 0.00000000000 0.00000000000 0.00000000000 0.00000000000
 0.00000000000 0.00000000000 0.00000000000 0.00000000000
 0.00000000000 0.00000000000 0.00000000000 0.00000000000
 0.00000000000 0.00000000000 0.00000000000 0.00000000000
 0.00000000000 0.00000000000 0.00000000000 0.00000000000
 0.00000000000 0.00000000000 0.00000000000 0.00000000000
 0.00000000000 0.00000000000 0.00000000000 0.00000000000
 0.00000000000 0.00000000000 0.00000000000 0.00000000000
 0.00000000000 0.00000000000 0.00000000000 0.00000000000
 0.00000000000 0.00000000000 0.00000000000 0.00000000000
 0.00000000000 0.00000000000 0.00000000000 0.00000000000
 0.00000000000 0.00000000000 0.00000000000 0.00000000000
 0.00000000000 0.00000000000 0.00000000000 0.00000000000
 0.00000000000 0.00000000000 0.00000000000 0.00000000000
 0.00000000000 0.00000000000 0.00000000000 0.00000000000
 0.00000000000 0.00000000000 0.00000000000 0.00000000000
 0.00000000000 0.00000000000 0.00000000000 0.00000000000
 0.00000000000 0.00000000000 0.00000000000 0.00000000000
# log_sel_spl_fsh[3]:
 0.00000000000 0.00000000000 0.00000000000 0.00000000000
 0.00000000000 0.00000000000 0.00000000000 0.00000000000
 0.00000000000 0.00000000000 0.00000000000 0.00000000000
 0.00000000000 0.00000000000 0.00000000000 0.00000000000
 0.00000000000 0.00000000000 0.00000000000 0.00000000000
 0.00000000000 0.00000000000 0.00000000000 0.00000000000
 0.00000000000 0.00000000000 0.00000000000 0.00000000000
 0.00000000000 0.00000000000 0.00000000000 0.00000000000
 0.00000000000 0.00000000000 0.00000000000 0.00000000000
 0.00000000000 0.00000000000 0.00000000000 0.00000000000
 0.00000000000 0.00000000000 0.00000000000 0.00000000000
 0.00000000000 0.00000000000 0.00000000000 0.00000000000
 0.00000000000 0.00000000000 0.00000000000 0.00000000000
 0.00000000000 0.00000000000 0.00000000000 0.00000000000
 0.00000000000 0.00000000000 0.00000000000 0.00000000000
 0.00000000000 0.00000000000 0.00000000000 0.00000000000
 0.00000000000 0.00000000000 0.00000000000 0.00000000000
 0.00000000000 0.00000000000 0.00000000000 0.00000000000
 0.00000000000 0.00000000000 0.00000000000 0.00000000000
# logsel_slope_fsh[1]:
 0.00000000000 0.00000000000 0.00000000000 0.00000000000 0.00000000000 0.00000000000
# logsel_slope_fsh[2]:
 0.00000000000 0.00000000000 0.00000000000 0.00000000000 0.00000000000 0.00000000000 0.00000000000 0.00000000000 0.00000000000 0.00000000000 0.00000000000 0.00000000000 0.00000000000 0.00000000000 0.00000000000 0.00000000000 0.00000000000 0.00000000000 0.00000000000 0.00000000000 0.00000000000 0.00000000000 0.00000000000 0.00000000000 0.00000000000 0.00000000000 0.00000000000 0.00000000000 0.00000000000 0.00000000000 0.00000000000 0.00000000000 0.00000000000 0.00000000000
# logsel_slope_fsh[3]:
 0.00000000000 0.00000000000 0.00000000000 0.00000000000 0.00000000000 0.00000000000 0.00000000000 0.00000000000 0.00000000000 0.00000000000 0.00000000000 0.00000000000 0.00000000000 0.00000000000 0.00000000000 0.00000000000 0.00000000000 0.00000000000 0.00000000000
# sel50_fsh[1]:
 0.00000000000 0.00000000000 0.00000000000 0.00000000000 0.00000000000 0.00000000000
# sel50_fsh[2]:
 0.00000000000 0.00000000000 0.00000000000 0.00000000000 0.00000000000 0.00000000000 0.00000000000 0.00000000000 0.00000000000 0.00000000000 0.00000000000 0.00000000000 0.00000000000 0.00000000000 0.00000000000 0.00000000000 0.00000000000 0.00000000000 0.00000000000 0.00000000000 0.00000000000 0.00000000000 0.00000000000 0.00000000000 0.00000000000 0.00000000000 0.00000000000 0.00000000000 0.00000000000 0.00000000000 0.00000000000 0.00000000000 0.00000000000 0.00000000000
# sel50_fsh[3]:
 0.00000000000 0.00000000000 0.00000000000 0.00000000000 0.00000000000 0.00000000000 0.00000000000 0.00000000000 0.00000000000 0.00000000000 0.00000000000 0.00000000000 0.00000000000 0.00000000000 0.00000000000 0.00000000000 0.00000000000 0.00000000000 0.00000000000
# logsel_p1_fsh[1]:
 0.00000000000 0.00000000000 0.00000000000 0.00000000000 0.00000000000 0.00000000000
# logsel_p1_fsh[2]:
 0.00000000000 0.00000000000 0.00000000000 0.00000000000 0.00000000000 0.00000000000 0.00000000000 0.00000000000 0.00000000000 0.00000000000 0.00000000000 0.00000000000 0.00000000000 0.00000000000 0.00000000000 0.00000000000 0.00000000000 0.00000000000 0.00000000000 0.00000000000 0.00000000000 0.00000000000 0.00000000000 0.00000000000 0.00000000000 0.00000000000 0.00000000000 0.00000000000 0.00000000000 0.00000000000 0.00000000000 0.00000000000 0.00000000000 0.00000000000
# logsel_p1_fsh[3]:
 0.00000000000 0.00000000000 0.00000000000 0.00000000000 0.00000000000 0.00000000000 0.00000000000 0.00000000000 0.00000000000 0.00000000000 0.00000000000 0.00000000000 0.00000000000 0.00000000000 0.00000000000 0.00000000000 0.00000000000 0.00000000000 0.00000000000
# logsel_p2_fsh[1]:
 0.00000000000 0.00000000000 0.00000000000 0.00000000000 0.00000000000 0.00000000000
# logsel_p2_fsh[2]:
 0.00000000000 0.00000000000 0.00000000000 0.00000000000 0.00000000000 0.00000000000 0.00000000000 0.00000000000 0.00000000000 0.00000000000 0.00000000000 0.00000000000 0.00000000000 0.00000000000 0.00000000000 0.00000000000 0.00000000000 0.00000000000 0.00000000000 0.00000000000 0.00000000000 0.00000000000 0.00000000000 0.00000000000 0.00000000000 0.00000000000 0.00000000000 0.00000000000 0.00000000000 0.00000000000 0.00000000000 0.00000000000 0.00000000000 0.00000000000
# logsel_p2_fsh[3]:
 0.00000000000 0.00000000000 0.00000000000 0.00000000000 0.00000000000 0.00000000000 0.00000000000 0.00000000000 0.00000000000 0.00000000000 0.00000000000 0.00000000000 0.00000000000 0.00000000000 0.00000000000 0.00000000000 0.00000000000 0.00000000000 0.00000000000
# logsel_p3_fsh[1]:
 0.00000000000 0.00000000000 0.00000000000 0.00000000000 0.00000000000 0.00000000000
# logsel_p3_fsh[2]:
 0.00000000000 0.00000000000 0.00000000000 0.00000000000 0.00000000000 0.00000000000 0.00000000000 0.00000000000 0.00000000000 0.00000000000 0.00000000000 0.00000000000 0.00000000000 0.00000000000 0.00000000000 0.00000000000 0.00000000000 0.00000000000 0.00000000000 0.00000000000 0.00000000000 0.00000000000 0.00000000000 0.00000000000 0.00000000000 0.00000000000 0.00000000000 0.00000000000 0.00000000000 0.00000000000 0.00000000000 0.00000000000 0.00000000000 0.00000000000
# logsel_p3_fsh[3]:
 0.00000000000 0.00000000000 0.00000000000 0.00000000000 0.00000000000 0.00000000000 0.00000000000 0.00000000000 0.00000000000 0.00000000000 0.00000000000 0.00000000000 0.00000000000 0.00000000000 0.00000000000 0.00000000000 0.00000000000 0.00000000000 0.00000000000
# rec_dev_future:
 0.00000000000 0.00000000000 0.00000000000 0.00000000000 0.00000000000 0.00000000000 0.00000000000 0.00000000000 0.00000000000 0.00000000000 0.00000000000 0.00000000000 0.00000000000 0.00000000000 0.00000000000 0.00000000000 0.00000000000 0.00000000000 0.00000000000 0.00000000000
# log_q_ind[1]:
-0.204946358705
# log_q_ind[2]:
-5.92407308068
# log_q_power_ind[1]:
0.00000000000
# log_q_power_ind[2]:
0.00000000000
# log_selcoffs_ind[1]:
 -7.69783808955 -5.71507683949 -4.24981591595 -2.82006145203 -1.62222459567 -0.942255704224 -0.0463485314545 0.653643408918 0.986233864165 1.32888099263
 -7.69240722166 -5.61666930419 -4.10281189378 -2.69128212829 -1.32350700770 -0.690530444111 0.0972483463431 0.417627345128 0.973563656046 1.35486196890
 -7.68333771407 -5.50473604377 -3.93748909666 -2.42808838512 -1.38158217591 -0.510121802630 -0.0200501592764 0.506413389939 0.940058474511 1.34457525602
 -7.67000527745 -5.42099202460 -3.92495919300 -2.73753563045 -1.81880227758 -0.890469755000 -0.189792424674 0.421554224146 1.09588366776 1.38496106936
 -7.65124544576 -5.22512155875 -3.62765455221 -2.70921171649 -1.90315578661 -1.31426143135 -0.584731927476 0.451061502967 0.901658215454 1.58766030374
 -7.62359033298 -5.06013948931 -3.58687698200 -2.82630728283 -2.03670201514 -1.31422663659 -0.784281985968 0.144081710644 0.933645047441 1.67745540108
 -7.56685870741 -4.68567497172 -3.16553293945 -2.42614817832 -1.44989666309 -0.804219803947 -0.546511988339 0.187872010229 0.802112116378 1.64127859726
 -7.49371782026 -3.97563641309 -1.67858408096 -1.59604383489 -1.40907848182 -1.08542691801 -0.810943539560 -0.0283911126970 0.786498244847 1.68585702125
 -7.41460250203 -3.82365276303 -1.69791508609 -1.32269974864 -1.17775318934 -0.934965013150 -0.720532451405 0.214967318404 0.731903258651 1.61385854464
 -7.34632049545 -3.76237626338 -1.45758852175 -0.809475170014 -0.889061194905 -0.884092638724 -0.715868380229 0.0487204293858 0.619825055669 1.62468324259
 -7.27977063584 -3.54403830692 -1.13688312058 -0.739616360036 -0.852030949567 -1.02452105200 -0.793842123594 0.0398418787990 0.561229039831 1.63728801344
 -7.21104056101 -3.31890421845 -1.25191565852 -0.958179637027 -1.11524875618 -0.876446561462 -0.576011909295 0.146322551785 0.505934869640 1.64310252620
 -7.14031529301 -2.96738384348 -0.991777681851 -0.707212533923 -1.05947605002 -0.862958301625 -0.666866087030 -0.183251171508 0.348084328447 1.71434941457
 -7.06797379964 -2.82765632637 -0.811507895435 -0.793823667812 -0.584943691944 -0.217797857303 0.0116352498482 0.141828136884 0.375540838839 1.40177656214
 -6.99505357551 -2.77418765837 -0.848433170963 -0.299628628238 -0.384358389674 -0.0198797227625 0.298220208994 0.181366650164 0.298537060830 1.16692563419
 -6.91849055261 -2.37491618492 -0.999779437518 -0.390952323287 -0.0546972119967 -0.0530691403406 0.466010868352 0.162146915996 0.188703719876 1.09500200263
 -6.93373838829 -1.45938079364 -0.822546743252 -0.406311652906 -0.341238125954 -0.168919667756 0.285639470036 0.108746487652 0.293842607161 1.19957319999
 -6.94727216619 -2.06796253183 -0.468192465091 -0.174756932907 -0.570958501265 -0.370591648822 0.0399665908215 0.0230610650508 0.332734445991 1.30633358378
 -6.96109169749 -2.05368329726 -0.0971991068911 -0.257649433682 -1.13240498232 -0.883400539640 -0.434374351322 -0.189063724064 0.425898433952 1.49257772923
 -6.97203870091 -2.42480126513 0.0353120360922 -0.227697043468 -1.35623741821 -1.14075927067 -0.642373233040 -0.303130584951 0.400245323030 1.55694762372
# log_selcoffs_ind[2]:
 0.00000000000 0.00000000000 0.00000000000 0.00000000000 0.00000000000 0.00000000000 0.00000000000 0.00000000000 0.00000000000 0.00000000000
# logsel_slope_ind[1]:
 0.00000000000 0.00000000000 0.00000000000 0.00000000000 0.00000000000 0.00000000000 0.00000000000 0.00000000000 0.00000000000 0.00000000000 0.00000000000 0.00000000000 0.00000000000 0.00000000000 0.00000000000 0.00000000000 0.00000000000 0.00000000000 0.00000000000 0.00000000000
# logsel_slope_ind[2]:
 0.00000000000
# sel50_ind[1]:
 0.00000000000 0.00000000000 0.00000000000 0.00000000000 0.00000000000 0.00000000000 0.00000000000 0.00000000000 0.00000000000 0.00000000000 0.00000000000 0.00000000000 0.00000000000 0.00000000000 0.00000000000 0.00000000000 0.00000000000 0.00000000000 0.00000000000 0.00000000000
# sel50_ind[2]:
 0.00000000000
# logsel_p1_ind[1]:
 0.00000000000 0.00000000000 0.00000000000 0.00000000000 0.00000000000 0.00000000000 0.00000000000 0.00000000000 0.00000000000 0.00000000000 0.00000000000 0.00000000000 0.00000000000 0.00000000000 0.00000000000 0.00000000000 0.00000000000 0.00000000000 0.00000000000 0.00000000000
# logsel_p1_ind[2]:
 0.00000000000
# sel_p2_ind[1]:
 0.00000000000 0.00000000000 0.00000000000 0.00000000000 0.00000000000 0.00000000000 0.00000000000 0.00000000000 0.00000000000 0.00000000000 0.00000000000 0.00000000000 0.00000000000 0.00000000000 0.00000000000 0.00000000000 0.00000000000 0.00000000000 0.00000000000 0.00000000000
# sel_p2_ind[2]:
 0.00000000000
# logsel_p3_ind[1]:
 0.00000000000 0.00000000000 0.00000000000 0.00000000000 0.00000000000 0.00000000000 0.00000000000 0.00000000000 0.00000000000 0.00000000000 0.00000000000 0.00000000000 0.00000000000 0.00000000000 0.00000000000 0.00000000000 0.00000000000 0.00000000000 0.00000000000 0.00000000000
# logsel_p3_ind[2]:
 0.00000000000
