# Number of parameters = 946 Objective function value = 206.053710750109  Maximum gradient component = 0.000112704659851101
# Mest[1]:
0.350000000000
# log_Linf[1]:
4.38701417618
# log_k[1]:
-1.83258146375
# log_Lo[1]:
2.75684036527
# log_sdage[1]:
-2.40794560865
# mean_log_rec[1]:
6.76640102410
# steepness[1]:
0.606869509775
# log_Rzero[1]:
6.54011428948
# rec_dev:
 -0.170884361129 -0.220704369801 -0.275479030673 -0.345643299198 -0.412894125542 -0.493763316950 -0.570299894466 -0.641513126707 -0.667200430366 -0.384429782241 0.0342111003801 0.567428643023 0.646245668648 0.828219977766 1.26494731146 1.06610579234 0.911364852639 0.807355795744 0.903913441016 0.917003867297 0.889880396642 0.919179929552 1.38094589103 0.988396080233 1.64942303401 0.677515041798 0.689951516787 0.809244833959 0.120405645246 -0.0594822472860 0.0999330491501 -0.276144873527 0.0632675326198 0.249640201501 0.0186485494541 -0.171329367605 -0.316262736198 -0.196936146602 -0.640821918053 -0.607449378337 -0.906963017895 -1.24841002558 -1.40158595387 -1.09060897415 -0.134967028783 -0.927373145207 -0.325901726202 -0.196239310448 1.11428040128e-08
# log_sigmar[1]:
-0.223143551314
# fmort:
 -13.5872779610 -13.7638692399 -2.29450441307 -1.83594663176 -1.69704309757 -2.29466436007 -1.95507034056 -1.64747976022 -2.66655628158 -2.80032670998 -1.88454432257 -1.22056332076 -3.18926239748 -1.55114870799 -1.38483060022 -2.61863576662 -2.20490069381 -2.34186943036 -5.14372606517 -5.36727859318 -4.80573276844 -9.39556749830 -10.6942220431 -13.4259299016 -7.87018593565 -6.70800648196 -6.60575676085 -6.42948918564 -12.7266834421 -12.5740415646 -12.3646967064 -12.2317174392 -12.4376764559 -12.7815634785 -12.8628114104 -12.9805451334
 -2.23528319588 -1.35186361427 -2.02876656960 -2.14502123778 -2.20796508148 -2.02215034439 -2.52199408117 -2.34710714816 -2.64282297433 -2.67450301606 -2.62812385756 -2.49330208537 -2.48574813987 -2.79727984033 -2.34645097133 -2.54894423122 -2.40212369334 -2.20720627399 -1.74875349648 -1.18677431993 -0.943067668917 -0.840789484971 -1.07907112028 -1.07816222488 -0.945787398529 -0.848774327126 -1.07774512944 -0.951921816490 -1.10537480725 -1.44149374126 -1.34641455326 -1.27221614206 -1.68628798267 -1.65985997034 -1.52775465897 -1.95447442096
 -13.0885472741 -12.8199573009 -12.5786305428 -12.6709366631 -12.6886194401 -12.4695429885 -12.6884459341 -12.7051538100 -12.7089375548 -12.8540163349 -12.9257096197 -12.8532217472 -12.5642789285 -12.7543097064 -12.6611736519 -12.5712466195 -2.67863539254 -2.15081319444 -1.09365417118 -2.03697037887 -1.45682526704 -2.08772316995 -1.86424989175 -1.96902216591 -2.39449895274 -1.83278439168 -1.12912839950 -1.12026921942 -1.58382647735 -2.28104726235 -2.54866339953 -2.84080245823 -2.70113381780 -2.61664301654 -3.69190414534 -3.90406151764
# log_selcoffs_fsh[1]:
 -1.51539409632 -0.121898088611 0.369539996964 0.280323035031 0.129892908385 -0.0143958543077
 -1.75002477852 0.134281486280 0.483225682754 0.195463717962 -0.0207002459914 -0.144063635155
 -2.09031507769 -0.486211814442 0.774606115283 0.285609299301 0.0125951521884 -0.289796777626
 -2.19704622118 -0.506671396335 0.510905998718 0.613428287936 0.0311198864817 -0.299471589563
 -2.14628515458 -0.115876745459 0.722364046737 0.348317124413 -0.156365388566 -0.413587653542
 -2.19593233618 -0.423425865860 0.685423962984 0.566543929829 -0.143575348749 -0.476568250159
# log_selcoffs_fsh[2]:
 -5.51738193408 -4.25904431977 -3.03610477955 -1.90426827033 -0.921851399495 -0.145970459096 0.390261515906 0.715524029107 0.884294044929 0.947413282338
 -5.63463962280 -4.33197995975 -3.05168053835 -1.88496924153 -0.818294013374 0.0498679300184 0.452501959806 0.674247618144 0.828000173374 0.903539195368
 -5.70023663052 -4.36653851369 -3.06431510639 -1.80272866118 -0.785869623934 0.0969616027125 0.457446472079 0.653177807809 0.812144946305 0.900355405388
 -5.73414193562 -4.33200925301 -3.01909380703 -1.78077193196 -0.779176783824 0.00291127459609 0.407898095565 0.673892273854 0.843774133317 0.921849000966
 -5.75145935852 -4.31791602221 -2.99149677446 -1.78227133050 -0.737884277615 0.0118453615333 0.363381480307 0.640677627304 0.851436006835 0.953981931698
 -5.77367797213 -4.30227682375 -2.94974534044 -1.75032281073 -0.734059241231 -0.0860339111841 0.320860659982 0.646882116100 0.884235274704 0.974838756646
 -5.78100019310 -4.25081249909 -2.82027881450 -1.70460596666 -0.840453978648 -0.236619488105 0.252706632993 0.640277934544 0.947337385564 1.01417019042
 -5.80060259352 -4.30887729895 -2.86954276082 -1.73107753796 -0.869566981432 -0.289681138952 0.241977144769 0.675777098344 0.938100907107 1.02518919853
 -5.79868316392 -4.36282639212 -3.02427612523 -1.79170461650 -0.881010243863 -0.300268228109 0.266147617204 0.697863527491 0.937418692785 1.01022149025
 -5.77923201534 -4.37562532426 -3.07505673766 -1.81300668092 -0.884572593533 -0.256980229991 0.333386573070 0.700316493963 0.892012498683 1.00744412214
 -5.73112602897 -4.40531530094 -3.09737341271 -1.79666953787 -0.885939041838 -0.246826356079 0.241989646505 0.630481136565 0.920013718545 1.07100236872
 -5.70199058103 -4.39022495413 -3.14523761036 -1.84635827841 -0.679163715293 -0.123344264654 0.246725768801 0.581650844820 0.890557976209 1.06024868369
 -5.65883097000 -4.28896171591 -3.02135699259 -1.84232010700 -0.841478881006 -0.0966323762338 0.263446057241 0.612108868178 0.883245383681 1.05507375040
 -5.58643453190 -4.09134481812 -2.80150331090 -1.74239011938 -0.800913313756 -0.201480305133 0.228777161485 0.595646628164 0.895154451695 1.08461378016
 -5.55365747291 -4.09467821211 -2.77482671084 -1.70827582558 -0.807583498314 -0.194394668794 0.208328888331 0.594127662327 0.912618616076 1.07594239568
 -5.55233813281 -4.11469965361 -2.78756082103 -1.70204554184 -0.858711244993 -0.248291509500 0.247303972750 0.636609012600 0.945561503371 1.02503083642
 -5.55276638952 -4.10587257204 -2.73042559167 -1.62450671262 -0.842561832680 -0.308240020113 0.226378673789 0.724174856144 0.956123678062 0.968287707929
 -5.50005627606 -4.00738043639 -2.60970123668 -1.58705789618 -0.898119903697 -0.382943786362 0.160985966099 0.651950592582 1.02023974247 1.00892620127
 -5.45160337662 -3.91571479145 -2.52507377415 -1.44102350634 -0.726773795822 -0.262193624173 0.180006769950 0.644121673803 0.931401424425 1.01762474262
 -5.45990346981 -3.85145789267 -2.39074629748 -1.31619315404 -0.529107505303 -0.0798603723995 0.241814670790 0.667870977361 0.896635486903 0.886831108871
 -5.41111857580 -3.71539743413 -2.18004427725 -1.12865801757 -0.445752664600 -0.0277078692756 0.279030398608 0.602016462317 0.879494765293 0.860500283186
 -5.36640833629 -3.60400574479 -1.94482260458 -0.885595487168 -0.324871820717 0.00415064763411 0.307337657921 0.587333077205 0.803934424456 0.829667390741
 -5.32815955672 -3.54058809864 -1.85002474265 -0.742073706670 -0.210760841211 0.0546294792129 0.325839716724 0.580363407115 0.746593452143 0.781612773615
 -5.24804899176 -3.47902400772 -1.88714280868 -0.858310646045 -0.324899061691 -0.0202770654490 0.295863271235 0.588256456117 0.822934355021 0.816996891993
 -5.16321909380 -3.36924455226 -1.71984046030 -0.673559968374 -0.244695138985 -0.0257482075277 0.204892631639 0.519716360726 0.779838935439 0.885125187995
 -5.10808763707 -3.28346425304 -1.66300140223 -0.551381988110 -0.158723241644 0.0178525097992 0.166303526461 0.452331275757 0.731719198124 0.911451617548
 -5.07619651903 -3.21874743273 -1.58707654080 -0.519916154532 -0.0164922717317 0.118097076848 0.190492242226 0.355864215287 0.634363207224 0.925283063910
 -5.22645302048 -3.35432217082 -1.62368236061 -0.306511770167 0.317536998187 0.472968831090 0.340909735396 0.281497791949 0.395404194021 0.605243483011
 -5.26438384184 -3.37462548254 -1.63817732818 -0.351268021516 0.330114345856 0.445589613159 0.433258131935 0.324801966198 0.363817730848 0.556804372195
 -5.24540369821 -3.33611705742 -1.70937016824 -0.538036074416 0.106694308310 0.377330244527 0.386029057849 0.440916729319 0.495994225868 0.670856113743
 -5.12450462883 -3.23677904217 -1.80860514605 -0.842104421454 -0.171636285762 0.101808736141 0.224971166393 0.417737777277 0.685336352267 0.976583858964
 -4.99900521040 -3.27361103174 -1.83984273196 -0.975088398583 -0.488956270467 -0.224572171034 -0.0808876946750 0.215175148399 0.745584896230 1.31833939237
 -4.92418039245 -3.27341792124 -1.86233229053 -1.00818619644 -0.643717026305 -0.449181349044 -0.277471415898 0.0286849058377 0.661940929611 1.51421013566
# log_selcoffs_fsh[3]:
 -5.79145205114 -4.72431619141 -3.68422719384 -2.69383152523 -1.77278708878 -0.944180346874 -0.259546167803 0.248236279373 0.700739983643 1.02627272008 1.24629117940
 -5.83341618778 -4.74975675418 -3.70835548751 -2.72490889782 -1.77719205575 -0.888457623426 -0.165829622766 0.348672897166 0.683389773167 1.02961696976 1.18570603134
 -5.82066500325 -4.55885853334 -3.40763605980 -2.29192217766 -1.26636983056 -0.645949377777 -0.124003195407 0.292408257740 0.663737385554 0.982623004889 1.16621902911
 -5.77127335546 -4.11233277705 -2.69515728359 -1.79416869838 -1.17026125736 -0.631981455383 -0.168422212768 0.263705872895 0.652140955088 0.980612712354 1.15449342908
 -5.68628583548 -3.74721683492 -2.06229204760 -1.23979187199 -0.912878916112 -0.667169763255 -0.327888650948 0.0747739973249 0.570346248706 0.987537978536 1.22092195743
 -5.67466576171 -3.75482945547 -1.88082266837 -0.887075284437 -0.662683255953 -0.656186645706 -0.393274451658 0.0428422977061 0.550313395116 0.954905540984 1.20108165080
 -5.63801610047 -3.86113071410 -2.12472710469 -0.739198901600 -0.303736183847 -0.291543801195 -0.259129160713 0.0400086077858 0.453931492488 0.858440630635 1.14637252454
 -5.56847669139 -3.86531557891 -2.23101010485 -0.886320980588 -0.124914770835 -0.00242802763871 -0.0621839727685 0.0247997055804 0.349936002548 0.777561839666 1.10377713597
 -5.44809019815 -3.70123302564 -2.10126976061 -0.907539335240 -0.251582068382 -0.0284853485384 -0.0181005611201 0.0693488503286 0.339585437091 0.773031822448 1.12204804814
 -5.32302114261 -3.36075043644 -1.55770573604 -0.758191074104 -0.447959376211 -0.418609046222 -0.328247695540 -0.0292745887118 0.421189639210 0.889641165921 1.20448030360
 -5.22839954951 -3.09769209506 -1.49730287919 -0.767577646179 -0.672121214536 -0.667812105603 -0.486906690809 -0.0654940127134 0.483281046909 0.955271010709 1.24307986745
 -5.37322484388 -3.47276656359 -1.83459001307 -1.14906971228 -0.750987068837 -0.596504508565 -0.382398634399 0.0765729570074 0.569763584897 0.981728342325 1.18367839029
 -5.60092653675 -3.99015672844 -2.52209485419 -1.27585911187 -0.676389051855 -0.413975148641 -0.126796072693 0.222006255608 0.584305925753 0.918366029099 1.10539849298
 -5.85087088758 -4.28445984194 -2.79580992676 -1.45380645545 -0.641304458318 -0.356864323769 -0.0681996627835 0.357363245152 0.628502092445 0.869141493045 1.04339298802
 -6.09513916030 -4.44433022438 -2.84689340709 -1.57687281503 -0.791911305053 -0.414808263753 0.0525504664085 0.403996495190 0.696274875070 0.887277064956 0.963702417681
 -6.23549241327 -4.52392524665 -2.73801411891 -1.25045749457 -0.651264077416 -0.340592099028 0.00786408009224 0.391655925952 0.649590285852 0.859365771938 0.970644428024
 -6.27196690160 -4.47810164662 -2.66635771591 -1.00941456441 -0.290698760479 -0.107476403394 -0.00617793190423 0.207647039557 0.505518298143 0.806908444084 1.02372606598
 -6.25499564114 -4.37838868286 -2.67819694904 -1.33812544329 -0.465677084404 -0.00623082000534 0.144448477154 0.265848310766 0.473209972000 0.792400373483 1.01495590357
# log_sel_spl_fsh[1]:
 0.00000000000 0.00000000000 0.00000000000 0.00000000000
 0.00000000000 0.00000000000 0.00000000000 0.00000000000
 0.00000000000 0.00000000000 0.00000000000 0.00000000000
 0.00000000000 0.00000000000 0.00000000000 0.00000000000
 0.00000000000 0.00000000000 0.00000000000 0.00000000000
 0.00000000000 0.00000000000 0.00000000000 0.00000000000
# log_sel_spl_fsh[2]:
 0.00000000000 0.00000000000 0.00000000000 0.00000000000
 0.00000000000 0.00000000000 0.00000000000 0.00000000000
 0.00000000000 0.00000000000 0.00000000000 0.00000000000
 0.00000000000 0.00000000000 0.00000000000 0.00000000000
 0.00000000000 0.00000000000 0.00000000000 0.00000000000
 0.00000000000 0.00000000000 0.00000000000 0.00000000000
 0.00000000000 0.00000000000 0.00000000000 0.00000000000
 0.00000000000 0.00000000000 0.00000000000 0.00000000000
 0.00000000000 0.00000000000 0.00000000000 0.00000000000
 0.00000000000 0.00000000000 0.00000000000 0.00000000000
 0.00000000000 0.00000000000 0.00000000000 0.00000000000
 0.00000000000 0.00000000000 0.00000000000 0.00000000000
 0.00000000000 0.00000000000 0.00000000000 0.00000000000
 0.00000000000 0.00000000000 0.00000000000 0.00000000000
 0.00000000000 0.00000000000 0.00000000000 0.00000000000
 0.00000000000 0.00000000000 0.00000000000 0.00000000000
 0.00000000000 0.00000000000 0.00000000000 0.00000000000
 0.00000000000 0.00000000000 0.00000000000 0.00000000000
 0.00000000000 0.00000000000 0.00000000000 0.00000000000
 0.00000000000 0.00000000000 0.00000000000 0.00000000000
 0.00000000000 0.00000000000 0.00000000000 0.00000000000
 0.00000000000 0.00000000000 0.00000000000 0.00000000000
 0.00000000000 0.00000000000 0.00000000000 0.00000000000
 0.00000000000 0.00000000000 0.00000000000 0.00000000000
 0.00000000000 0.00000000000 0.00000000000 0.00000000000
 0.00000000000 0.00000000000 0.00000000000 0.00000000000
 0.00000000000 0.00000000000 0.00000000000 0.00000000000
 0.00000000000 0.00000000000 0.00000000000 0.00000000000
 0.00000000000 0.00000000000 0.00000000000 0.00000000000
 0.00000000000 0.00000000000 0.00000000000 0.00000000000
 0.00000000000 0.00000000000 0.00000000000 0.00000000000
 0.00000000000 0.00000000000 0.00000000000 0.00000000000
 0.00000000000 0.00000000000 0.00000000000 0.00000000000
# log_sel_spl_fsh[3]:
 0.00000000000 0.00000000000 0.00000000000 0.00000000000
 0.00000000000 0.00000000000 0.00000000000 0.00000000000
 0.00000000000 0.00000000000 0.00000000000 0.00000000000
 0.00000000000 0.00000000000 0.00000000000 0.00000000000
 0.00000000000 0.00000000000 0.00000000000 0.00000000000
 0.00000000000 0.00000000000 0.00000000000 0.00000000000
 0.00000000000 0.00000000000 0.00000000000 0.00000000000
 0.00000000000 0.00000000000 0.00000000000 0.00000000000
 0.00000000000 0.00000000000 0.00000000000 0.00000000000
 0.00000000000 0.00000000000 0.00000000000 0.00000000000
 0.00000000000 0.00000000000 0.00000000000 0.00000000000
 0.00000000000 0.00000000000 0.00000000000 0.00000000000
 0.00000000000 0.00000000000 0.00000000000 0.00000000000
 0.00000000000 0.00000000000 0.00000000000 0.00000000000
 0.00000000000 0.00000000000 0.00000000000 0.00000000000
 0.00000000000 0.00000000000 0.00000000000 0.00000000000
 0.00000000000 0.00000000000 0.00000000000 0.00000000000
 0.00000000000 0.00000000000 0.00000000000 0.00000000000
# logsel_slope_fsh[1]:
 0.00000000000 0.00000000000 0.00000000000 0.00000000000 0.00000000000 0.00000000000
# logsel_slope_fsh[2]:
 0.00000000000 0.00000000000 0.00000000000 0.00000000000 0.00000000000 0.00000000000 0.00000000000 0.00000000000 0.00000000000 0.00000000000 0.00000000000 0.00000000000 0.00000000000 0.00000000000 0.00000000000 0.00000000000 0.00000000000 0.00000000000 0.00000000000 0.00000000000 0.00000000000 0.00000000000 0.00000000000 0.00000000000 0.00000000000 0.00000000000 0.00000000000 0.00000000000 0.00000000000 0.00000000000 0.00000000000 0.00000000000 0.00000000000
# logsel_slope_fsh[3]:
 0.00000000000 0.00000000000 0.00000000000 0.00000000000 0.00000000000 0.00000000000 0.00000000000 0.00000000000 0.00000000000 0.00000000000 0.00000000000 0.00000000000 0.00000000000 0.00000000000 0.00000000000 0.00000000000 0.00000000000 0.00000000000
# sel50_fsh[1]:
 0.00000000000 0.00000000000 0.00000000000 0.00000000000 0.00000000000 0.00000000000
# sel50_fsh[2]:
 0.00000000000 0.00000000000 0.00000000000 0.00000000000 0.00000000000 0.00000000000 0.00000000000 0.00000000000 0.00000000000 0.00000000000 0.00000000000 0.00000000000 0.00000000000 0.00000000000 0.00000000000 0.00000000000 0.00000000000 0.00000000000 0.00000000000 0.00000000000 0.00000000000 0.00000000000 0.00000000000 0.00000000000 0.00000000000 0.00000000000 0.00000000000 0.00000000000 0.00000000000 0.00000000000 0.00000000000 0.00000000000 0.00000000000
# sel50_fsh[3]:
 0.00000000000 0.00000000000 0.00000000000 0.00000000000 0.00000000000 0.00000000000 0.00000000000 0.00000000000 0.00000000000 0.00000000000 0.00000000000 0.00000000000 0.00000000000 0.00000000000 0.00000000000 0.00000000000 0.00000000000 0.00000000000
# logsel_p1_fsh[1]:
 0.00000000000 0.00000000000 0.00000000000 0.00000000000 0.00000000000 0.00000000000
# logsel_p1_fsh[2]:
 0.00000000000 0.00000000000 0.00000000000 0.00000000000 0.00000000000 0.00000000000 0.00000000000 0.00000000000 0.00000000000 0.00000000000 0.00000000000 0.00000000000 0.00000000000 0.00000000000 0.00000000000 0.00000000000 0.00000000000 0.00000000000 0.00000000000 0.00000000000 0.00000000000 0.00000000000 0.00000000000 0.00000000000 0.00000000000 0.00000000000 0.00000000000 0.00000000000 0.00000000000 0.00000000000 0.00000000000 0.00000000000 0.00000000000
# logsel_p1_fsh[3]:
 0.00000000000 0.00000000000 0.00000000000 0.00000000000 0.00000000000 0.00000000000 0.00000000000 0.00000000000 0.00000000000 0.00000000000 0.00000000000 0.00000000000 0.00000000000 0.00000000000 0.00000000000 0.00000000000 0.00000000000 0.00000000000
# logsel_p2_fsh[1]:
 0.00000000000 0.00000000000 0.00000000000 0.00000000000 0.00000000000 0.00000000000
# logsel_p2_fsh[2]:
 0.00000000000 0.00000000000 0.00000000000 0.00000000000 0.00000000000 0.00000000000 0.00000000000 0.00000000000 0.00000000000 0.00000000000 0.00000000000 0.00000000000 0.00000000000 0.00000000000 0.00000000000 0.00000000000 0.00000000000 0.00000000000 0.00000000000 0.00000000000 0.00000000000 0.00000000000 0.00000000000 0.00000000000 0.00000000000 0.00000000000 0.00000000000 0.00000000000 0.00000000000 0.00000000000 0.00000000000 0.00000000000 0.00000000000
# logsel_p2_fsh[3]:
 0.00000000000 0.00000000000 0.00000000000 0.00000000000 0.00000000000 0.00000000000 0.00000000000 0.00000000000 0.00000000000 0.00000000000 0.00000000000 0.00000000000 0.00000000000 0.00000000000 0.00000000000 0.00000000000 0.00000000000 0.00000000000
# logsel_p3_fsh[1]:
 0.00000000000 0.00000000000 0.00000000000 0.00000000000 0.00000000000 0.00000000000
# logsel_p3_fsh[2]:
 0.00000000000 0.00000000000 0.00000000000 0.00000000000 0.00000000000 0.00000000000 0.00000000000 0.00000000000 0.00000000000 0.00000000000 0.00000000000 0.00000000000 0.00000000000 0.00000000000 0.00000000000 0.00000000000 0.00000000000 0.00000000000 0.00000000000 0.00000000000 0.00000000000 0.00000000000 0.00000000000 0.00000000000 0.00000000000 0.00000000000 0.00000000000 0.00000000000 0.00000000000 0.00000000000 0.00000000000 0.00000000000 0.00000000000
# logsel_p3_fsh[3]:
 0.00000000000 0.00000000000 0.00000000000 0.00000000000 0.00000000000 0.00000000000 0.00000000000 0.00000000000 0.00000000000 0.00000000000 0.00000000000 0.00000000000 0.00000000000 0.00000000000 0.00000000000 0.00000000000 0.00000000000 0.00000000000
# rec_dev_future:
 0.00000000000 0.00000000000 0.00000000000 0.00000000000 0.00000000000 0.00000000000 0.00000000000 0.00000000000 0.00000000000 0.00000000000 0.00000000000 0.00000000000 0.00000000000 0.00000000000 0.00000000000 0.00000000000 0.00000000000 0.00000000000 0.00000000000 0.00000000000
# log_q_ind[1]:
-0.245176918782
# log_q_ind[2]:
-5.93515205033
# log_q_power_ind[1]:
0.00000000000
# log_q_power_ind[2]:
0.00000000000
# log_selcoffs_ind[1]:
 -7.67844241956 -5.67540731760 -4.21636283246 -2.79100010730 -1.59936411750 -0.925322883036 -0.0471820991200 0.650032379988 0.977557260971 1.33344602940
 -7.67337218338 -5.57475338812 -4.06689889803 -2.66245775548 -1.29578158963 -0.668993952034 0.107876774876 0.413776429068 0.964266637035 1.35419342146
 -7.66489895923 -5.46157026595 -3.89396015984 -2.39712283054 -1.35351886783 -0.480927225883 -0.00107398264615 0.513842089781 0.928141225671 1.33683358239
 -7.65240779110 -5.37715479202 -3.87710762033 -2.69153001363 -1.78935995346 -0.863982149258 -0.164465980357 0.433943002620 1.09563200914 1.36994109877
 -7.63484172968 -5.18131367427 -3.57881714664 -2.65775874488 -1.85348918935 -1.28948973713 -0.563922912072 0.473318580519 0.906349307311 1.57157538281
 -7.60894586857 -5.01814892199 -3.53967375669 -2.77898295981 -1.98495921101 -1.27122460257 -0.770586558748 0.159120535241 0.944097966011 1.66358023851
 -7.55496262677 -4.64637884949 -3.12617593088 -2.38635884996 -1.40345870183 -0.763912367845 -0.515472173888 0.215621247581 0.802501959209 1.62402660259
 -7.48534707534 -3.93920385229 -1.64007331165 -1.56151371075 -1.37105974395 -1.04435924896 -0.777828221807 0.00294626581072 0.801235581706 1.66388634646
 -7.41023786391 -3.79316832704 -1.65942556112 -1.28826478814 -1.14620590891 -0.902330971201 -0.691026829652 0.237569444302 0.739146196685 1.59412916798
 -7.34622948009 -3.74203095579 -1.41914170045 -0.772453040325 -0.856937533573 -0.856237686075 -0.690147449118 0.0700829013053 0.626342651619 1.60498328992
 -7.28412371118 -3.54302738804 -1.10361721840 -0.704006580605 -0.818950978828 -0.996281126585 -0.770826410693 0.0571308629002 0.567611611544 1.61909143533
 -7.21953096695 -3.34815021247 -1.23678328393 -0.928991839546 -1.08458336171 -0.846653796754 -0.551155313219 0.162275955731 0.512286974438 1.62735398463
 -7.15229305420 -3.01999766313 -1.02803411183 -0.691904992227 -1.03444879663 -0.832383922726 -0.636295895895 -0.159988342181 0.360440612008 1.70225176789
 -7.08291925078 -2.88755866595 -0.875479215023 -0.831285569710 -0.584027800120 -0.199141974207 0.0358518485731 0.160497905471 0.383988219607 1.39512780821
 -7.01276823321 -2.83249793771 -0.901835348186 -0.357585817876 -0.428582976173 -0.0261141281732 0.314097109405 0.198167037942 0.318091996224 1.17763922661
 -6.93874726265 -2.44556126950 -1.02945704834 -0.443111606823 -0.122189675043 -0.0996124197834 0.468095056344 0.177268027351 0.226129753547 1.12438054415
 -6.95588234528 -1.59883977918 -0.869852456041 -0.447059496989 -0.392044782583 -0.210865698733 0.255638190697 0.105966938631 0.333007375398 1.23971019509
 -6.96966131048 -2.20139898840 -0.637279644475 -0.250241338218 -0.574064328503 -0.348513342913 0.00589532081327 -0.00600165637075 0.359206090181 1.35583025599
 -6.98075879222 -2.12112269920 -0.304278872659 -0.437543265249 -1.02455550205 -0.712965282444 -0.352469945373 -0.204819690883 0.405725682115 1.53225841289
# log_selcoffs_ind[2]:
 0.00000000000 0.00000000000 0.00000000000 0.00000000000 0.00000000000 0.00000000000 0.00000000000 0.00000000000 0.00000000000 0.00000000000
# logsel_slope_ind[1]:
 0.00000000000 0.00000000000 0.00000000000 0.00000000000 0.00000000000 0.00000000000 0.00000000000 0.00000000000 0.00000000000 0.00000000000 0.00000000000 0.00000000000 0.00000000000 0.00000000000 0.00000000000 0.00000000000 0.00000000000 0.00000000000 0.00000000000
# logsel_slope_ind[2]:
 0.00000000000
# sel50_ind[1]:
 0.00000000000 0.00000000000 0.00000000000 0.00000000000 0.00000000000 0.00000000000 0.00000000000 0.00000000000 0.00000000000 0.00000000000 0.00000000000 0.00000000000 0.00000000000 0.00000000000 0.00000000000 0.00000000000 0.00000000000 0.00000000000 0.00000000000
# sel50_ind[2]:
 0.00000000000
# logsel_p1_ind[1]:
 0.00000000000 0.00000000000 0.00000000000 0.00000000000 0.00000000000 0.00000000000 0.00000000000 0.00000000000 0.00000000000 0.00000000000 0.00000000000 0.00000000000 0.00000000000 0.00000000000 0.00000000000 0.00000000000 0.00000000000 0.00000000000 0.00000000000
# logsel_p1_ind[2]:
 0.00000000000
# sel_p2_ind[1]:
 0.00000000000 0.00000000000 0.00000000000 0.00000000000 0.00000000000 0.00000000000 0.00000000000 0.00000000000 0.00000000000 0.00000000000 0.00000000000 0.00000000000 0.00000000000 0.00000000000 0.00000000000 0.00000000000 0.00000000000 0.00000000000 0.00000000000
# sel_p2_ind[2]:
 0.00000000000
# logsel_p3_ind[1]:
 0.00000000000 0.00000000000 0.00000000000 0.00000000000 0.00000000000 0.00000000000 0.00000000000 0.00000000000 0.00000000000 0.00000000000 0.00000000000 0.00000000000 0.00000000000 0.00000000000 0.00000000000 0.00000000000 0.00000000000 0.00000000000 0.00000000000
# logsel_p3_ind[2]:
 0.00000000000
