# Number of parameters = 771 Objective function value = 140.851395437391  Maximum gradient component = 6.60470597530181e-05
# Mest[1]:
0.350000000000
# log_Linf[1]:
4.38701417618
# log_k[1]:
-1.83258146375
# log_Lo[1]:
2.75684036527
# log_sdage[1]:
-2.40794560865
# mean_log_rec[1]:
7.21051062351
# steepness[1]:
0.527172754903
# log_Rzero[1]:
7.41246748564
# rec_dev:
 -0.169760992381 -0.222926846646 -0.285129378168 -0.363089128055 -0.440630070087 -0.532070428669 -0.615757636909 -0.683775038117 -0.708487070028 -0.437100833121 -0.0515822977600 0.424701075743 0.429547662189 0.519789406763 0.843772888981 0.632499896665 0.485906035814 0.387574758371 0.479943072533 0.516069460465 0.468833702978 0.451447112320 0.865912577860 0.521511470402 1.17397005867 0.233358136734 0.236864138061 0.348987388088 -0.283088262192 -0.458743798896 -0.310764749834 -0.676063086868 -0.361382474668 -0.200490776907 -0.431169736001 -0.563978555905 -0.566627519505 -0.152318960777 -0.363922966540 0.00223409013476 -0.324169540550 -0.408806626655 -0.111227698964 -5.53313661555e-09
# log_sigmar[1]:
-0.223143551314
# fmort:
 -13.8021863639 -13.9173724376 -2.37761990833 -1.88217411521 -1.74154333500 -2.34277695955 -1.99252624944 -1.67383056159 -2.67666352873 -2.77586389799 -1.81174379400 -1.12188621591 -3.13163365106 -1.52763232506 -1.38603281443 -2.62543370581 -2.21280639810 -2.35327452067 -5.17909396630 -5.41156624361 -4.84999478015 -9.43777692108 -10.7246661934 -13.4543341830 -7.93553807630 -6.89230794770 -6.99596286647 -7.06712320250 -13.6197576549 -13.6311506730 -13.6289608682
 -2.79272463200 -2.00414396984 -2.73464925784 -2.82308924997 -2.84182611485 -2.59537342112 -3.03278730280 -2.79300522325 -3.04712200753 -3.01859058887 -2.90696978817 -2.70887946963 -2.65023669248 -2.92691150463 -2.44842793640 -2.62707756272 -2.45523602051 -2.23037070956 -1.73357513934 -1.15945678924 -0.896152492099 -0.782834024764 -1.02207276832 -1.00808569650 -0.860071230935 -0.744125402775 -0.948748223690 -0.815876670174 -0.994233678537 -1.48879091121 -1.74377975063
 -13.6457304382 -13.4608234784 -13.2804868353 -13.3537175957 -13.3283111875 -13.0032763292 -13.1537449404 -13.0950448536 -13.0807302257 -13.1682631895 -13.1767729937 -13.0535102583 -12.7152697053 -12.8769435730 -12.7672991419 -12.6604345636 -2.75637759254 -2.21861379269 -1.15697185238 -2.09907018323 -1.50712001482 -2.12917804139 -1.89975036871 -1.99245407242 -2.40609205393 -1.84290304298 -1.16122913238 -1.22150670864 -1.78486897054 -2.64705498467 -3.18502476232
# log_selcoffs_fsh[1]:
 -1.49439223283 -0.206935142434 0.232108552095 0.215809401993 0.199099620216 0.215205402633
 -1.75023394722 0.115588248352 0.428445058812 0.151670878313 0.00935676966489 -0.00432298976947
 -2.09673891836 -0.488593185828 0.764734639824 0.265241529652 0.0112537085620 -0.222934244189
 -2.20115121578 -0.496330327837 0.520885858016 0.598639905868 0.0222117965342 -0.281113084402
 -2.15161659323 -0.103977142818 0.733051198183 0.339754588973 -0.173277349487 -0.422312493880
 -2.19763491031 -0.406241210389 0.707188931420 0.553689792252 -0.165275653597 -0.498924567003
# log_selcoffs_fsh[2]:
 -5.08276614609 -3.84310240112 -2.64475205427 -1.55123605573 -0.626515333891 0.0692460698483 0.504498596975 0.718045734571 0.784407261727 0.781856398129
 -5.22952641350 -3.93572561483 -2.67179066258 -1.54922838189 -0.542887366262 0.255460716494 0.570493233940 0.682118598890 0.718215722788 0.704815710006
 -5.32145251337 -3.99554714978 -2.70868190198 -1.48251518108 -0.525479557927 0.292181899761 0.575103477910 0.668782357814 0.706244451097 0.691579753729
 -5.37861147753 -3.98684478516 -2.69168147951 -1.48588899171 -0.528959992296 0.193791892956 0.526677573959 0.698210201576 0.750974322554 0.721339013129
 -5.42258971544 -4.00324782309 -2.69862290991 -1.52166722613 -0.514066478610 0.195564334928 0.483422971336 0.672215802831 0.766951006840 0.762788713411
 -5.47052919958 -4.01809445609 -2.69190830014 -1.52747023723 -0.543724229870 0.0759645347073 0.441993294436 0.691415440895 0.815839146366 0.797527345644
 -5.50221159683 -3.99287709623 -2.59314315366 -1.51549082295 -0.683663301010 -0.100499390328 0.364469993765 0.697752046869 0.902500099154 0.858279683055
 -5.54723969320 -4.07448888042 -2.66557791314 -1.56870173665 -0.741724679241 -0.182404900829 0.332381556321 0.728554417675 0.910380654051 0.892012169662
 -5.57408212124 -4.15198967259 -2.84037066873 -1.64797207859 -0.775252069270 -0.215040079236 0.336440661448 0.740263603165 0.916799926853 0.902116431472
 -5.58834594884 -4.19666657971 -2.91622160558 -1.68976416679 -0.796286999968 -0.189922054046 0.388933882611 0.732790331290 0.874812763997 0.920193569488
 -5.57474086355 -4.25673152781 -2.96512918048 -1.69130440935 -0.811201019587 -0.192328638021 0.285956721162 0.656502209194 0.907366642833 1.00795275251
 -5.58349507992 -4.27452717472 -3.03724633062 -1.75770559684 -0.612381605687 -0.0788854373907 0.276852554970 0.596851790348 0.878375857262 1.01282211857
 -5.57767629717 -4.20430120180 -2.93791989859 -1.76733483916 -0.784509805701 -0.0574528955229 0.284447767957 0.616116214502 0.870453589464 1.02542144099
 -5.54419861901 -4.03791763335 -2.74207201818 -1.68547488277 -0.752549969402 -0.170316983649 0.242601920572 0.590896964622 0.880703886432 1.07204106018
 -5.54915177966 -4.07287059432 -2.73918814839 -1.67001927304 -0.775742354699 -0.172668583281 0.210318590124 0.578427565033 0.897507183916 1.08304286877
 -5.58155599777 -4.11998926250 -2.77630678242 -1.68300695840 -0.846097901568 -0.246060427368 0.235637138525 0.606398235985 0.929296313010 1.06080292635
 -5.61021592071 -4.12984878753 -2.73532024198 -1.62736222370 -0.855060399749 -0.331436167950 0.189592480572 0.666570766622 0.943403044134 1.04758999770
 -5.60227219581 -4.06190563174 -2.63521354887 -1.60836024172 -0.924623103634 -0.415967028635 0.113359418552 0.594662151100 0.995526607172 1.10266744749
 -5.60945688864 -4.00525075867 -2.57082849603 -1.47566885451 -0.765356944614 -0.307858092339 0.121673946855 0.577678059586 0.918220248756 1.11734290940
 -5.68139896633 -3.97856993807 -2.45153235598 -1.35609871713 -0.573155560743 -0.130409168846 0.179369489311 0.598485879531 0.895199618746 1.00390750892
 -5.70964925882 -3.89686153230 -2.26410574372 -1.17612281282 -0.494906075373 -0.0879825854625 0.209528878840 0.540125500201 0.879812981813 0.985373500293
 -5.75531749409 -3.86781362753 -2.08232530758 -0.949717270469 -0.376747504117 -0.0552294478067 0.237909197089 0.532085699023 0.817339058157 0.954180835483
 -5.81216616426 -3.91361280460 -2.08204688466 -0.850790470033 -0.266967340828 0.00288154537253 0.271714659216 0.540339703654 0.770019004513 0.903446732415
 -5.82005859112 -3.98327673942 -2.26006067112 -1.06732987248 -0.422357658495 -0.0745685638237 0.251736421011 0.567804289901 0.855849393629 0.933138727149
 -5.79959768108 -4.00434070020 -2.28131090648 -1.05819679872 -0.457343602543 -0.117090866921 0.183217555315 0.540849589111 0.850993116495 1.01033605750
 -5.76713588825 -4.02289116842 -2.40760853309 -1.18795368125 -0.578045927469 -0.188109067396 0.138050673473 0.540111689167 0.874817204726 1.07565354561
 -5.70728837537 -3.98506432842 -2.46220320868 -1.35125005358 -0.711761220036 -0.286979913649 0.0823076262524 0.484921895455 0.889700153632 1.17815650953
 -5.76950783136 -4.05588998743 -2.46153825743 -1.23383679923 -0.498808262528 -0.104011841217 0.200320156294 0.500867627558 0.830518198114 1.07437410304
# log_selcoffs_fsh[3]:
 -5.81680378159 -4.72352503921 -3.66007301284 -2.65085494668 -1.71784227921 -0.892575331261 -0.228529558388 0.251072601606 0.682521353725 1.01425032627 1.24861223782
 -5.86236551275 -4.75131128083 -3.68780984498 -2.68642877751 -1.72321744829 -0.834367518114 -0.126868593524 0.360000703333 0.673982105704 1.00752299857 1.18408677963
 -5.85862244063 -4.56605738738 -3.39231997280 -2.26540020662 -1.22931721821 -0.594990277146 -0.0855676831134 0.303714595852 0.648631930453 0.964983905443 1.16150130085
 -5.82372904723 -4.12093346419 -2.67886160368 -1.77029820780 -1.14629091390 -0.604803600075 -0.141148070731 0.269468730023 0.638683000251 0.963071888277 1.15893870164
 -5.77574413391 -3.76379649479 -2.04251570161 -1.22140584335 -0.900761896758 -0.662405635287 -0.329116878017 0.0649988104141 0.551220239414 0.980284975907 1.23547555503
 -5.83258055039 -3.80494767719 -1.85981925546 -0.860885574475 -0.652893162226 -0.659946173788 -0.410094182712 0.0159631620518 0.521853908519 0.949155714311 1.22687317121
 -5.89574776808 -3.98583944825 -2.14142774341 -0.714438946772 -0.292276987965 -0.301652615727 -0.285224260326 0.00510130149948 0.425316435110 0.855086520151 1.17771591210
 -5.94715947947 -4.10393596872 -2.33232420729 -0.895478590067 -0.113505263846 -0.00831913427460 -0.0823389755731 -0.00330242293282 0.328838085735 0.779603898486 1.13248486049
 -5.94671328874 -4.09093920065 -2.34067849476 -0.997393049593 -0.257898981907 -0.0155120107201 -0.0121656137674 0.0703100921472 0.337159750013 0.776951953408 1.13838861613
 -5.91090022778 -3.91167826390 -2.00321184074 -0.999250955150 -0.523377282857 -0.393598788257 -0.263430301224 0.0370162378511 0.468795301534 0.905569992716 1.20283893376
 -5.83825633509 -3.77678881700 -2.13045481629 -1.25294348571 -0.920322795770 -0.718358958138 -0.395598802241 0.0900124554109 0.613642912818 1.00244792947 1.20724095341
 -5.92377694661 -4.13921366441 -2.57748231734 -1.79502288151 -1.24490414745 -0.838309874630 -0.384861516107 0.245026040696 0.775091121876 1.05984148141 1.09994095943
 -5.99885226510 -4.49122153893 -3.12545698365 -1.96070576097 -1.28625801490 -0.856293101312 -0.268884189713 0.324883928487 0.811191248639 1.05862108563 1.03656535626
# log_sel_spl_fsh[1]:
 0.00000000000 0.00000000000 0.00000000000 0.00000000000
 0.00000000000 0.00000000000 0.00000000000 0.00000000000
 0.00000000000 0.00000000000 0.00000000000 0.00000000000
 0.00000000000 0.00000000000 0.00000000000 0.00000000000
 0.00000000000 0.00000000000 0.00000000000 0.00000000000
 0.00000000000 0.00000000000 0.00000000000 0.00000000000
# log_sel_spl_fsh[2]:
 0.00000000000 0.00000000000 0.00000000000 0.00000000000
 0.00000000000 0.00000000000 0.00000000000 0.00000000000
 0.00000000000 0.00000000000 0.00000000000 0.00000000000
 0.00000000000 0.00000000000 0.00000000000 0.00000000000
 0.00000000000 0.00000000000 0.00000000000 0.00000000000
 0.00000000000 0.00000000000 0.00000000000 0.00000000000
 0.00000000000 0.00000000000 0.00000000000 0.00000000000
 0.00000000000 0.00000000000 0.00000000000 0.00000000000
 0.00000000000 0.00000000000 0.00000000000 0.00000000000
 0.00000000000 0.00000000000 0.00000000000 0.00000000000
 0.00000000000 0.00000000000 0.00000000000 0.00000000000
 0.00000000000 0.00000000000 0.00000000000 0.00000000000
 0.00000000000 0.00000000000 0.00000000000 0.00000000000
 0.00000000000 0.00000000000 0.00000000000 0.00000000000
 0.00000000000 0.00000000000 0.00000000000 0.00000000000
 0.00000000000 0.00000000000 0.00000000000 0.00000000000
 0.00000000000 0.00000000000 0.00000000000 0.00000000000
 0.00000000000 0.00000000000 0.00000000000 0.00000000000
 0.00000000000 0.00000000000 0.00000000000 0.00000000000
 0.00000000000 0.00000000000 0.00000000000 0.00000000000
 0.00000000000 0.00000000000 0.00000000000 0.00000000000
 0.00000000000 0.00000000000 0.00000000000 0.00000000000
 0.00000000000 0.00000000000 0.00000000000 0.00000000000
 0.00000000000 0.00000000000 0.00000000000 0.00000000000
 0.00000000000 0.00000000000 0.00000000000 0.00000000000
 0.00000000000 0.00000000000 0.00000000000 0.00000000000
 0.00000000000 0.00000000000 0.00000000000 0.00000000000
 0.00000000000 0.00000000000 0.00000000000 0.00000000000
# log_sel_spl_fsh[3]:
 0.00000000000 0.00000000000 0.00000000000 0.00000000000
 0.00000000000 0.00000000000 0.00000000000 0.00000000000
 0.00000000000 0.00000000000 0.00000000000 0.00000000000
 0.00000000000 0.00000000000 0.00000000000 0.00000000000
 0.00000000000 0.00000000000 0.00000000000 0.00000000000
 0.00000000000 0.00000000000 0.00000000000 0.00000000000
 0.00000000000 0.00000000000 0.00000000000 0.00000000000
 0.00000000000 0.00000000000 0.00000000000 0.00000000000
 0.00000000000 0.00000000000 0.00000000000 0.00000000000
 0.00000000000 0.00000000000 0.00000000000 0.00000000000
 0.00000000000 0.00000000000 0.00000000000 0.00000000000
 0.00000000000 0.00000000000 0.00000000000 0.00000000000
 0.00000000000 0.00000000000 0.00000000000 0.00000000000
# logsel_slope_fsh[1]:
 0.00000000000 0.00000000000 0.00000000000 0.00000000000 0.00000000000 0.00000000000
# logsel_slope_fsh[2]:
 0.00000000000 0.00000000000 0.00000000000 0.00000000000 0.00000000000 0.00000000000 0.00000000000 0.00000000000 0.00000000000 0.00000000000 0.00000000000 0.00000000000 0.00000000000 0.00000000000 0.00000000000 0.00000000000 0.00000000000 0.00000000000 0.00000000000 0.00000000000 0.00000000000 0.00000000000 0.00000000000 0.00000000000 0.00000000000 0.00000000000 0.00000000000 0.00000000000
# logsel_slope_fsh[3]:
 0.00000000000 0.00000000000 0.00000000000 0.00000000000 0.00000000000 0.00000000000 0.00000000000 0.00000000000 0.00000000000 0.00000000000 0.00000000000 0.00000000000 0.00000000000
# sel50_fsh[1]:
 0.00000000000 0.00000000000 0.00000000000 0.00000000000 0.00000000000 0.00000000000
# sel50_fsh[2]:
 0.00000000000 0.00000000000 0.00000000000 0.00000000000 0.00000000000 0.00000000000 0.00000000000 0.00000000000 0.00000000000 0.00000000000 0.00000000000 0.00000000000 0.00000000000 0.00000000000 0.00000000000 0.00000000000 0.00000000000 0.00000000000 0.00000000000 0.00000000000 0.00000000000 0.00000000000 0.00000000000 0.00000000000 0.00000000000 0.00000000000 0.00000000000 0.00000000000
# sel50_fsh[3]:
 0.00000000000 0.00000000000 0.00000000000 0.00000000000 0.00000000000 0.00000000000 0.00000000000 0.00000000000 0.00000000000 0.00000000000 0.00000000000 0.00000000000 0.00000000000
# logsel_p1_fsh[1]:
 0.00000000000 0.00000000000 0.00000000000 0.00000000000 0.00000000000 0.00000000000
# logsel_p1_fsh[2]:
 0.00000000000 0.00000000000 0.00000000000 0.00000000000 0.00000000000 0.00000000000 0.00000000000 0.00000000000 0.00000000000 0.00000000000 0.00000000000 0.00000000000 0.00000000000 0.00000000000 0.00000000000 0.00000000000 0.00000000000 0.00000000000 0.00000000000 0.00000000000 0.00000000000 0.00000000000 0.00000000000 0.00000000000 0.00000000000 0.00000000000 0.00000000000 0.00000000000
# logsel_p1_fsh[3]:
 0.00000000000 0.00000000000 0.00000000000 0.00000000000 0.00000000000 0.00000000000 0.00000000000 0.00000000000 0.00000000000 0.00000000000 0.00000000000 0.00000000000 0.00000000000
# logsel_p2_fsh[1]:
 0.00000000000 0.00000000000 0.00000000000 0.00000000000 0.00000000000 0.00000000000
# logsel_p2_fsh[2]:
 0.00000000000 0.00000000000 0.00000000000 0.00000000000 0.00000000000 0.00000000000 0.00000000000 0.00000000000 0.00000000000 0.00000000000 0.00000000000 0.00000000000 0.00000000000 0.00000000000 0.00000000000 0.00000000000 0.00000000000 0.00000000000 0.00000000000 0.00000000000 0.00000000000 0.00000000000 0.00000000000 0.00000000000 0.00000000000 0.00000000000 0.00000000000 0.00000000000
# logsel_p2_fsh[3]:
 0.00000000000 0.00000000000 0.00000000000 0.00000000000 0.00000000000 0.00000000000 0.00000000000 0.00000000000 0.00000000000 0.00000000000 0.00000000000 0.00000000000 0.00000000000
# logsel_p3_fsh[1]:
 0.00000000000 0.00000000000 0.00000000000 0.00000000000 0.00000000000 0.00000000000
# logsel_p3_fsh[2]:
 0.00000000000 0.00000000000 0.00000000000 0.00000000000 0.00000000000 0.00000000000 0.00000000000 0.00000000000 0.00000000000 0.00000000000 0.00000000000 0.00000000000 0.00000000000 0.00000000000 0.00000000000 0.00000000000 0.00000000000 0.00000000000 0.00000000000 0.00000000000 0.00000000000 0.00000000000 0.00000000000 0.00000000000 0.00000000000 0.00000000000 0.00000000000 0.00000000000
# logsel_p3_fsh[3]:
 0.00000000000 0.00000000000 0.00000000000 0.00000000000 0.00000000000 0.00000000000 0.00000000000 0.00000000000 0.00000000000 0.00000000000 0.00000000000 0.00000000000 0.00000000000
# rec_dev_future:
 0.00000000000 0.00000000000 0.00000000000 0.00000000000 0.00000000000 0.00000000000 0.00000000000 0.00000000000 0.00000000000 0.00000000000 0.00000000000 0.00000000000 0.00000000000 0.00000000000 0.00000000000 0.00000000000 0.00000000000 0.00000000000 0.00000000000 0.00000000000
# log_q_ind[1]:
-0.382965001221
# log_q_ind[2]:
-5.86392693604
# log_q_power_ind[1]:
0.00000000000
# log_q_power_ind[2]:
0.00000000000
# log_selcoffs_ind[1]:
 -8.38563277555 -5.62874567742 -4.12216037913 -2.69149799203 -1.49557098895 -0.846049930210 0.0259901487971 0.675376262060 0.960853393014 1.29580428435
 -8.38500970526 -5.53407612627 -3.97620762699 -2.56081150984 -1.19619544208 -0.572856900917 0.175765952950 0.457862152058 0.940784172193 1.30798927988
 -8.38430613631 -5.42637083542 -3.81426421345 -2.29709952811 -1.25027859651 -0.388365000493 0.0872099985899 0.550022136620 0.915565502140 1.27691858292
 -8.38370841099 -5.34651519450 -3.80319746356 -2.60966788203 -1.68070215304 -0.757937982893 -0.0753331806191 0.496554555588 1.07749977412 1.31813919901
 -8.38266414257 -5.15745830459 -3.50436526968 -2.58393261930 -1.77006830008 -1.17542593947 -0.461806965186 0.531759069048 0.910273879488 1.52440127262
 -8.38247417584 -5.00353819318 -3.45876690134 -2.69932464562 -1.91220072018 -1.18817563377 -0.667050018071 0.215343761630 0.938967146662 1.63529253613
 -8.37501875525 -4.65901163536 -3.02182565524 -2.28887589611 -1.32481715630 -0.689137616630 -0.449121803544 0.245348359690 0.803282247651 1.59396445693
 -8.36458497579 -4.02706363771 -1.53943193495 -1.44665112605 -1.27392124690 -0.966989239844 -0.711720323015 0.0369325313151 0.788150168646 1.63790394428
 -8.35469781265 -4.01783756232 -1.63651750206 -1.19650588437 -1.04085858592 -0.812947629282 -0.625602236677 0.277707679505 0.722727784815 1.56299246709
 -8.35770360179 -4.15759908999 -1.55429679918 -0.755595887748 -0.775605106395 -0.761559251227 -0.612511050268 0.123850055733 0.616455367090 1.57887645000
 -8.36415811970 -4.15937072268 -1.49721256302 -0.855630099232 -0.837790883789 -0.949350866642 -0.691452510807 0.150951010768 0.585583791495 1.62055529729
 -8.36933055018 -4.16572388186 -1.88003273909 -1.38246009520 -1.32790621613 -0.942601429133 -0.538976463969 0.265903381432 0.560540037102 1.66515403759
 -8.37382239833 -3.95312273424 -1.96335534515 -1.44679774423 -1.62281536710 -1.21663365875 -0.822442672922 -0.134900090057 0.452215371268 1.82878971712
 -8.37639867853 -3.92675006789 -1.78233701512 -1.90992333762 -1.40303312821 -0.899921996004 -0.408419651522 0.0933762266749 0.519843363578 1.71684471487
# log_selcoffs_ind[2]:
 0.00000000000 0.00000000000 0.00000000000 0.00000000000 0.00000000000 0.00000000000 0.00000000000 0.00000000000 0.00000000000 0.00000000000
# logsel_slope_ind[1]:
 0.00000000000 0.00000000000 0.00000000000 0.00000000000 0.00000000000 0.00000000000 0.00000000000 0.00000000000 0.00000000000 0.00000000000 0.00000000000 0.00000000000 0.00000000000 0.00000000000
# logsel_slope_ind[2]:
 0.00000000000
# sel50_ind[1]:
 0.00000000000 0.00000000000 0.00000000000 0.00000000000 0.00000000000 0.00000000000 0.00000000000 0.00000000000 0.00000000000 0.00000000000 0.00000000000 0.00000000000 0.00000000000 0.00000000000
# sel50_ind[2]:
 0.00000000000
# logsel_p1_ind[1]:
 0.00000000000 0.00000000000 0.00000000000 0.00000000000 0.00000000000 0.00000000000 0.00000000000 0.00000000000 0.00000000000 0.00000000000 0.00000000000 0.00000000000 0.00000000000 0.00000000000
# logsel_p1_ind[2]:
 0.00000000000
# sel_p2_ind[1]:
 0.00000000000 0.00000000000 0.00000000000 0.00000000000 0.00000000000 0.00000000000 0.00000000000 0.00000000000 0.00000000000 0.00000000000 0.00000000000 0.00000000000 0.00000000000 0.00000000000
# sel_p2_ind[2]:
 0.00000000000
# logsel_p3_ind[1]:
 0.00000000000 0.00000000000 0.00000000000 0.00000000000 0.00000000000 0.00000000000 0.00000000000 0.00000000000 0.00000000000 0.00000000000 0.00000000000 0.00000000000 0.00000000000 0.00000000000
# logsel_p3_ind[2]:
 0.00000000000
