# Number of parameters = 739 Objective function value = 244.806432359009  Maximum gradient component = 3.14484367580103e-05
# Mest[1]:
0.350000000000
# log_Linf[1]:
4.38701417618
# log_k[1]:
-1.83258146375
# log_Lo[1]:
2.75684036527
# log_sdage[1]:
-2.40794560865
# mean_log_rec[1]:
7.00006172794
# steepness[1]:
0.650000000000
# log_Rzero[1]:
6.70944372632
# rec_dev:
 -0.180594852878 -0.234341343425 -0.294947104127 -0.371405923416 -0.446376085111 -0.535016211688 -0.617231408547 -0.688406960904 -0.714143198540 -0.437955616291 -0.0341267168076 0.471624814607 0.512784606559 0.648199215158 1.05212729027 0.847067643415 0.688840545932 0.577904730316 0.675240929820 0.702342690896 0.672305738859 0.706501488100 1.15567415490 0.814779780767 1.43640666242 0.482188634236 0.403032392022 0.471176094657 -0.185615314827 -0.402681455510 -0.220239700547 -0.554578303986 -0.223413818056 -0.0378030053383 -0.189062454075 -0.349538311882 -0.490886095137 -0.325027719171 -0.637956591874 -0.517637900205 -0.640203820088 -0.863624543583 -0.901581190607 -0.329829445641 0.976724425815 -0.357996080278 -0.0855995801891 -2.04191508146e-09
# log_sigmar[1]:
-0.223143551314
# fmort:
 -13.6709475293 -13.8155454894 -2.31461518194 -1.83914345909 -1.69929575759 -2.29983686902 -1.95571414188 -1.64328113881 -2.65761220441 -2.78239501650 -1.85600858139 -1.19498932997 -3.20086976872 -1.57468905038 -1.42445859792 -2.62513974362 -2.17498032777 -2.27765084223 -5.06532230188 -5.29174778123 -4.73096563268 -9.34003073313 -10.6461548255 -13.3923113848 -7.86565170437 -6.73659886575 -6.68478695852 -6.58397335645 -12.9995213416 -12.9651381848 -12.8899014608 -12.9717213510 -13.5000133292 -13.9931560434 -13.9119048283
 -2.46525021996 -1.64033000937 -2.35253459395 -2.45835035431 -2.49957805280 -2.28561373031 -2.75697301077 -2.55060497645 -2.82588645535 -2.83071677333 -2.75589363973 -2.59737465553 -2.57658155078 -2.88516775542 -2.43757445308 -2.64778379326 -2.50226663699 -2.30609486073 -1.85209477653 -1.30604304220 -1.05363357217 -0.943831184790 -1.17511372025 -1.17573939558 -1.04943718508 -0.937936987972 -1.15583953280 -1.01147359511 -1.16127755876 -1.51382819481 -1.44226998140 -1.43984801472 -1.97161922625 -2.17190934338 -2.41269144792
 -13.3043482264 -13.0951733534 -12.8963764996 -12.9795240962 -12.9707943340 -12.7052046172 -12.8909679372 -12.8721901128 -12.8659663961 -12.9895105531 -13.0380448669 -12.9475578770 -12.6453575151 -12.8360396835 -12.7487655791 -12.6666088621 -2.77957930140 -2.25561776405 -1.21159170804 -2.17497883813 -1.57531530631 -2.17397789880 -1.91319009364 -1.98981407551 -2.39888957476 -1.83111482116 -1.12177385585 -1.09368962801 -1.54682088463 -2.26503965833 -2.59499699753 -3.01320260264 -3.06041283120 -3.20470577188 -4.54867829560
# log_selcoffs_fsh[1]:
 -1.41668865948 -0.130469660065 0.298667389415 0.224564594033 0.149153125891 0.112535181672
 -1.67120761853 0.152180615771 0.446919798794 0.152426978155 -0.0193036188747 -0.0633852189569
 -1.99767462627 -0.450703649428 0.771008828318 0.249045388714 -0.00404185925208 -0.240216939945
 -2.07943568005 -0.427931160465 0.522374193440 0.572578451039 -0.000458441776902 -0.268215324369
 -2.03017971905 -0.0245450355377 0.747639727094 0.277793237619 -0.229559054484 -0.406724048496
 -2.06701457117 -0.311547444732 0.747263731449 0.481299981801 -0.245755892550 -0.462640366377
# log_selcoffs_fsh[2]:
 -5.31113175441 -4.06410103534 -2.85473708356 -1.74178047640 -0.785975871618 -0.0460703558493 0.444927200283 0.719788094919 0.842002275513 0.875082148784
 -5.44100021324 -4.14606086110 -2.87667085771 -1.73105381541 -0.691934882713 0.145722298221 0.509778973316 0.681641502844 0.781395458394 0.816415119138
 -5.51728603626 -4.19107203675 -2.90025505122 -1.65881224089 -0.668495871973 0.186817629858 0.514398974046 0.664614230775 0.768028470839 0.809020363757
 -5.56019350839 -4.16664370177 -2.86610393485 -1.64801756853 -0.670489328901 0.0882823042522 0.464125771800 0.689264387184 0.806370343267 0.835039735555
 -5.58789705763 -4.16520520584 -2.85243305014 -1.66253557247 -0.640152225339 0.0900059928300 0.418366055564 0.659000660562 0.818388263169 0.872462733448
 -5.62008462994 -4.16313927450 -2.82659066636 -1.64623213004 -0.648934178900 -0.0167838762265 0.372738535163 0.669330348121 0.858143989751 0.899940406257
 -5.63635799792 -4.12403933758 -2.71251285070 -1.61646733242 -0.768824520762 -0.176520981979 0.301051349317 0.665439876237 0.930343778338 0.948386894363
 -5.66399088517 -4.19371867285 -2.77562368116 -1.65769775745 -0.811585510238 -0.240525568586 0.283144301585 0.699537797553 0.926296138282 0.968096444491
 -5.66872899473 -4.25762533026 -2.94418643171 -1.73312442764 -0.836824458379 -0.261702419070 0.300362824149 0.719063623441 0.928780267835 0.961613306589
 -5.65413232029 -4.27883887980 -3.00722125278 -1.77183478250 -0.856498642148 -0.230076478522 0.361698708373 0.720046031458 0.886512049062 0.965889938933
 -5.60591657884 -4.30886383561 -3.03380309747 -1.76498084328 -0.873504354972 -0.233492603538 0.263424623011 0.649728287951 0.919595540574 1.04014528840
 -5.57496079114 -4.28646625228 -3.07351111285 -1.81386287330 -0.672192825385 -0.123784262415 0.255483345653 0.596780137091 0.894377503391 1.03881116456
 -5.53088602349 -4.17169266365 -2.93114583235 -1.79586667338 -0.835097309754 -0.103902430644 0.259062332386 0.617929247520 0.889303267497 1.04447834910
 -5.46360943783 -3.96140586502 -2.68369323618 -1.66993409225 -0.782075542998 -0.213293278868 0.216093433783 0.591386268179 0.898214424952 1.08243422485
 -5.44204959839 -3.96080431904 -2.63276700588 -1.59884418350 -0.762864095766 -0.199310185570 0.185194171885 0.579883121508 0.911711415358 1.07811294651
 -5.45727531740 -3.98270929024 -2.63424258044 -1.55923011169 -0.773352600744 -0.230648013751 0.226279403540 0.609818811803 0.935378420214 1.02867068519
 -5.48236165917 -3.98358825466 -2.57360917332 -1.46909436635 -0.725163886013 -0.255022412128 0.220857655226 0.690107464763 0.933595620790 0.965830881206
 -5.46379906197 -3.90404165416 -2.45720910002 -1.42074299587 -0.756917026598 -0.283369602499 0.194974122177 0.626737692829 0.974638213623 0.989191453344
 -5.46734711655 -3.84505448641 -2.38974818474 -1.27766363041 -0.572589507496 -0.145753748539 0.241883301748 0.632393293754 0.882421797340 0.956709922540
 -5.52933567940 -3.81224535423 -2.26158989889 -1.14040268482 -0.353587019417 0.0605901643200 0.311866507664 0.655209692074 0.828275325874 0.790520760112
 -5.53884166486 -3.72126400721 -2.07489984570 -0.955360051374 -0.257340368763 0.134578962644 0.374929483088 0.595437929021 0.785509654427 0.733436768917
 -5.55118685221 -3.65821556646 -1.87831752018 -0.731549925839 -0.140700284262 0.173635243758 0.407972528463 0.576232902944 0.700462568862 0.683190042570
 -5.56535961450 -3.64258101567 -1.82148975977 -0.600125287711 -0.0251149546687 0.220500977655 0.418078345049 0.556312767662 0.634569550181 0.635561353877
 -5.54022149673 -3.63767152563 -1.91298337487 -0.769767090778 -0.150021281791 0.161195328066 0.401857313961 0.581801817056 0.722075529265 0.683519638672
 -5.51257123108 -3.60264721639 -1.82192911822 -0.650501389986 -0.121316142898 0.148075004511 0.329303776647 0.528153282718 0.694866118294 0.765757469654
 -5.50604180090 -3.59368114693 -1.86372690848 -0.608836384853 -0.0916510831286 0.158301397755 0.295251203247 0.486337322471 0.666495593216 0.818990138414
 -5.50719528827 -3.59900446839 -1.88455545093 -0.700799083519 -0.0510642535625 0.186891487874 0.293086109144 0.424414700404 0.633690242246 0.880035974842
 -5.65495656808 -3.77153585236 -1.99557067473 -0.580321638948 0.181013043764 0.474827395736 0.413518184251 0.357246188684 0.455295905221 0.669625418111
 -5.67352471707 -3.81588566506 -2.06645437705 -0.716327403611 0.0608824414421 0.317701240541 0.455969902374 0.431557809827 0.515194979505 0.756735563207
 -5.62004829587 -3.79925375420 -2.17736168727 -0.950221883810 -0.246882040532 0.107262255004 0.264355096488 0.487934578823 0.688807631624 0.977067819907
 -5.41908406730 -3.73222503258 -2.33459601002 -1.27277835304 -0.528128606092 -0.217884966231 -0.0217176173587 0.307820592344 0.776737755301 1.30493812663
 -5.25039279131 -3.71045982911 -2.47488834601 -1.45602494508 -0.793736913088 -0.474745560741 -0.317842115666 0.0391936411531 0.714306273177 1.56198998959
# log_selcoffs_fsh[3]:
 -5.68927622453 -4.58905493512 -3.53163396153 -2.55693393165 -1.68820967436 -0.933482511272 -0.303756520683 0.207585428536 0.696163019973 1.04333961628 1.24937399508
 -5.73502335002 -4.61098596596 -3.54102117573 -2.55417341068 -1.63230767440 -0.812790582048 -0.169881323453 0.307660365437 0.658262362015 1.02773223899 1.19719967875
 -5.74790705367 -4.44127347532 -3.25079428836 -2.11132500800 -1.08500603113 -0.486099023267 -0.0449594668303 0.279737854618 0.605423570761 0.945073650146 1.15953112166
 -5.73580777575 -4.02482783003 -2.56849987014 -1.63968139133 -1.00310592490 -0.479371038248 -0.0577012183064 0.290881977197 0.614001760446 0.919350487570 1.12664592289
 -5.70676997776 -3.70060097485 -1.96933637883 -1.12444023303 -0.773751022976 -0.517542920872 -0.206942757288 0.134471215270 0.551010978736 0.930144496839 1.17044973792
 -5.75595730423 -3.76403745294 -1.82465040598 -0.797083940888 -0.551617479975 -0.526237673309 -0.273587778670 0.105895523511 0.540448696701 0.901051196622 1.14535961814
 -5.78883505071 -3.93771554884 -2.13537940483 -0.690090813747 -0.219270311041 -0.179816347320 -0.146896566375 0.106904219452 0.451705406128 0.803655254360 1.07783000767
 -5.79197426856 -4.00293325904 -2.29745114805 -0.891461263068 -0.0612814387722 0.0974982028259 0.0381754358240 0.0858975678433 0.348258814916 0.726431917384 1.03398505987
 -5.75018494643 -3.89575722008 -2.20417091836 -0.943784072081 -0.213746993491 0.0733678399080 0.0813565509111 0.122036126964 0.333374689165 0.727045232145 1.06957319849
 -5.70578333101 -3.62512765259 -1.70185233767 -0.808488989809 -0.419741433479 -0.322777821626 -0.228690177082 0.0170032421733 0.413852207309 0.857229095862 1.18748397465
 -5.70005962027 -3.45735585350 -1.74535810226 -0.888713053189 -0.691334271021 -0.611434616503 -0.396058150613 -0.00352302971581 0.484425705390 0.940835312470 1.24734291512
 -5.93989363151 -3.93868113310 -2.19298304724 -1.40340362582 -0.885211614620 -0.628412670475 -0.344050676901 0.143478605218 0.614241016410 0.985370179359 1.18913978110
 -6.24800686166 -4.53896573275 -2.97576517197 -1.63100972595 -0.938302490615 -0.554294719308 -0.156671120198 0.261501955033 0.648458525596 0.965057472684 1.12605838250
 -6.56865837145 -4.89073952893 -3.30221338314 -1.87993032444 -0.988607236458 -0.610609244076 -0.183792672368 0.366532224671 0.704372613472 0.953826355669 1.09645416880
 -6.87331217710 -5.09586152787 -3.36759591390 -1.99756909306 -1.15943156359 -0.725788604070 -0.162132045461 0.343390909856 0.764409960371 1.00363995695 1.06095502955
 -7.00730590107 -5.20786419128 -3.25994188760 -1.59900792984 -0.926803260525 -0.610824919504 -0.233613469093 0.246473795434 0.665637506905 0.992625108646 1.13114445389
 -7.02873114687 -5.15877096793 -3.20221996979 -1.27033486767 -0.421848922888 -0.284484505844 -0.228576949526 0.0303689750347 0.451057471259 0.904962302785 1.22242465854
# log_sel_spl_fsh[1]:
 0.00000000000 0.00000000000 0.00000000000 0.00000000000
 0.00000000000 0.00000000000 0.00000000000 0.00000000000
 0.00000000000 0.00000000000 0.00000000000 0.00000000000
 0.00000000000 0.00000000000 0.00000000000 0.00000000000
 0.00000000000 0.00000000000 0.00000000000 0.00000000000
 0.00000000000 0.00000000000 0.00000000000 0.00000000000
# log_sel_spl_fsh[2]:
 0.00000000000 0.00000000000 0.00000000000 0.00000000000
 0.00000000000 0.00000000000 0.00000000000 0.00000000000
 0.00000000000 0.00000000000 0.00000000000 0.00000000000
 0.00000000000 0.00000000000 0.00000000000 0.00000000000
 0.00000000000 0.00000000000 0.00000000000 0.00000000000
 0.00000000000 0.00000000000 0.00000000000 0.00000000000
 0.00000000000 0.00000000000 0.00000000000 0.00000000000
 0.00000000000 0.00000000000 0.00000000000 0.00000000000
 0.00000000000 0.00000000000 0.00000000000 0.00000000000
 0.00000000000 0.00000000000 0.00000000000 0.00000000000
 0.00000000000 0.00000000000 0.00000000000 0.00000000000
 0.00000000000 0.00000000000 0.00000000000 0.00000000000
 0.00000000000 0.00000000000 0.00000000000 0.00000000000
 0.00000000000 0.00000000000 0.00000000000 0.00000000000
 0.00000000000 0.00000000000 0.00000000000 0.00000000000
 0.00000000000 0.00000000000 0.00000000000 0.00000000000
 0.00000000000 0.00000000000 0.00000000000 0.00000000000
 0.00000000000 0.00000000000 0.00000000000 0.00000000000
 0.00000000000 0.00000000000 0.00000000000 0.00000000000
 0.00000000000 0.00000000000 0.00000000000 0.00000000000
 0.00000000000 0.00000000000 0.00000000000 0.00000000000
 0.00000000000 0.00000000000 0.00000000000 0.00000000000
 0.00000000000 0.00000000000 0.00000000000 0.00000000000
 0.00000000000 0.00000000000 0.00000000000 0.00000000000
 0.00000000000 0.00000000000 0.00000000000 0.00000000000
 0.00000000000 0.00000000000 0.00000000000 0.00000000000
 0.00000000000 0.00000000000 0.00000000000 0.00000000000
 0.00000000000 0.00000000000 0.00000000000 0.00000000000
 0.00000000000 0.00000000000 0.00000000000 0.00000000000
 0.00000000000 0.00000000000 0.00000000000 0.00000000000
 0.00000000000 0.00000000000 0.00000000000 0.00000000000
 0.00000000000 0.00000000000 0.00000000000 0.00000000000
# log_sel_spl_fsh[3]:
 0.00000000000 0.00000000000 0.00000000000 0.00000000000
 0.00000000000 0.00000000000 0.00000000000 0.00000000000
 0.00000000000 0.00000000000 0.00000000000 0.00000000000
 0.00000000000 0.00000000000 0.00000000000 0.00000000000
 0.00000000000 0.00000000000 0.00000000000 0.00000000000
 0.00000000000 0.00000000000 0.00000000000 0.00000000000
 0.00000000000 0.00000000000 0.00000000000 0.00000000000
 0.00000000000 0.00000000000 0.00000000000 0.00000000000
 0.00000000000 0.00000000000 0.00000000000 0.00000000000
 0.00000000000 0.00000000000 0.00000000000 0.00000000000
 0.00000000000 0.00000000000 0.00000000000 0.00000000000
 0.00000000000 0.00000000000 0.00000000000 0.00000000000
 0.00000000000 0.00000000000 0.00000000000 0.00000000000
 0.00000000000 0.00000000000 0.00000000000 0.00000000000
 0.00000000000 0.00000000000 0.00000000000 0.00000000000
 0.00000000000 0.00000000000 0.00000000000 0.00000000000
 0.00000000000 0.00000000000 0.00000000000 0.00000000000
# logsel_slope_fsh[1]:
 0.00000000000 0.00000000000 0.00000000000 0.00000000000 0.00000000000 0.00000000000
# logsel_slope_fsh[2]:
 0.00000000000 0.00000000000 0.00000000000 0.00000000000 0.00000000000 0.00000000000 0.00000000000 0.00000000000 0.00000000000 0.00000000000 0.00000000000 0.00000000000 0.00000000000 0.00000000000 0.00000000000 0.00000000000 0.00000000000 0.00000000000 0.00000000000 0.00000000000 0.00000000000 0.00000000000 0.00000000000 0.00000000000 0.00000000000 0.00000000000 0.00000000000 0.00000000000 0.00000000000 0.00000000000 0.00000000000 0.00000000000
# logsel_slope_fsh[3]:
 0.00000000000 0.00000000000 0.00000000000 0.00000000000 0.00000000000 0.00000000000 0.00000000000 0.00000000000 0.00000000000 0.00000000000 0.00000000000 0.00000000000 0.00000000000 0.00000000000 0.00000000000 0.00000000000 0.00000000000
# sel50_fsh[1]:
 0.00000000000 0.00000000000 0.00000000000 0.00000000000 0.00000000000 0.00000000000
# sel50_fsh[2]:
 0.00000000000 0.00000000000 0.00000000000 0.00000000000 0.00000000000 0.00000000000 0.00000000000 0.00000000000 0.00000000000 0.00000000000 0.00000000000 0.00000000000 0.00000000000 0.00000000000 0.00000000000 0.00000000000 0.00000000000 0.00000000000 0.00000000000 0.00000000000 0.00000000000 0.00000000000 0.00000000000 0.00000000000 0.00000000000 0.00000000000 0.00000000000 0.00000000000 0.00000000000 0.00000000000 0.00000000000 0.00000000000
# sel50_fsh[3]:
 0.00000000000 0.00000000000 0.00000000000 0.00000000000 0.00000000000 0.00000000000 0.00000000000 0.00000000000 0.00000000000 0.00000000000 0.00000000000 0.00000000000 0.00000000000 0.00000000000 0.00000000000 0.00000000000 0.00000000000
# logsel_p1_fsh[1]:
 0.00000000000 0.00000000000 0.00000000000 0.00000000000 0.00000000000 0.00000000000
# logsel_p1_fsh[2]:
 0.00000000000 0.00000000000 0.00000000000 0.00000000000 0.00000000000 0.00000000000 0.00000000000 0.00000000000 0.00000000000 0.00000000000 0.00000000000 0.00000000000 0.00000000000 0.00000000000 0.00000000000 0.00000000000 0.00000000000 0.00000000000 0.00000000000 0.00000000000 0.00000000000 0.00000000000 0.00000000000 0.00000000000 0.00000000000 0.00000000000 0.00000000000 0.00000000000 0.00000000000 0.00000000000 0.00000000000 0.00000000000
# logsel_p1_fsh[3]:
 0.00000000000 0.00000000000 0.00000000000 0.00000000000 0.00000000000 0.00000000000 0.00000000000 0.00000000000 0.00000000000 0.00000000000 0.00000000000 0.00000000000 0.00000000000 0.00000000000 0.00000000000 0.00000000000 0.00000000000
# logsel_p2_fsh[1]:
 0.00000000000 0.00000000000 0.00000000000 0.00000000000 0.00000000000 0.00000000000
# logsel_p2_fsh[2]:
 0.00000000000 0.00000000000 0.00000000000 0.00000000000 0.00000000000 0.00000000000 0.00000000000 0.00000000000 0.00000000000 0.00000000000 0.00000000000 0.00000000000 0.00000000000 0.00000000000 0.00000000000 0.00000000000 0.00000000000 0.00000000000 0.00000000000 0.00000000000 0.00000000000 0.00000000000 0.00000000000 0.00000000000 0.00000000000 0.00000000000 0.00000000000 0.00000000000 0.00000000000 0.00000000000 0.00000000000 0.00000000000
# logsel_p2_fsh[3]:
 0.00000000000 0.00000000000 0.00000000000 0.00000000000 0.00000000000 0.00000000000 0.00000000000 0.00000000000 0.00000000000 0.00000000000 0.00000000000 0.00000000000 0.00000000000 0.00000000000 0.00000000000 0.00000000000 0.00000000000
# logsel_p3_fsh[1]:
 0.00000000000 0.00000000000 0.00000000000 0.00000000000 0.00000000000 0.00000000000
# logsel_p3_fsh[2]:
 0.00000000000 0.00000000000 0.00000000000 0.00000000000 0.00000000000 0.00000000000 0.00000000000 0.00000000000 0.00000000000 0.00000000000 0.00000000000 0.00000000000 0.00000000000 0.00000000000 0.00000000000 0.00000000000 0.00000000000 0.00000000000 0.00000000000 0.00000000000 0.00000000000 0.00000000000 0.00000000000 0.00000000000 0.00000000000 0.00000000000 0.00000000000 0.00000000000 0.00000000000 0.00000000000 0.00000000000 0.00000000000
# logsel_p3_fsh[3]:
 0.00000000000 0.00000000000 0.00000000000 0.00000000000 0.00000000000 0.00000000000 0.00000000000 0.00000000000 0.00000000000 0.00000000000 0.00000000000 0.00000000000 0.00000000000 0.00000000000 0.00000000000 0.00000000000 0.00000000000
# rec_dev_future:
 0.00000000000 0.00000000000 0.00000000000 0.00000000000 0.00000000000 0.00000000000 0.00000000000 0.00000000000 0.00000000000 0.00000000000 0.00000000000 0.00000000000 0.00000000000 0.00000000000 0.00000000000 0.00000000000 0.00000000000 0.00000000000 0.00000000000 0.00000000000
# log_q_ind[1]:
-0.287682072452
# log_q_ind[2]:
-6.03456224930
# log_q_power_ind[1]:
0.00000000000
# log_q_power_ind[2]:
0.00000000000
# log_selcoffs_ind[1]:
 -7.71226663797 -3.70506250975 -1.98013470755 -1.44439017965 -1.16923875662 -0.710959170396 -0.203833593829 0.377400932374 0.883605719644 1.41233774124
# log_selcoffs_ind[2]:
 0.00000000000 0.00000000000 0.00000000000 0.00000000000 0.00000000000 0.00000000000 0.00000000000 0.00000000000 0.00000000000 0.00000000000
# logsel_slope_ind[1]:
 0.00000000000
# logsel_slope_ind[2]:
 0.00000000000
# sel50_ind[1]:
 0.00000000000
# sel50_ind[2]:
 0.00000000000
# logsel_p1_ind[1]:
 0.00000000000
# logsel_p1_ind[2]:
 0.00000000000
# sel_p2_ind[1]:
 0.00000000000
# sel_p2_ind[2]:
 0.00000000000
# logsel_p3_ind[1]:
 0.00000000000
# logsel_p3_ind[2]:
 0.00000000000
