# Number of parameters = 946 Objective function value = 214.951807726151  Maximum gradient component = 8.00035716118979e-05
# Mest[1]:
0.350000000000
# log_Linf[1]:
4.38701417618
# log_k[1]:
-1.83258146375
# log_Lo[1]:
2.75684036527
# log_sdage[1]:
-2.40794560865
# mean_log_rec[1]:
6.91726303416
# steepness[1]:
0.450246436324
# log_Rzero[1]:
7.48616641899
# rec_dev:
 -0.129417593288 -0.171782833748 -0.222111476715 -0.286627516943 -0.349668702145 -0.426816657034 -0.497855771574 -0.556653430524 -0.568165480915 -0.264335049887 0.155119244120 0.663214904837 0.688909225612 0.798807589626 1.12607901552 0.911912566583 0.764288359031 0.662611667855 0.752222808170 0.781569305689 0.737850754805 0.719900099988 1.14257183686 0.791908801341 1.46709037002 0.519420313851 0.526984812473 0.643793892510 -0.00262926517517 -0.189583948432 -0.0409202759523 -0.410589288108 -0.0844997835357 0.0950200345181 -0.133541943511 -0.321732529162 -0.464690516042 -0.345098556772 -0.781662753405 -0.738201579838 -1.02353766577 -1.34937736971 -1.49622612593 -1.19240660330 -0.260889049923 -1.15046270826 -0.619833437716 -0.230048933249 1.83355126637e-08
# log_sigmar[1]:
-0.223143551314
# fmort:
 -13.7173112594 -13.8557889818 -2.33614170949 -1.85127088069 -1.71465856642 -2.31434220888 -1.96489084930 -1.64639132150 -2.64618234101 -2.74852402111 -1.78930802511 -1.10317705023 -3.10254624335 -1.51073950419 -1.36783624808 -2.60811401689 -2.20511529568 -2.34154837560 -5.15435467594 -5.38253724539 -4.81872108930 -9.40943235526 -10.7046945180 -13.4323867101 -7.87580011277 -6.71450543557 -6.61486659491 -6.43993071110 -12.7463986318 -12.6023435235 -12.4032932605 -12.2814101866 -12.4895491917 -12.8199707202 -12.8543621365 -12.9576673627
 -2.64072466132 -1.82424889210 -2.54286471194 -2.64054673733 -2.67293025990 -2.44405026430 -2.89862416819 -2.67348971334 -2.93496720346 -2.92058448797 -2.82086669365 -2.62645458278 -2.56961525669 -2.85319321301 -2.37906736707 -2.56715291121 -2.41375613920 -2.21485756665 -1.75581018582 -1.19287098448 -0.947408336792 -0.842867722192 -1.08383266870 -1.08060575203 -0.945259895884 -0.847991985863 -1.07884723327 -0.952934388036 -1.10665527957 -1.44252461100 -1.34672882849 -1.27747366309 -1.69431068046 -1.66881871588 -1.53445380198 -1.95632538610
 -13.5132263946 -13.2902486601 -13.0844788368 -13.1557358267 -13.1395734361 -12.8429024485 -13.0154675769 -12.9754371986 -12.9638135539 -13.0659938600 -13.0857887065 -12.9621626262 -12.6226240652 -12.7868590192 -12.6749564094 -12.5691060326 -2.67019482698 -2.13809914457 -1.08514213158 -2.02769079227 -1.44840456910 -2.08049899054 -1.85823295131 -1.96276512415 -2.38709903102 -1.82202117712 -1.11543936160 -1.10562683967 -1.56850092155 -2.26642109288 -2.53601182249 -2.83312315595 -2.70110120650 -2.62434898480 -3.70273757430 -3.90477533992
# log_selcoffs_fsh[1]:
 -1.56470737564 -0.232043288859 0.240341196918 0.239419154783 0.219961713081 0.190385651260
 -1.79521152135 0.0918477408233 0.429024736362 0.168342754355 0.0268600416785 -0.00865272567500
 -2.12896472114 -0.508445638244 0.757126699335 0.272815733074 0.0280631077746 -0.216478287838
 -2.22366042586 -0.513369825609 0.510120285782 0.602866790988 0.0345692628709 -0.267491139385
 -2.16711010047 -0.113652840661 0.727894157068 0.342402534856 -0.163316122053 -0.408631586242
 -2.21275881282 -0.412451651700 0.704903467128 0.556176722443 -0.162660201458 -0.492571348668
# log_selcoffs_fsh[2]:
 -5.18298671427 -3.94648187144 -2.74926537556 -1.65178307761 -0.715112061090 0.00227788449103 0.468425692220 0.718213148622 0.818663142534 0.838223871623
 -5.32027532386 -4.03198380996 -2.77192161734 -1.64669091571 -0.629022052684 0.188622840177 0.533499811691 0.682915637547 0.757757055011 0.771693753758
 -5.40331760935 -4.08327410126 -2.80010818342 -1.57190058073 -0.605210092754 0.229341307901 0.536926127792 0.666078431518 0.744548643382 0.762506196654
 -5.45291697480 -4.06642940712 -2.77420042822 -1.56573218195 -0.600419320927 0.135044673147 0.488282349387 0.690196169108 0.783036731646 0.789522924607
 -5.48914896518 -4.07416116279 -2.77126062572 -1.59115463967 -0.575664447308 0.143949215904 0.446452727623 0.661071919973 0.793356640381 0.826366536131
 -5.53018709825 -4.08123550598 -2.75558960273 -1.58702017667 -0.596096793113 0.0317955882758 0.408266431882 0.677171627159 0.835697802855 0.853923490803
 -5.55508827296 -4.04929634027 -2.64928646529 -1.56670157477 -0.727728751059 -0.138012806541 0.334369590629 0.682227064396 0.915003076661 0.905452301319
 -5.59280769500 -4.12453802418 -2.71568144698 -1.61288089214 -0.778344711847 -0.212817247051 0.307819072018 0.715014140520 0.919084163931 0.930390498732
 -5.61116013661 -4.19615495213 -2.88547030432 -1.68693658467 -0.805199962157 -0.239037760454 0.317430302961 0.729761793755 0.923576362540 0.931979625771
 -5.61521515854 -4.23427334617 -2.95740558041 -1.72431466004 -0.820824789020 -0.207157846665 0.375395879721 0.725681386099 0.880102874311 0.942272387457
 -5.58825875349 -4.28845924253 -3.00391292086 -1.72529508929 -0.833161564221 -0.204444886834 0.278488241174 0.653316713790 0.911269752612 1.02048208913
 -5.58016406239 -4.29486635933 -3.07311402824 -1.79180440985 -0.635474181834 -0.0884135082249 0.276138418277 0.600251370012 0.883056833166 1.01729348360
 -5.55541429967 -4.21156888647 -2.96579170955 -1.80148072713 -0.808594831230 -0.0665119870601 0.288538193968 0.627149863323 0.876917247118 1.02006684295
 -5.49959006877 -4.02957465926 -2.75926076780 -1.71190164712 -0.775747587077 -0.177812391941 0.252267277184 0.609869871987 0.890427760160 1.05553307281
 -5.48095711982 -4.04534531181 -2.74217985645 -1.68389826543 -0.787095563583 -0.174612064600 0.226818787911 0.607418044305 0.908934612563 1.05128986413
 -5.49178943616 -4.07521302620 -2.76309296700 -1.68116032086 -0.838900330112 -0.229799893719 0.263818275206 0.646184165927 0.942047143957 1.00334665779
 -5.50277606847 -4.07434220863 -2.71167018885 -1.60876187260 -0.822067561071 -0.286827406972 0.243487562150 0.732390109628 0.950135985357 0.947944011716
 -5.45827918943 -3.98119046614 -2.59456344314 -1.57526960190 -0.882719983752 -0.361041444508 0.179503700742 0.660024570976 1.01435054064 0.991696510802
 -5.41598846431 -3.89302268432 -2.51170488546 -1.43078245874 -0.714823691170 -0.245928200398 0.196615496668 0.649761346232 0.925549978089 1.00358629055
 -5.42779619202 -3.82985844604 -2.37673665599 -1.30551099470 -0.517408916656 -0.0647691271309 0.255182277554 0.667158322266 0.888723500470 0.877653306997
 -5.38323491194 -3.69631469277 -2.16776655058 -1.12099107204 -0.439530987498 -0.0195189560875 0.287659475284 0.604298876072 0.872861764769 0.853636543558
 -5.34327391337 -3.58829631260 -1.93502827778 -0.880255230135 -0.321527818610 0.00909763802066 0.312802886613 0.589546881845 0.800794144261 0.822667879717
 -5.30951919568 -3.52810060645 -1.84169927256 -0.736353111048 -0.207035157077 0.0591698945746 0.331195684180 0.582175860623 0.743708528060 0.773832639811
 -5.23346176698 -3.46994896472 -1.88037513245 -0.851537515210 -0.318210951241 -0.0138834919897 0.301248867740 0.590591590804 0.819568077158 0.808470513246
 -5.15213447456 -3.36396992848 -1.71581805727 -0.667352401927 -0.236788842434 -0.0171261083114 0.211895317638 0.522096604417 0.775899681623 0.875649453038
 -5.09870643213 -3.28201977804 -1.66276303404 -0.546633607356 -0.150743859113 0.0271119358526 0.173917092597 0.454900462184 0.727465822171 0.901981060355
 -5.06614562472 -3.22054289473 -1.59342854617 -0.520747336616 -0.0112778731042 0.125549761571 0.197496517767 0.359388855539 0.631992624639 0.916986748295
 -5.21169501830 -3.35553745693 -1.63458234390 -0.314894251527 0.318368686778 0.477555190394 0.345198806846 0.283338013931 0.394014460065 0.601579628466
 -5.24227525473 -3.37252397233 -1.65238735406 -0.369953611974 0.318549881137 0.446062414486 0.438136817164 0.329983119654 0.368799524213 0.561904645856
 -5.21340381908 -3.32651720505 -1.72144667219 -0.562679385019 0.0830124747577 0.364371937759 0.386445074040 0.447693712863 0.507743680480 0.686127164191
 -5.07972972325 -3.21397258656 -1.81214152080 -0.866024295744 -0.203337499132 0.0740675479753 0.208772951532 0.416482788724 0.698440307686 0.999667235242
 -4.94548955907 -3.22878869391 -1.82877580474 -0.994905066559 -0.525642033974 -0.264554241011 -0.113910992138 0.196726076739 0.750485785273 1.34453708583
 -4.87682342255 -3.20933914809 -1.82528222317 -1.01901067922 -0.681305855533 -0.495258196973 -0.320533011928 -0.00247295690805 0.653843814760 1.54079324441
# log_selcoffs_fsh[3]:
 -5.79576841670 -4.72543209341 -3.68041994007 -2.68260095965 -1.75440982917 -0.926307968664 -0.252378205596 0.239830652888 0.683894275964 1.02058347394 1.25877206795
 -5.84092839174 -4.75603862154 -3.71224901437 -2.72298306196 -1.76543689274 -0.874424276197 -0.157410611967 0.349156098949 0.676867007329 1.02270755785 1.19074731238
 -5.82944184678 -4.56830827409 -3.41750332487 -2.30130374017 -1.27020293042 -0.636179447688 -0.114237946770 0.296581543598 0.662892977110 0.978420709696 1.16493971173
 -5.77870388671 -4.12041909626 -2.70490952663 -1.80408011091 -1.17883125734 -0.633374709781 -0.159029371083 0.271491615730 0.653804464736 0.977649752296 1.15208887138
 -5.69289683048 -3.75248615833 -2.06908115357 -1.25076978522 -0.923299354768 -0.675134645890 -0.328720088722 0.0820875763902 0.575235159968 0.987970120060 1.21952213295
 -5.68161646458 -3.75856872473 -1.88285415812 -0.892280163949 -0.671894521347 -0.663723019151 -0.397160437586 0.0436044316720 0.553198091018 0.956601610347 1.20215880814
 -5.64663695213 -3.86597976502 -2.12670413753 -0.740577830810 -0.308504551714 -0.298802317889 -0.264367229501 0.0376485192039 0.454430748707 0.860720278473 1.14962602842
 -5.57993446493 -3.87268242364 -2.23502177991 -0.888231978125 -0.126215886848 -0.00668001517540 -0.0678766586618 0.0208178752660 0.348705946249 0.779504192647 1.10831523633
 -5.46346292975 -3.71179116211 -2.10787299485 -0.911507055204 -0.253856115857 -0.0305615298412 -0.0222361325477 0.0648841459264 0.337403020688 0.774566213831 1.12694379007
 -5.34284545756 -3.37532468095 -1.56686199531 -0.764117490360 -0.452026715171 -0.421468274443 -0.331596637769 -0.0333521789244 0.418751984333 0.890889815932 1.20950098085
 -5.25231499683 -3.11859633509 -1.51226505370 -0.776897323281 -0.678065294595 -0.671285176112 -0.489474614912 -0.0684323098680 0.480983965388 0.956622841096 1.24826533835
 -5.39899130610 -3.50091981823 -1.86023534801 -1.16686658570 -0.761398637582 -0.602181729954 -0.384906476710 0.0757612938334 0.570008006970 0.983744574306 1.18837712779
 -5.62369526213 -4.02152552683 -2.55678504691 -1.30511997547 -0.695326349465 -0.423555843301 -0.130504192807 0.222233001504 0.586932454590 0.922455897999 1.11044350857
 -5.86521654972 -4.31353571198 -2.83514781280 -1.49332988578 -0.671836814106 -0.374549985933 -0.0747515162092 0.357851542501 0.633301614553 0.875936313224 1.05043915906
 -6.09570654736 -4.46480793892 -2.88418571778 -1.62202723203 -0.833266486557 -0.444944020818 0.0377533717414 0.402477800308 0.702709149214 0.897688684247 0.974640293712
 -6.21509310934 -4.52639795616 -2.76279069051 -1.29144078991 -0.697022135447 -0.381149522962 -0.0197418715080 0.382656704733 0.656731503845 0.875817840237 0.990323932430
 -6.23199261670 -4.45298813998 -2.66656440630 -1.03557578897 -0.332323871245 -0.152849040267 -0.0444191444261 0.186205248231 0.507817268631 0.828798332499 1.05532779252
 -6.21175680896 -4.32997708177 -2.64771856649 -1.34490051921 -0.499660396885 -0.0521173338038 0.100259411720 0.235765354527 0.467501296003 0.814574718930 1.05498874923
# log_sel_spl_fsh[1]:
 0.00000000000 0.00000000000 0.00000000000 0.00000000000
 0.00000000000 0.00000000000 0.00000000000 0.00000000000
 0.00000000000 0.00000000000 0.00000000000 0.00000000000
 0.00000000000 0.00000000000 0.00000000000 0.00000000000
 0.00000000000 0.00000000000 0.00000000000 0.00000000000
 0.00000000000 0.00000000000 0.00000000000 0.00000000000
# log_sel_spl_fsh[2]:
 0.00000000000 0.00000000000 0.00000000000 0.00000000000
 0.00000000000 0.00000000000 0.00000000000 0.00000000000
 0.00000000000 0.00000000000 0.00000000000 0.00000000000
 0.00000000000 0.00000000000 0.00000000000 0.00000000000
 0.00000000000 0.00000000000 0.00000000000 0.00000000000
 0.00000000000 0.00000000000 0.00000000000 0.00000000000
 0.00000000000 0.00000000000 0.00000000000 0.00000000000
 0.00000000000 0.00000000000 0.00000000000 0.00000000000
 0.00000000000 0.00000000000 0.00000000000 0.00000000000
 0.00000000000 0.00000000000 0.00000000000 0.00000000000
 0.00000000000 0.00000000000 0.00000000000 0.00000000000
 0.00000000000 0.00000000000 0.00000000000 0.00000000000
 0.00000000000 0.00000000000 0.00000000000 0.00000000000
 0.00000000000 0.00000000000 0.00000000000 0.00000000000
 0.00000000000 0.00000000000 0.00000000000 0.00000000000
 0.00000000000 0.00000000000 0.00000000000 0.00000000000
 0.00000000000 0.00000000000 0.00000000000 0.00000000000
 0.00000000000 0.00000000000 0.00000000000 0.00000000000
 0.00000000000 0.00000000000 0.00000000000 0.00000000000
 0.00000000000 0.00000000000 0.00000000000 0.00000000000
 0.00000000000 0.00000000000 0.00000000000 0.00000000000
 0.00000000000 0.00000000000 0.00000000000 0.00000000000
 0.00000000000 0.00000000000 0.00000000000 0.00000000000
 0.00000000000 0.00000000000 0.00000000000 0.00000000000
 0.00000000000 0.00000000000 0.00000000000 0.00000000000
 0.00000000000 0.00000000000 0.00000000000 0.00000000000
 0.00000000000 0.00000000000 0.00000000000 0.00000000000
 0.00000000000 0.00000000000 0.00000000000 0.00000000000
 0.00000000000 0.00000000000 0.00000000000 0.00000000000
 0.00000000000 0.00000000000 0.00000000000 0.00000000000
 0.00000000000 0.00000000000 0.00000000000 0.00000000000
 0.00000000000 0.00000000000 0.00000000000 0.00000000000
 0.00000000000 0.00000000000 0.00000000000 0.00000000000
# log_sel_spl_fsh[3]:
 0.00000000000 0.00000000000 0.00000000000 0.00000000000
 0.00000000000 0.00000000000 0.00000000000 0.00000000000
 0.00000000000 0.00000000000 0.00000000000 0.00000000000
 0.00000000000 0.00000000000 0.00000000000 0.00000000000
 0.00000000000 0.00000000000 0.00000000000 0.00000000000
 0.00000000000 0.00000000000 0.00000000000 0.00000000000
 0.00000000000 0.00000000000 0.00000000000 0.00000000000
 0.00000000000 0.00000000000 0.00000000000 0.00000000000
 0.00000000000 0.00000000000 0.00000000000 0.00000000000
 0.00000000000 0.00000000000 0.00000000000 0.00000000000
 0.00000000000 0.00000000000 0.00000000000 0.00000000000
 0.00000000000 0.00000000000 0.00000000000 0.00000000000
 0.00000000000 0.00000000000 0.00000000000 0.00000000000
 0.00000000000 0.00000000000 0.00000000000 0.00000000000
 0.00000000000 0.00000000000 0.00000000000 0.00000000000
 0.00000000000 0.00000000000 0.00000000000 0.00000000000
 0.00000000000 0.00000000000 0.00000000000 0.00000000000
 0.00000000000 0.00000000000 0.00000000000 0.00000000000
# logsel_slope_fsh[1]:
 0.00000000000 0.00000000000 0.00000000000 0.00000000000 0.00000000000 0.00000000000
# logsel_slope_fsh[2]:
 0.00000000000 0.00000000000 0.00000000000 0.00000000000 0.00000000000 0.00000000000 0.00000000000 0.00000000000 0.00000000000 0.00000000000 0.00000000000 0.00000000000 0.00000000000 0.00000000000 0.00000000000 0.00000000000 0.00000000000 0.00000000000 0.00000000000 0.00000000000 0.00000000000 0.00000000000 0.00000000000 0.00000000000 0.00000000000 0.00000000000 0.00000000000 0.00000000000 0.00000000000 0.00000000000 0.00000000000 0.00000000000 0.00000000000
# logsel_slope_fsh[3]:
 0.00000000000 0.00000000000 0.00000000000 0.00000000000 0.00000000000 0.00000000000 0.00000000000 0.00000000000 0.00000000000 0.00000000000 0.00000000000 0.00000000000 0.00000000000 0.00000000000 0.00000000000 0.00000000000 0.00000000000 0.00000000000
# sel50_fsh[1]:
 0.00000000000 0.00000000000 0.00000000000 0.00000000000 0.00000000000 0.00000000000
# sel50_fsh[2]:
 0.00000000000 0.00000000000 0.00000000000 0.00000000000 0.00000000000 0.00000000000 0.00000000000 0.00000000000 0.00000000000 0.00000000000 0.00000000000 0.00000000000 0.00000000000 0.00000000000 0.00000000000 0.00000000000 0.00000000000 0.00000000000 0.00000000000 0.00000000000 0.00000000000 0.00000000000 0.00000000000 0.00000000000 0.00000000000 0.00000000000 0.00000000000 0.00000000000 0.00000000000 0.00000000000 0.00000000000 0.00000000000 0.00000000000
# sel50_fsh[3]:
 0.00000000000 0.00000000000 0.00000000000 0.00000000000 0.00000000000 0.00000000000 0.00000000000 0.00000000000 0.00000000000 0.00000000000 0.00000000000 0.00000000000 0.00000000000 0.00000000000 0.00000000000 0.00000000000 0.00000000000 0.00000000000
# logsel_p1_fsh[1]:
 0.00000000000 0.00000000000 0.00000000000 0.00000000000 0.00000000000 0.00000000000
# logsel_p1_fsh[2]:
 0.00000000000 0.00000000000 0.00000000000 0.00000000000 0.00000000000 0.00000000000 0.00000000000 0.00000000000 0.00000000000 0.00000000000 0.00000000000 0.00000000000 0.00000000000 0.00000000000 0.00000000000 0.00000000000 0.00000000000 0.00000000000 0.00000000000 0.00000000000 0.00000000000 0.00000000000 0.00000000000 0.00000000000 0.00000000000 0.00000000000 0.00000000000 0.00000000000 0.00000000000 0.00000000000 0.00000000000 0.00000000000 0.00000000000
# logsel_p1_fsh[3]:
 0.00000000000 0.00000000000 0.00000000000 0.00000000000 0.00000000000 0.00000000000 0.00000000000 0.00000000000 0.00000000000 0.00000000000 0.00000000000 0.00000000000 0.00000000000 0.00000000000 0.00000000000 0.00000000000 0.00000000000 0.00000000000
# logsel_p2_fsh[1]:
 0.00000000000 0.00000000000 0.00000000000 0.00000000000 0.00000000000 0.00000000000
# logsel_p2_fsh[2]:
 0.00000000000 0.00000000000 0.00000000000 0.00000000000 0.00000000000 0.00000000000 0.00000000000 0.00000000000 0.00000000000 0.00000000000 0.00000000000 0.00000000000 0.00000000000 0.00000000000 0.00000000000 0.00000000000 0.00000000000 0.00000000000 0.00000000000 0.00000000000 0.00000000000 0.00000000000 0.00000000000 0.00000000000 0.00000000000 0.00000000000 0.00000000000 0.00000000000 0.00000000000 0.00000000000 0.00000000000 0.00000000000 0.00000000000
# logsel_p2_fsh[3]:
 0.00000000000 0.00000000000 0.00000000000 0.00000000000 0.00000000000 0.00000000000 0.00000000000 0.00000000000 0.00000000000 0.00000000000 0.00000000000 0.00000000000 0.00000000000 0.00000000000 0.00000000000 0.00000000000 0.00000000000 0.00000000000
# logsel_p3_fsh[1]:
 0.00000000000 0.00000000000 0.00000000000 0.00000000000 0.00000000000 0.00000000000
# logsel_p3_fsh[2]:
 0.00000000000 0.00000000000 0.00000000000 0.00000000000 0.00000000000 0.00000000000 0.00000000000 0.00000000000 0.00000000000 0.00000000000 0.00000000000 0.00000000000 0.00000000000 0.00000000000 0.00000000000 0.00000000000 0.00000000000 0.00000000000 0.00000000000 0.00000000000 0.00000000000 0.00000000000 0.00000000000 0.00000000000 0.00000000000 0.00000000000 0.00000000000 0.00000000000 0.00000000000 0.00000000000 0.00000000000 0.00000000000 0.00000000000
# logsel_p3_fsh[3]:
 0.00000000000 0.00000000000 0.00000000000 0.00000000000 0.00000000000 0.00000000000 0.00000000000 0.00000000000 0.00000000000 0.00000000000 0.00000000000 0.00000000000 0.00000000000 0.00000000000 0.00000000000 0.00000000000 0.00000000000 0.00000000000
# rec_dev_future:
 0.00000000000 0.00000000000 0.00000000000 0.00000000000 0.00000000000 0.00000000000 0.00000000000 0.00000000000 0.00000000000 0.00000000000 0.00000000000 0.00000000000 0.00000000000 0.00000000000 0.00000000000 0.00000000000 0.00000000000 0.00000000000 0.00000000000 0.00000000000
# log_q_ind[1]:
-0.242881083741
# log_q_ind[2]:
-5.94165833238
# log_q_power_ind[1]:
0.00000000000
# log_q_power_ind[2]:
0.00000000000
# log_selcoffs_ind[1]:
 -7.69350413742 -5.68556756542 -4.21930475033 -2.78944524352 -1.59246775984 -0.918671956283 -0.0282346770212 0.660919042110 0.983150064777 1.31799399910
 -7.68829200524 -5.58720924750 -4.07225887819 -2.66035186567 -1.29320274688 -0.662458028344 0.117415182849 0.429653515874 0.969909192220 1.34020976251
 -7.67958761093 -5.47518350571 -3.90688329501 -2.39664342475 -1.35020534204 -0.479958922821 0.00693321283789 0.521295781115 0.939556670751 1.32341148202
 -7.66681327104 -5.39111479340 -3.89380029220 -2.70555134252 -1.78548854718 -0.857896448746 -0.159581338582 0.444209990780 1.09880180259 1.36191926744
 -7.64884370138 -5.19473127004 -3.59528118884 -2.67642895114 -1.86905510112 -1.27907941255 -0.551128140945 0.480916782886 0.915231127022 1.56317304481
 -7.62256462500 -5.02937306463 -3.55392565760 -2.79336858945 -2.00413154915 -1.28103065700 -0.752093190753 0.170848512250 0.949114348140 1.65813327414
 -7.56847571761 -4.65510440725 -3.13117273214 -2.39312613407 -1.41846865079 -0.773269484614 -0.517650850362 0.211810916865 0.814979198713 1.62144800055
 -7.49891756320 -3.94727215332 -1.64276539473 -1.56158980138 -1.37656851990 -1.05439851285 -0.781851030536 -0.00355550136720 0.802761386860 1.66588309730
 -7.42394707416 -3.80225278510 -1.66262847735 -1.28875429280 -1.14537537211 -0.905208327932 -0.694309318508 0.234496396616 0.739826527262 1.59533974686
 -7.36013826695 -3.75389229518 -1.42413848272 -0.774317686217 -0.855347957095 -0.852608999374 -0.688226524139 0.0692046552472 0.627752415253 1.60447560646
 -7.29823263450 -3.56074384591 -1.11056652091 -0.707833493197 -0.818284653345 -0.991390764340 -0.763578577582 0.0625849779719 0.570117773544 1.61691362659
 -7.23374348409 -3.37332472229 -1.25153920670 -0.935067865620 -1.08600404966 -0.842481627879 -0.542485434289 0.172852190366 0.517748709639 1.62332876136
 -7.16635917586 -3.05308403934 -1.05328793279 -0.706132055634 -1.03871163995 -0.830445145969 -0.628153115442 -0.147692070829 0.372804399567 1.69961444193
 -7.09650393253 -2.92367071330 -0.910495894173 -0.853643579379 -0.595184247623 -0.200009698316 0.0404655046431 0.167879750722 0.391550636093 1.39716123791
 -7.02561027847 -2.86374365941 -0.939702458111 -0.385549142096 -0.446362618031 -0.0326862806063 0.317155909647 0.202680201746 0.325655456819 1.18802811640
 -6.95056515844 -2.46485480939 -1.06353830688 -0.476341948591 -0.149565326792 -0.117199868987 0.465469221556 0.178334432185 0.235455716653 1.14542471948
 -6.96670028010 -1.59359594581 -0.893937341823 -0.482885307701 -0.431018888587 -0.243621165883 0.234893028814 0.0931039035923 0.336965836970 1.27344742103
 -6.98054594250 -2.13473135720 -0.646866443250 -0.291024221372 -0.627229425885 -0.399663074150 -0.0407905862448 -0.0418691968676 0.347650148247 1.40370059455
 -6.99403497641 -2.00993313397 -0.253074782983 -0.477868635032 -1.09030013210 -0.787374822447 -0.431515135772 -0.275272905322 0.345147707609 1.58028312865
# log_selcoffs_ind[2]:
 0.00000000000 0.00000000000 0.00000000000 0.00000000000 0.00000000000 0.00000000000 0.00000000000 0.00000000000 0.00000000000 0.00000000000
# logsel_slope_ind[1]:
 0.00000000000 0.00000000000 0.00000000000 0.00000000000 0.00000000000 0.00000000000 0.00000000000 0.00000000000 0.00000000000 0.00000000000 0.00000000000 0.00000000000 0.00000000000 0.00000000000 0.00000000000 0.00000000000 0.00000000000 0.00000000000 0.00000000000
# logsel_slope_ind[2]:
 0.00000000000
# sel50_ind[1]:
 0.00000000000 0.00000000000 0.00000000000 0.00000000000 0.00000000000 0.00000000000 0.00000000000 0.00000000000 0.00000000000 0.00000000000 0.00000000000 0.00000000000 0.00000000000 0.00000000000 0.00000000000 0.00000000000 0.00000000000 0.00000000000 0.00000000000
# sel50_ind[2]:
 0.00000000000
# logsel_p1_ind[1]:
 0.00000000000 0.00000000000 0.00000000000 0.00000000000 0.00000000000 0.00000000000 0.00000000000 0.00000000000 0.00000000000 0.00000000000 0.00000000000 0.00000000000 0.00000000000 0.00000000000 0.00000000000 0.00000000000 0.00000000000 0.00000000000 0.00000000000
# logsel_p1_ind[2]:
 0.00000000000
# sel_p2_ind[1]:
 0.00000000000 0.00000000000 0.00000000000 0.00000000000 0.00000000000 0.00000000000 0.00000000000 0.00000000000 0.00000000000 0.00000000000 0.00000000000 0.00000000000 0.00000000000 0.00000000000 0.00000000000 0.00000000000 0.00000000000 0.00000000000 0.00000000000
# sel_p2_ind[2]:
 0.00000000000
# logsel_p3_ind[1]:
 0.00000000000 0.00000000000 0.00000000000 0.00000000000 0.00000000000 0.00000000000 0.00000000000 0.00000000000 0.00000000000 0.00000000000 0.00000000000 0.00000000000 0.00000000000 0.00000000000 0.00000000000 0.00000000000 0.00000000000 0.00000000000 0.00000000000
# logsel_p3_ind[2]:
 0.00000000000
