# Number of parameters = 911 Objective function value = 191.665600612548  Maximum gradient component = 2.87882009280039e-05
# Mest[1]:
0.350000000000
# log_Linf[1]:
4.38701417618
# log_k[1]:
-1.83258146375
# log_Lo[1]:
2.75684036527
# log_sdage[1]:
-2.40794560865
# mean_log_rec[1]:
7.02144078375
# steepness[1]:
0.468658172201
# log_Rzero[1]:
7.47074832745
# rec_dev:
 -0.139637126596 -0.184927085198 -0.238688197894 -0.307118643302 -0.374556136557 -0.456049120455 -0.530672059643 -0.591426949909 -0.606561200323 -0.313335028417 0.0930025960946 0.587507333432 0.603829899497 0.706467439578 1.03324691050 0.820444488939 0.673077446137 0.573671264436 0.665727003695 0.699583216062 0.655038461697 0.637683662423 1.05301872109 0.702437765614 1.36300142824 0.415613595431 0.423197837692 0.538800458748 -0.102809671701 -0.283755212791 -0.134476107970 -0.501223465023 -0.176877382712 0.000228051250470 -0.227600667476 -0.412077613067 -0.551825016122 -0.401400248446 -0.738747459813 -0.618278939273 -0.847668142747 -1.11330682482 -1.20527473789 -0.801266875296 0.175931942775 -0.887367377292 -0.158608842869 7.24936555230e-10
# log_sigmar[1]:
-0.223143551314
# fmort:
 -13.7636845450 -13.8937226697 -2.36724025923 -1.87906186747 -1.74135216845 -2.34182167624 -1.99309781488 -1.67684446712 -2.67925426255 -2.78054911130 -1.82023015924 -1.13441736639 -3.13514547930 -1.53440009857 -1.39061787605 -2.62583765489 -2.21548384245 -2.35282146636 -5.17060540056 -5.40014343368 -4.83787093602 -9.42959598769 -10.7240880138 -13.4520402943 -7.89792785261 -6.74492887896 -6.67090474166 -6.55349083954 -12.9349133179 -12.8550006452 -12.7230769973 -12.6872377041 -12.9820123565 -13.3477606269 -13.3780499242
 -2.70471997149 -1.90329377113 -2.63098020329 -2.72893677691 -2.75983664947 -2.52743685237 -2.97716317231 -2.74913667067 -3.01027483126 -2.99066655870 -2.88782252001 -2.69860407919 -2.64749247323 -2.93084049561 -2.45952563290 -2.64720750589 -2.48847054792 -2.28318060813 -1.81814853248 -1.25574263121 -1.00756534704 -0.903074698946 -1.14737246073 -1.14224603500 -1.00242729262 -0.905086953787 -1.13161077825 -0.997739685736 -1.14881407417 -1.49440721384 -1.43254087112 -1.43103283669 -1.94078395960 -2.09581212971 -2.22183995072
 -13.5686684571 -13.3641781936 -13.1740432143 -13.2510797040 -13.2360217210 -12.9327560556 -13.0980693408 -13.0534202045 -13.0426631572 -13.1387724938 -13.1550565918 -13.0381378794 -12.7043582125 -12.8680848470 -12.7601014633 -12.6539061262 -2.75079445968 -2.21457779221 -1.15712885129 -2.10898944708 -1.52116363968 -2.15285823910 -1.92198845917 -2.01756439175 -2.43337943328 -1.86186535806 -1.14811721001 -1.14089717903 -1.61709294914 -2.33636903637 -2.65054459981 -3.03285955642 -3.02200971326 -3.07786309595 -4.28295460689
# log_selcoffs_fsh[1]:
 -1.52491493810 -0.209426223932 0.246148704152 0.230536468856 0.203248881929 0.188608792948
 -1.76646095683 0.112091916622 0.435219382120 0.161238484145 0.0110651445076 -0.0211687958813
 -2.10707280083 -0.491605245594 0.766569265821 0.269674872137 0.0132166667683 -0.233761647974
 -2.20800409631 -0.500071558533 0.520829623711 0.602711800957 0.0229283647655 -0.287803091377
 -2.15470374871 -0.105622285130 0.733150405815 0.342417481680 -0.172592499383 -0.426421385474
 -2.19962631162 -0.405966349537 0.707311585848 0.555405956379 -0.166180868956 -0.502938231211
# log_selcoffs_fsh[2]:
 -5.12163783865 -3.88712905121 -2.69257240065 -1.59957228283 -0.670492502552 0.0353165797595 0.485982776006 0.718081597453 0.802050009807 0.810956993850
 -5.26276818031 -3.97613370570 -2.71801529344 -1.59651397197 -0.585834671496 0.221405230205 0.551644710590 0.682836476478 0.738758306367 0.739104085496
 -5.34890018662 -4.03059402547 -2.74940874695 -1.52458236242 -0.564013394844 0.261142559573 0.555874958224 0.667522367110 0.725702108157 0.727269736558
 -5.40060795565 -4.01628927082 -2.72627938110 -1.52118605609 -0.561363803880 0.166303253822 0.508061557681 0.693957596208 0.766391351302 0.754484722442
 -5.43868746401 -4.02661706453 -2.72656399448 -1.54988563151 -0.539505981985 0.173393554955 0.466574027664 0.666479369949 0.778456530897 0.791967027803
 -5.48063548217 -4.03548654796 -2.71354879885 -1.54891467759 -0.562673463824 0.0593355723643 0.428060933164 0.684607810438 0.823306868385 0.821218155902
 -5.50569443832 -4.00427716143 -2.60896627093 -1.53100263171 -0.696759545832 -0.112021385605 0.353980181383 0.691163592236 0.906025120678 0.875600620522
 -5.54320011745 -4.07945025403 -2.67594010261 -1.57908188554 -0.749794274925 -0.189012359822 0.326126356404 0.723979470311 0.911756779002 0.903009566442
 -5.56102880288 -4.14980683577 -2.84468935164 -1.65331261266 -0.778544089889 -0.217308024444 0.334101684278 0.738131363112 0.916985685751 0.906894261768
 -5.56491143520 -4.18601458145 -2.91382439251 -1.68898687334 -0.794339388540 -0.187475283430 0.390212162904 0.732931396347 0.873839896110 0.918887020393
 -5.53843166088 -4.23734812486 -2.95578079689 -1.68479803895 -0.803578181720 -0.184410018131 0.291846161320 0.659393716558 0.905445321330 1.00034986177
 -5.53316178691 -4.24411933899 -3.02145825254 -1.74636888140 -0.600650040923 -0.0658759762627 0.288659124149 0.603747352121 0.875332798751 0.997166213032
 -5.51208988902 -4.16225635587 -2.91310204042 -1.75088491572 -0.768049451160 -0.0392929169882 0.302635410671 0.628719949385 0.866996364943 1.00015191267
 -5.46193643638 -3.98378030929 -2.70813064198 -1.66051071466 -0.730096256594 -0.145175496749 0.269366427795 0.611725701718 0.878256129120 1.03469907196
 -5.44992890779 -4.00503375890 -2.69505799980 -1.63527994325 -0.741699383102 -0.138167918457 0.247480070311 0.609501688403 0.895685601263 1.02907089235
 -5.46725645633 -4.04040714161 -2.72112683852 -1.63711309595 -0.797319464406 -0.194137118624 0.286992264035 0.650527227467 0.927477796505 0.980832692875
 -5.48489546517 -4.04449877498 -2.67426260560 -1.56961657476 -0.785556371364 -0.255472032403 0.265757907590 0.736222044100 0.937185184159 0.926477139836
 -5.44855044652 -3.95683533068 -2.56095314691 -1.53968510024 -0.848585527984 -0.331061419075 0.202504206429 0.670122078646 1.00002282697 0.971319789184
 -5.41815523750 -3.87621734278 -2.48282426573 -1.39883207285 -0.683722077613 -0.217798628710 0.217308575683 0.657109389272 0.915925278751 0.979978711037
 -5.44307101418 -3.82002159906 -2.34994460192 -1.27335126273 -0.485995457020 -0.0363713642542 0.276259453940 0.672325283333 0.874535387276 0.852019124726
 -5.41543602696 -3.69702533783 -2.14445886973 -1.08895717183 -0.407681394305 0.00913028416795 0.309050141234 0.611172846812 0.856799307048 0.825211286473
 -5.39496921110 -3.60384721364 -1.91987450844 -0.850534141181 -0.290684814333 0.0360384248735 0.332109307088 0.594788661664 0.786468408741 0.791997054338
 -5.38169202934 -3.56225887986 -1.83957454587 -0.712637383106 -0.177855555235 0.0849253666806 0.348791163403 0.586214599637 0.729326939601 0.743784125726
 -5.32651642148 -3.52795322496 -1.89695674849 -0.837402751100 -0.291786153277 0.0128420758704 0.320293375217 0.596181986791 0.807262864828 0.783258687237
 -5.26461868180 -3.45607454336 -1.76690481756 -0.673976658255 -0.220701707550 0.00676590950120 0.233512692075 0.531704323427 0.768618620208 0.855413888970
 -5.22145191660 -3.40799880977 -1.76831702448 -0.596663258678 -0.155648983088 0.0413815181685 0.195190277098 0.472782130630 0.731233588850 0.893833254002
 -5.18422822875 -3.36532902862 -1.74669705193 -0.640257816428 -0.0629525618253 0.119738222539 0.212153355032 0.385733126338 0.659009637696 0.936972682185
 -5.30244616173 -3.49013208108 -1.79803203952 -0.479750683422 0.194979533131 0.428270520745 0.354891445668 0.332562212210 0.473949249343 0.694739065722
 -5.29169229002 -3.48102201793 -1.80351317930 -0.540587381054 0.136559485154 0.309306196688 0.396349584057 0.382966485689 0.499945656513 0.745081754910
 -5.21539092501 -3.40354257226 -1.84756593351 -0.713423845902 -0.0963658397321 0.159719894351 0.237598298130 0.426335428329 0.638651405267 0.931634530691
 -5.03396212704 -3.26668412132 -1.92482891209 -0.992571289931 -0.342588894771 -0.101695674611 0.0135083238289 0.282090634554 0.721634669901 1.23206556782
 -4.90047958640 -3.24794359732 -1.95189598441 -1.11829518835 -0.587566780051 -0.326669650739 -0.225779304894 0.0568106029070 0.680647665844 1.47621644164
# log_selcoffs_fsh[3]:
 -5.75979733251 -4.68470819947 -3.63668996098 -2.63864429995 -1.71286312404 -0.891442186995 -0.230061891382 0.247689340261 0.678752729379 1.01329544889 1.25212709380
 -5.80659255578 -4.71561111566 -3.66785085774 -2.67710753619 -1.72079645653 -0.833553290205 -0.124328993908 0.361507219947 0.674194257188 1.00722191573 1.18212676801
 -5.80113361419 -4.53199680845 -3.37524278515 -2.25637091296 -1.22388892441 -0.591128445159 -0.0772890754250 0.316467769534 0.657112000217 0.961605475230 1.14946090032
 -5.75558896795 -4.08595450864 -2.66387985159 -1.76166897857 -1.13690856275 -0.594023030194 -0.127640544630 0.288406332259 0.652455434084 0.958745420812 1.13864692265
 -5.68191311162 -3.72287036548 -2.02917546071 -1.20985819417 -0.883643721969 -0.638762845741 -0.299534193415 0.0964756221258 0.571118138822 0.974060692928 1.20601752057
 -5.68831662993 -3.73916413899 -1.84697727015 -0.854637607987 -0.637278889709 -0.633163339484 -0.374088974912 0.0534788966282 0.545651336889 0.942109745198 1.19273414310
 -5.68024215977 -3.86517584273 -2.10165155078 -0.708426005645 -0.279783091314 -0.275945181717 -0.249258131685 0.0412738701722 0.446098955129 0.846445886494 1.14137936835
 -5.64764618088 -3.89604898094 -2.22523756657 -0.865144104861 -0.103911006994 0.00896196834616 -0.0597016546547 0.0187487008193 0.338585434880 0.768885124683 1.10377205570
 -5.57319519523 -3.76672351336 -2.11697023721 -0.898833433615 -0.237427517163 -0.0185240949237 -0.0186073619106 0.0596939014304 0.326525183085 0.767112449043 1.12900414566
 -5.49860320141 -3.47863285252 -1.61082027293 -0.769420305967 -0.446383205570 -0.414341175548 -0.328769238637 -0.0376770189670 0.411204592601 0.887872010523 1.21785157325
 -5.44845601063 -3.27983176543 -1.62512772882 -0.824370113706 -0.687856722500 -0.668588901738 -0.482879278219 -0.0643810813858 0.480466044394 0.959709562704 1.25992686458
 -5.62574460851 -3.70226097731 -2.03078624831 -1.28669379091 -0.817963889863 -0.617767226574 -0.382033440670 0.0870022342276 0.581057981712 0.993060593682 1.20088400844
 -5.87155463159 -4.24113132701 -2.75121072616 -1.47547335761 -0.824945267542 -0.490356554275 -0.147173186289 0.233955596503 0.611690995798 0.946627980421 1.12892095344
 -6.12727619049 -4.53405054014 -3.02330556754 -1.66602067029 -0.841648575465 -0.512305954474 -0.143709151605 0.355200414459 0.668770795623 0.921820530975 1.08553552754
 -6.36439592019 -4.67287666346 -3.03794578789 -1.74756850682 -0.966566006501 -0.602277067469 -0.0983959355496 0.345133592621 0.726993311621 0.963117594358 1.04087067621
 -6.48241883925 -4.71153182538 -2.86412894532 -1.32830059163 -0.731724281503 -0.467699855897 -0.164021505409 0.251308471717 0.622707946176 0.940453957779 1.09876419569
 -6.52233422038 -4.64876287356 -2.71980790263 -0.963272661236 -0.248287014651 -0.168041299191 -0.162301232482 0.0260100177006 0.399293546194 0.839444626501 1.17359104259
# log_sel_spl_fsh[1]:
 0.00000000000 0.00000000000 0.00000000000 0.00000000000
 0.00000000000 0.00000000000 0.00000000000 0.00000000000
 0.00000000000 0.00000000000 0.00000000000 0.00000000000
 0.00000000000 0.00000000000 0.00000000000 0.00000000000
 0.00000000000 0.00000000000 0.00000000000 0.00000000000
 0.00000000000 0.00000000000 0.00000000000 0.00000000000
# log_sel_spl_fsh[2]:
 0.00000000000 0.00000000000 0.00000000000 0.00000000000
 0.00000000000 0.00000000000 0.00000000000 0.00000000000
 0.00000000000 0.00000000000 0.00000000000 0.00000000000
 0.00000000000 0.00000000000 0.00000000000 0.00000000000
 0.00000000000 0.00000000000 0.00000000000 0.00000000000
 0.00000000000 0.00000000000 0.00000000000 0.00000000000
 0.00000000000 0.00000000000 0.00000000000 0.00000000000
 0.00000000000 0.00000000000 0.00000000000 0.00000000000
 0.00000000000 0.00000000000 0.00000000000 0.00000000000
 0.00000000000 0.00000000000 0.00000000000 0.00000000000
 0.00000000000 0.00000000000 0.00000000000 0.00000000000
 0.00000000000 0.00000000000 0.00000000000 0.00000000000
 0.00000000000 0.00000000000 0.00000000000 0.00000000000
 0.00000000000 0.00000000000 0.00000000000 0.00000000000
 0.00000000000 0.00000000000 0.00000000000 0.00000000000
 0.00000000000 0.00000000000 0.00000000000 0.00000000000
 0.00000000000 0.00000000000 0.00000000000 0.00000000000
 0.00000000000 0.00000000000 0.00000000000 0.00000000000
 0.00000000000 0.00000000000 0.00000000000 0.00000000000
 0.00000000000 0.00000000000 0.00000000000 0.00000000000
 0.00000000000 0.00000000000 0.00000000000 0.00000000000
 0.00000000000 0.00000000000 0.00000000000 0.00000000000
 0.00000000000 0.00000000000 0.00000000000 0.00000000000
 0.00000000000 0.00000000000 0.00000000000 0.00000000000
 0.00000000000 0.00000000000 0.00000000000 0.00000000000
 0.00000000000 0.00000000000 0.00000000000 0.00000000000
 0.00000000000 0.00000000000 0.00000000000 0.00000000000
 0.00000000000 0.00000000000 0.00000000000 0.00000000000
 0.00000000000 0.00000000000 0.00000000000 0.00000000000
 0.00000000000 0.00000000000 0.00000000000 0.00000000000
 0.00000000000 0.00000000000 0.00000000000 0.00000000000
 0.00000000000 0.00000000000 0.00000000000 0.00000000000
# log_sel_spl_fsh[3]:
 0.00000000000 0.00000000000 0.00000000000 0.00000000000
 0.00000000000 0.00000000000 0.00000000000 0.00000000000
 0.00000000000 0.00000000000 0.00000000000 0.00000000000
 0.00000000000 0.00000000000 0.00000000000 0.00000000000
 0.00000000000 0.00000000000 0.00000000000 0.00000000000
 0.00000000000 0.00000000000 0.00000000000 0.00000000000
 0.00000000000 0.00000000000 0.00000000000 0.00000000000
 0.00000000000 0.00000000000 0.00000000000 0.00000000000
 0.00000000000 0.00000000000 0.00000000000 0.00000000000
 0.00000000000 0.00000000000 0.00000000000 0.00000000000
 0.00000000000 0.00000000000 0.00000000000 0.00000000000
 0.00000000000 0.00000000000 0.00000000000 0.00000000000
 0.00000000000 0.00000000000 0.00000000000 0.00000000000
 0.00000000000 0.00000000000 0.00000000000 0.00000000000
 0.00000000000 0.00000000000 0.00000000000 0.00000000000
 0.00000000000 0.00000000000 0.00000000000 0.00000000000
 0.00000000000 0.00000000000 0.00000000000 0.00000000000
# logsel_slope_fsh[1]:
 0.00000000000 0.00000000000 0.00000000000 0.00000000000 0.00000000000 0.00000000000
# logsel_slope_fsh[2]:
 0.00000000000 0.00000000000 0.00000000000 0.00000000000 0.00000000000 0.00000000000 0.00000000000 0.00000000000 0.00000000000 0.00000000000 0.00000000000 0.00000000000 0.00000000000 0.00000000000 0.00000000000 0.00000000000 0.00000000000 0.00000000000 0.00000000000 0.00000000000 0.00000000000 0.00000000000 0.00000000000 0.00000000000 0.00000000000 0.00000000000 0.00000000000 0.00000000000 0.00000000000 0.00000000000 0.00000000000 0.00000000000
# logsel_slope_fsh[3]:
 0.00000000000 0.00000000000 0.00000000000 0.00000000000 0.00000000000 0.00000000000 0.00000000000 0.00000000000 0.00000000000 0.00000000000 0.00000000000 0.00000000000 0.00000000000 0.00000000000 0.00000000000 0.00000000000 0.00000000000
# sel50_fsh[1]:
 0.00000000000 0.00000000000 0.00000000000 0.00000000000 0.00000000000 0.00000000000
# sel50_fsh[2]:
 0.00000000000 0.00000000000 0.00000000000 0.00000000000 0.00000000000 0.00000000000 0.00000000000 0.00000000000 0.00000000000 0.00000000000 0.00000000000 0.00000000000 0.00000000000 0.00000000000 0.00000000000 0.00000000000 0.00000000000 0.00000000000 0.00000000000 0.00000000000 0.00000000000 0.00000000000 0.00000000000 0.00000000000 0.00000000000 0.00000000000 0.00000000000 0.00000000000 0.00000000000 0.00000000000 0.00000000000 0.00000000000
# sel50_fsh[3]:
 0.00000000000 0.00000000000 0.00000000000 0.00000000000 0.00000000000 0.00000000000 0.00000000000 0.00000000000 0.00000000000 0.00000000000 0.00000000000 0.00000000000 0.00000000000 0.00000000000 0.00000000000 0.00000000000 0.00000000000
# logsel_p1_fsh[1]:
 0.00000000000 0.00000000000 0.00000000000 0.00000000000 0.00000000000 0.00000000000
# logsel_p1_fsh[2]:
 0.00000000000 0.00000000000 0.00000000000 0.00000000000 0.00000000000 0.00000000000 0.00000000000 0.00000000000 0.00000000000 0.00000000000 0.00000000000 0.00000000000 0.00000000000 0.00000000000 0.00000000000 0.00000000000 0.00000000000 0.00000000000 0.00000000000 0.00000000000 0.00000000000 0.00000000000 0.00000000000 0.00000000000 0.00000000000 0.00000000000 0.00000000000 0.00000000000 0.00000000000 0.00000000000 0.00000000000 0.00000000000
# logsel_p1_fsh[3]:
 0.00000000000 0.00000000000 0.00000000000 0.00000000000 0.00000000000 0.00000000000 0.00000000000 0.00000000000 0.00000000000 0.00000000000 0.00000000000 0.00000000000 0.00000000000 0.00000000000 0.00000000000 0.00000000000 0.00000000000
# logsel_p2_fsh[1]:
 0.00000000000 0.00000000000 0.00000000000 0.00000000000 0.00000000000 0.00000000000
# logsel_p2_fsh[2]:
 0.00000000000 0.00000000000 0.00000000000 0.00000000000 0.00000000000 0.00000000000 0.00000000000 0.00000000000 0.00000000000 0.00000000000 0.00000000000 0.00000000000 0.00000000000 0.00000000000 0.00000000000 0.00000000000 0.00000000000 0.00000000000 0.00000000000 0.00000000000 0.00000000000 0.00000000000 0.00000000000 0.00000000000 0.00000000000 0.00000000000 0.00000000000 0.00000000000 0.00000000000 0.00000000000 0.00000000000 0.00000000000
# logsel_p2_fsh[3]:
 0.00000000000 0.00000000000 0.00000000000 0.00000000000 0.00000000000 0.00000000000 0.00000000000 0.00000000000 0.00000000000 0.00000000000 0.00000000000 0.00000000000 0.00000000000 0.00000000000 0.00000000000 0.00000000000 0.00000000000
# logsel_p3_fsh[1]:
 0.00000000000 0.00000000000 0.00000000000 0.00000000000 0.00000000000 0.00000000000
# logsel_p3_fsh[2]:
 0.00000000000 0.00000000000 0.00000000000 0.00000000000 0.00000000000 0.00000000000 0.00000000000 0.00000000000 0.00000000000 0.00000000000 0.00000000000 0.00000000000 0.00000000000 0.00000000000 0.00000000000 0.00000000000 0.00000000000 0.00000000000 0.00000000000 0.00000000000 0.00000000000 0.00000000000 0.00000000000 0.00000000000 0.00000000000 0.00000000000 0.00000000000 0.00000000000 0.00000000000 0.00000000000 0.00000000000 0.00000000000
# logsel_p3_fsh[3]:
 0.00000000000 0.00000000000 0.00000000000 0.00000000000 0.00000000000 0.00000000000 0.00000000000 0.00000000000 0.00000000000 0.00000000000 0.00000000000 0.00000000000 0.00000000000 0.00000000000 0.00000000000 0.00000000000 0.00000000000
# rec_dev_future:
 0.00000000000 0.00000000000 0.00000000000 0.00000000000 0.00000000000 0.00000000000 0.00000000000 0.00000000000 0.00000000000 0.00000000000 0.00000000000 0.00000000000 0.00000000000 0.00000000000 0.00000000000 0.00000000000 0.00000000000 0.00000000000 0.00000000000 0.00000000000
# log_q_ind[1]:
-0.361943897925
# log_q_ind[2]:
-6.01147256765
# log_q_power_ind[1]:
0.00000000000
# log_q_power_ind[2]:
0.00000000000
# log_selcoffs_ind[1]:
 -7.65420766405 -5.59531090082 -4.12573834635 -2.69638871463 -1.50455509610 -0.849339862342 0.0242574599807 0.680892036612 0.971140997976 1.28681867711
 -7.64939909711 -5.49694802692 -3.97827778008 -2.56593372777 -1.20205262816 -0.579669135426 0.175961993240 0.463133182968 0.955588320869 1.29679660934
 -7.64135373082 -5.38457817751 -3.81185895175 -2.30019223983 -1.25462288571 -0.389257991738 0.0858050012495 0.562764794582 0.933759345676 1.25865275897
 -7.62957478195 -5.29955920116 -3.79607957654 -2.60544208342 -1.68258633192 -0.757561077457 -0.0675130797061 0.510838568440 1.10469942982 1.28751476811
 -7.61305348308 -5.10195996583 -3.49320898002 -2.57227029316 -1.76117674880 -1.16953732472 -0.446223247717 0.574231285919 0.954081579891 1.47983301980
 -7.58945764165 -4.93661685411 -3.45013783283 -2.68863430210 -1.89974888908 -1.17581405192 -0.651301129301 0.256781085939 1.00014409813 1.58956657300
 -7.54076339508 -4.56653262175 -3.02613203019 -2.28970213077 -1.31868272211 -0.675834475362 -0.426421251173 0.288877784841 0.856236245618 1.55202137947
 -7.47825508774 -3.86990351069 -1.53847116982 -1.45715435753 -1.27556862392 -0.956950757066 -0.690659965210 0.0761972941691 0.855080581393 1.59648404552
 -7.41127090324 -3.74782592771 -1.56972069905 -1.19232114937 -1.04945888991 -0.814899244860 -0.614679623901 0.294605916373 0.764065270351 1.53492953905
 -7.35574404572 -3.73752024662 -1.34252743538 -0.683812747628 -0.762629526858 -0.762808190012 -0.608446896163 0.129189152400 0.650800778088 1.54280758503
 -7.30183027758 -3.60365329606 -1.06709018810 -0.632685873283 -0.737340105363 -0.908565921730 -0.685624475616 0.123552724098 0.596144978133 1.56130815356
 -7.24411404943 -3.47592532962 -1.29492420188 -0.904056994642 -1.02891047626 -0.774686410945 -0.471668804535 0.233734296353 0.552969479514 1.57806887586
 -7.18162303703 -3.20626764631 -1.17009183968 -0.766731018537 -1.03252386001 -0.790052857678 -0.570299403291 -0.0834617985288 0.440901866474 1.67420378766
 -7.11460424649 -3.11468208603 -1.06788788510 -0.978242780071 -0.682809518755 -0.227371510238 0.0562544210294 0.200566101063 0.458296525984 1.40411703592
 -7.04467162068 -3.07963234291 -1.10959052256 -0.531134240370 -0.592917611641 -0.141606062048 0.290317221743 0.220298032224 0.438915804741 1.24718178379
 -6.96691879918 -2.70912087305 -1.24961753465 -0.641773349289 -0.325877374772 -0.297033540866 0.380764211938 0.177680352861 0.423098748961 1.24416776250
 -6.97520095221 -1.86517444904 -1.15607176160 -0.692303462120 -0.592658063337 -0.410220719798 0.0626304599396 0.0591943480154 0.573971703362 1.36399138209
 -6.98028115135 -2.40212432521 -1.02775078576 -0.562202830232 -0.654391008571 -0.396974478956 -0.148768186659 -0.0328519917836 0.609353395332 1.41584817994
# log_selcoffs_ind[2]:
 0.00000000000 0.00000000000 0.00000000000 0.00000000000 0.00000000000 0.00000000000 0.00000000000 0.00000000000 0.00000000000 0.00000000000
# logsel_slope_ind[1]:
 0.00000000000 0.00000000000 0.00000000000 0.00000000000 0.00000000000 0.00000000000 0.00000000000 0.00000000000 0.00000000000 0.00000000000 0.00000000000 0.00000000000 0.00000000000 0.00000000000 0.00000000000 0.00000000000 0.00000000000 0.00000000000
# logsel_slope_ind[2]:
 0.00000000000
# sel50_ind[1]:
 0.00000000000 0.00000000000 0.00000000000 0.00000000000 0.00000000000 0.00000000000 0.00000000000 0.00000000000 0.00000000000 0.00000000000 0.00000000000 0.00000000000 0.00000000000 0.00000000000 0.00000000000 0.00000000000 0.00000000000 0.00000000000
# sel50_ind[2]:
 0.00000000000
# logsel_p1_ind[1]:
 0.00000000000 0.00000000000 0.00000000000 0.00000000000 0.00000000000 0.00000000000 0.00000000000 0.00000000000 0.00000000000 0.00000000000 0.00000000000 0.00000000000 0.00000000000 0.00000000000 0.00000000000 0.00000000000 0.00000000000 0.00000000000
# logsel_p1_ind[2]:
 0.00000000000
# sel_p2_ind[1]:
 0.00000000000 0.00000000000 0.00000000000 0.00000000000 0.00000000000 0.00000000000 0.00000000000 0.00000000000 0.00000000000 0.00000000000 0.00000000000 0.00000000000 0.00000000000 0.00000000000 0.00000000000 0.00000000000 0.00000000000 0.00000000000
# sel_p2_ind[2]:
 0.00000000000
# logsel_p3_ind[1]:
 0.00000000000 0.00000000000 0.00000000000 0.00000000000 0.00000000000 0.00000000000 0.00000000000 0.00000000000 0.00000000000 0.00000000000 0.00000000000 0.00000000000 0.00000000000 0.00000000000 0.00000000000 0.00000000000 0.00000000000 0.00000000000
# logsel_p3_ind[2]:
 0.00000000000
