# Number of parameters = 614 Objective function value = 165.246165507147  Maximum gradient component = 9.05987739745946e-05
# Mest[1]:
0.350000000000
# log_Linf[1]:
4.38701417618
# log_k[1]:
-1.83258146375
# log_Lo[1]:
2.75684036527
# log_sdage[1]:
-2.40794560865
# mean_log_rec[1]:
7.11664292722
# steepness[1]:
0.650000000000
# log_Rzero[1]:
6.84631381264
# rec_dev:
 -0.188131956896 -0.244368376259 -0.308201680307 -0.388173423955 -0.467205978485 -0.559968353491 -0.645870802781 -0.719115435445 -0.747522690100 -0.477904387815 -0.0829515364395 0.410553961085 0.436937546688 0.552700800027 0.939599856520 0.729586035848 0.570304378611 0.458462749720 0.553602176228 0.580500032840 0.541989282027 0.563799498506 1.01648913662 0.685055140429 1.31322881522 0.362086641871 0.293783903012 0.373043455211 -0.282501370169 -0.487447538949 -0.308778120511 -0.647302768089 -0.329859407793 -0.156042087986 -0.327445636544 -0.480638238806 -0.546068764508 -0.114097134000 -0.325280478241 0.132182952798 -0.111848227232 -0.130995935560 6.81614835685e-08
# log_sigmar[1]:
-0.223143551314
# fmort:
 -13.7017939948 -13.8320907537 -2.31564690318 -1.83269695477 -1.69231120244 -2.29412338205 -1.94642241110 -1.62795238672 -2.63601226014 -2.75091922592 -1.81164795906 -1.14153595293 -3.15971946936 -1.54282142058 -1.39835610491 -2.61082127492 -2.16579394350 -2.27622251189 -5.07593646693 -5.30470016471 -4.74323830675 -9.34360073593 -10.6403622105 -13.3803969197 -7.86426366578 -6.80850448725 -6.90731386828 -6.98834177967 -13.5906915498 -13.6474654629
 -2.57672389034 -1.76788422393 -2.48633465339 -2.58194093337 -2.60963332996 -2.37989603719 -2.83678416538 -2.61414066122 -2.87799403790 -2.86974719333 -2.77868802496 -2.59684628678 -2.55539473285 -2.85083322376 -2.38825015744 -2.58518154979 -2.42811671998 -2.21668031293 -1.73698749806 -1.17906975523 -0.919416325697 -0.805381904339 -1.03318770207 -1.02717561274 -0.893264623315 -0.760938398894 -0.942821558332 -0.756999354902 -0.853214181832 -1.22002359759
 -13.4173220589 -13.2249885451 -13.0380691140 -13.1180963166 -13.1011041100 -12.8154739229 -12.9888300136 -12.9536315341 -12.9380874263 -13.0491115341 -13.0824461307 -12.9698440449 -12.6507990884 -12.8328963243 -12.7352345066 -12.6485092815 -2.76139069577 -2.23790473211 -1.19015449071 -2.14707482728 -1.56149386712 -2.18080992382 -1.95718152435 -2.06906542666 -2.51053038212 -1.98528249094 -1.34104187439 -1.40551508831 -1.96046521792 -2.84888079534
# log_selcoffs_fsh[1]:
 -1.42518226370 -0.162820715067 0.261539834280 0.209161468764 0.171252501526 0.175153215647
 -1.68845096114 0.133303407305 0.428078388727 0.143863862956 -0.00163934859475 -0.0149079930338
 -2.02184957737 -0.467537600183 0.761073336873 0.245312513236 0.00773610254337 -0.204951010364
 -2.10745329415 -0.447214893109 0.513140879728 0.571809949714 0.0105108040716 -0.240188173457
 -2.05968483265 -0.0454130447865 0.739520108555 0.284536573057 -0.211087539269 -0.381078782227
 -2.09984406153 -0.338151800790 0.733906500381 0.492843631096 -0.222100924418 -0.440933307375
# log_selcoffs_fsh[2]:
 -5.24833361983 -4.00098564046 -2.79265034678 -1.68372888688 -0.736099201676 -0.00902660219783 0.464869813968 0.720383518639 0.824748670989 0.846374123582
 -5.38404347180 -4.08622528753 -2.81612958990 -1.67563927310 -0.645379702654 0.181227365495 0.530188844662 0.682780767435 0.762299798648 0.782349948368
 -5.46629079461 -4.13644606564 -2.84485194890 -1.60797954040 -0.626256456057 0.219336586481 0.534489435356 0.667298266713 0.750156057576 0.774103647274
 -5.51515208427 -4.11775596613 -2.81663650612 -1.60324744018 -0.633070795789 0.117909852748 0.483460898951 0.693753658541 0.791792507031 0.803033968510
 -5.54999730604 -4.12315222668 -2.80992382811 -1.62462040871 -0.608934763069 0.115419044714 0.436233634607 0.664488039877 0.806486318575 0.844176118730
 -5.59012760342 -4.12852952906 -2.79145335754 -1.61579217502 -0.624449996654 0.00332781321744 0.388272933489 0.675875676237 0.849684526099 0.876347457631
 -5.61545544737 -4.09713252263 -2.68439769548 -1.59301835334 -0.751064164144 -0.161961952868 0.313301870062 0.672126157610 0.925681566364 0.930552058225
 -5.65390649355 -4.17560767401 -2.75421318850 -1.63995011133 -0.799612535015 -0.231777431794 0.290612583778 0.704228056379 0.923979032645 0.956291751624
 -5.67200090444 -4.25088536179 -2.93165955835 -1.72135977606 -0.829746709861 -0.257721112829 0.303339944411 0.721103197598 0.927817598283 0.955952113033
 -5.67272497247 -4.28711728454 -3.00778997918 -1.76962376789 -0.855256712230 -0.230239505810 0.361331857549 0.719823548222 0.886632684665 0.965936851201
 -5.64155727910 -4.33331738033 -3.04988274703 -1.77605800987 -0.881119175340 -0.238976727534 0.259875619826 0.647794564775 0.920808194406 1.04573845682
 -5.62777272198 -4.32763372176 -3.10454218666 -1.83785501288 -0.690443398785 -0.136334712558 0.247105852893 0.592892413146 0.897630663361 1.05151582112
 -5.60064362274 -4.22964760508 -2.97810388660 -1.83314432659 -0.864724088462 -0.126165526652 0.244273437884 0.610836622532 0.894716414064 1.06574609195
 -5.54894985373 -4.03490471914 -2.74618283033 -1.72169890806 -0.823216220926 -0.246252854706 0.191778499760 0.578054915104 0.904732538792 1.11497888449
 -5.54133506501 -4.04801239619 -2.70962806439 -1.66574069623 -0.818346979872 -0.242972603813 0.150389658326 0.558126874773 0.918056198786 1.12605081317
 -5.56764089724 -4.08052588927 -2.72275417123 -1.64113692284 -0.846323962462 -0.290514277920 0.180485093223 0.576432995586 0.941183938256 1.09943514159
 -5.59845130729 -4.08547053562 -2.66810465280 -1.56226782784 -0.819071594242 -0.337446613468 0.155316423529 0.639174487486 0.939897073682 1.07272861303
 -5.59903025944 -4.02088733157 -2.56409114793 -1.52659347565 -0.860263443762 -0.380625955802 0.114991032370 0.572608085221 0.978037325527 1.10645929010
 -5.62393500567 -3.97594523808 -2.50544441863 -1.39052341980 -0.681755375736 -0.245429615802 0.153284338672 0.574891756637 0.894852014713 1.08835277921
 -5.71330666783 -3.96102706349 -2.38687707719 -1.26030383411 -0.470622063071 -0.0415275668869 0.231380540951 0.604537407559 0.857519563422 0.943977404037
 -5.75616396502 -3.89433193772 -2.21023248056 -1.07816673673 -0.377675864483 0.0229460678399 0.286923721186 0.551104497168 0.827646038098 0.901178826885
 -5.81025664773 -3.87324763396 -2.03724204910 -0.855405563444 -0.253186812999 0.0712307227579 0.323785546724 0.537581883981 0.751302362568 0.857215727273
 -5.87123073331 -3.92288022564 -2.03659380638 -0.740405558426 -0.129135596233 0.132501240829 0.351827961513 0.530302109258 0.689178768318 0.804813799082
 -5.88733071785 -4.00517381657 -2.22897721663 -0.977489924822 -0.275336616171 0.0698055531132 0.342092931505 0.572497035749 0.781067358274 0.832524043832
 -5.88230540608 -4.05566378635 -2.29037342532 -1.00429188008 -0.336634057259 0.0435173358017 0.297379688232 0.563282968728 0.786069946985 0.898614281899
 -5.86535209059 -4.11210163284 -2.47583811281 -1.20262852135 -0.504527242704 -0.0387702019333 0.292086071660 0.602699836216 0.823671662350 0.949886854241
 -5.80881326319 -4.09738418776 -2.59900989324 -1.46668194152 -0.772004595376 -0.244761444821 0.202163302883 0.617953434374 0.908869521937 1.05419980203
# log_selcoffs_fsh[3]:
 -5.70678371515 -4.61378027940 -3.55982163696 -2.58007975796 -1.69521621411 -0.915049108233 -0.262283011020 0.248521854540 0.714514726648 1.03316534593 1.22198873977
 -5.74955962091 -4.63424906935 -3.57018698701 -2.58241139190 -1.65089685516 -0.811017172644 -0.145010163591 0.347447875206 0.674246164148 1.02136082170 1.17158038202
 -5.75495841896 -4.45668890058 -3.27465815296 -2.14002036999 -1.11145700349 -0.503219829886 -0.0405648941919 0.303008994480 0.629803023539 0.948181808544 1.13900639697
 -5.73572132547 -4.02842572849 -2.57848044961 -1.65553859830 -1.01954482337 -0.487203005429 -0.0530438693446 0.311266767492 0.633828526101 0.922046451631 1.10666441192
 -5.70153108657 -3.68797810574 -1.95802269874 -1.12151631943 -0.777054995549 -0.519176173043 -0.198686380588 0.151050577491 0.568346484993 0.932628605849 1.15074835890
 -5.75950281124 -3.74000666065 -1.78664831462 -0.763973163098 -0.528910308456 -0.508489056209 -0.252439233088 0.131667937592 0.558020326874 0.894420082769 1.11131472600
 -5.81561636592 -3.91919334528 -2.08021811349 -0.628007144231 -0.167498380136 -0.137859897818 -0.108701123402 0.141444283301 0.467366217895 0.781682458326 1.01947535129
 -5.85505855145 -4.01844319152 -2.25521078372 -0.810363538352 0.0186541694060 0.169009985016 0.106575508542 0.141567520441 0.366764781892 0.682709448436 0.932090398372
 -5.84043607041 -3.97911760427 -2.22190627094 -0.872205222841 -0.0971135231313 0.194330987577 0.202528872790 0.224055545010 0.368739250504 0.657783650182 0.907432726388
 -5.78275914814 -3.77050768723 -1.84497931532 -0.803614713885 -0.285420384616 -0.111150764453 0.000194058597286 0.215976461237 0.506757941500 0.781485100324 0.969171026295
 -5.68096615248 -3.60729493130 -1.94602107322 -1.04691890392 -0.646353617062 -0.387801712380 -0.0637840959643 0.322736493952 0.669547410999 0.873311041268 0.957746197044
 -5.71429661439 -3.85598883219 -2.29887402161 -1.54558631704 -0.987833251587 -0.521669764908 -0.0608692295443 0.513481659500 0.853157842680 0.899388693201 0.823686983501
# log_sel_spl_fsh[1]:
 0.00000000000 0.00000000000 0.00000000000 0.00000000000
 0.00000000000 0.00000000000 0.00000000000 0.00000000000
 0.00000000000 0.00000000000 0.00000000000 0.00000000000
 0.00000000000 0.00000000000 0.00000000000 0.00000000000
 0.00000000000 0.00000000000 0.00000000000 0.00000000000
 0.00000000000 0.00000000000 0.00000000000 0.00000000000
# log_sel_spl_fsh[2]:
 0.00000000000 0.00000000000 0.00000000000 0.00000000000
 0.00000000000 0.00000000000 0.00000000000 0.00000000000
 0.00000000000 0.00000000000 0.00000000000 0.00000000000
 0.00000000000 0.00000000000 0.00000000000 0.00000000000
 0.00000000000 0.00000000000 0.00000000000 0.00000000000
 0.00000000000 0.00000000000 0.00000000000 0.00000000000
 0.00000000000 0.00000000000 0.00000000000 0.00000000000
 0.00000000000 0.00000000000 0.00000000000 0.00000000000
 0.00000000000 0.00000000000 0.00000000000 0.00000000000
 0.00000000000 0.00000000000 0.00000000000 0.00000000000
 0.00000000000 0.00000000000 0.00000000000 0.00000000000
 0.00000000000 0.00000000000 0.00000000000 0.00000000000
 0.00000000000 0.00000000000 0.00000000000 0.00000000000
 0.00000000000 0.00000000000 0.00000000000 0.00000000000
 0.00000000000 0.00000000000 0.00000000000 0.00000000000
 0.00000000000 0.00000000000 0.00000000000 0.00000000000
 0.00000000000 0.00000000000 0.00000000000 0.00000000000
 0.00000000000 0.00000000000 0.00000000000 0.00000000000
 0.00000000000 0.00000000000 0.00000000000 0.00000000000
 0.00000000000 0.00000000000 0.00000000000 0.00000000000
 0.00000000000 0.00000000000 0.00000000000 0.00000000000
 0.00000000000 0.00000000000 0.00000000000 0.00000000000
 0.00000000000 0.00000000000 0.00000000000 0.00000000000
 0.00000000000 0.00000000000 0.00000000000 0.00000000000
 0.00000000000 0.00000000000 0.00000000000 0.00000000000
 0.00000000000 0.00000000000 0.00000000000 0.00000000000
 0.00000000000 0.00000000000 0.00000000000 0.00000000000
# log_sel_spl_fsh[3]:
 0.00000000000 0.00000000000 0.00000000000 0.00000000000
 0.00000000000 0.00000000000 0.00000000000 0.00000000000
 0.00000000000 0.00000000000 0.00000000000 0.00000000000
 0.00000000000 0.00000000000 0.00000000000 0.00000000000
 0.00000000000 0.00000000000 0.00000000000 0.00000000000
 0.00000000000 0.00000000000 0.00000000000 0.00000000000
 0.00000000000 0.00000000000 0.00000000000 0.00000000000
 0.00000000000 0.00000000000 0.00000000000 0.00000000000
 0.00000000000 0.00000000000 0.00000000000 0.00000000000
 0.00000000000 0.00000000000 0.00000000000 0.00000000000
 0.00000000000 0.00000000000 0.00000000000 0.00000000000
 0.00000000000 0.00000000000 0.00000000000 0.00000000000
# logsel_slope_fsh[1]:
 0.00000000000 0.00000000000 0.00000000000 0.00000000000 0.00000000000 0.00000000000
# logsel_slope_fsh[2]:
 0.00000000000 0.00000000000 0.00000000000 0.00000000000 0.00000000000 0.00000000000 0.00000000000 0.00000000000 0.00000000000 0.00000000000 0.00000000000 0.00000000000 0.00000000000 0.00000000000 0.00000000000 0.00000000000 0.00000000000 0.00000000000 0.00000000000 0.00000000000 0.00000000000 0.00000000000 0.00000000000 0.00000000000 0.00000000000 0.00000000000 0.00000000000
# logsel_slope_fsh[3]:
 0.00000000000 0.00000000000 0.00000000000 0.00000000000 0.00000000000 0.00000000000 0.00000000000 0.00000000000 0.00000000000 0.00000000000 0.00000000000 0.00000000000
# sel50_fsh[1]:
 0.00000000000 0.00000000000 0.00000000000 0.00000000000 0.00000000000 0.00000000000
# sel50_fsh[2]:
 0.00000000000 0.00000000000 0.00000000000 0.00000000000 0.00000000000 0.00000000000 0.00000000000 0.00000000000 0.00000000000 0.00000000000 0.00000000000 0.00000000000 0.00000000000 0.00000000000 0.00000000000 0.00000000000 0.00000000000 0.00000000000 0.00000000000 0.00000000000 0.00000000000 0.00000000000 0.00000000000 0.00000000000 0.00000000000 0.00000000000 0.00000000000
# sel50_fsh[3]:
 0.00000000000 0.00000000000 0.00000000000 0.00000000000 0.00000000000 0.00000000000 0.00000000000 0.00000000000 0.00000000000 0.00000000000 0.00000000000 0.00000000000
# logsel_p1_fsh[1]:
 0.00000000000 0.00000000000 0.00000000000 0.00000000000 0.00000000000 0.00000000000
# logsel_p1_fsh[2]:
 0.00000000000 0.00000000000 0.00000000000 0.00000000000 0.00000000000 0.00000000000 0.00000000000 0.00000000000 0.00000000000 0.00000000000 0.00000000000 0.00000000000 0.00000000000 0.00000000000 0.00000000000 0.00000000000 0.00000000000 0.00000000000 0.00000000000 0.00000000000 0.00000000000 0.00000000000 0.00000000000 0.00000000000 0.00000000000 0.00000000000 0.00000000000
# logsel_p1_fsh[3]:
 0.00000000000 0.00000000000 0.00000000000 0.00000000000 0.00000000000 0.00000000000 0.00000000000 0.00000000000 0.00000000000 0.00000000000 0.00000000000 0.00000000000
# logsel_p2_fsh[1]:
 0.00000000000 0.00000000000 0.00000000000 0.00000000000 0.00000000000 0.00000000000
# logsel_p2_fsh[2]:
 0.00000000000 0.00000000000 0.00000000000 0.00000000000 0.00000000000 0.00000000000 0.00000000000 0.00000000000 0.00000000000 0.00000000000 0.00000000000 0.00000000000 0.00000000000 0.00000000000 0.00000000000 0.00000000000 0.00000000000 0.00000000000 0.00000000000 0.00000000000 0.00000000000 0.00000000000 0.00000000000 0.00000000000 0.00000000000 0.00000000000 0.00000000000
# logsel_p2_fsh[3]:
 0.00000000000 0.00000000000 0.00000000000 0.00000000000 0.00000000000 0.00000000000 0.00000000000 0.00000000000 0.00000000000 0.00000000000 0.00000000000 0.00000000000
# logsel_p3_fsh[1]:
 0.00000000000 0.00000000000 0.00000000000 0.00000000000 0.00000000000 0.00000000000
# logsel_p3_fsh[2]:
 0.00000000000 0.00000000000 0.00000000000 0.00000000000 0.00000000000 0.00000000000 0.00000000000 0.00000000000 0.00000000000 0.00000000000 0.00000000000 0.00000000000 0.00000000000 0.00000000000 0.00000000000 0.00000000000 0.00000000000 0.00000000000 0.00000000000 0.00000000000 0.00000000000 0.00000000000 0.00000000000 0.00000000000 0.00000000000 0.00000000000 0.00000000000
# logsel_p3_fsh[3]:
 0.00000000000 0.00000000000 0.00000000000 0.00000000000 0.00000000000 0.00000000000 0.00000000000 0.00000000000 0.00000000000 0.00000000000 0.00000000000 0.00000000000
# rec_dev_future:
 0.00000000000 0.00000000000 0.00000000000 0.00000000000 0.00000000000 0.00000000000 0.00000000000 0.00000000000 0.00000000000 0.00000000000 0.00000000000 0.00000000000 0.00000000000 0.00000000000 0.00000000000 0.00000000000 0.00000000000 0.00000000000 0.00000000000 0.00000000000
# log_q_ind[1]:
-0.287682072452
# log_q_ind[2]:
-5.86400842940
# log_q_power_ind[1]:
0.00000000000
# log_q_power_ind[2]:
0.00000000000
# log_selcoffs_ind[1]:
 -8.79307378666 -4.59039297897 -2.34536062113 -1.72063238000 -1.39697306192 -0.854874706589 -0.320212208375 0.411889464250 0.920259116101 1.45783554577
# log_selcoffs_ind[2]:
 0.00000000000 0.00000000000 0.00000000000 0.00000000000 0.00000000000 0.00000000000 0.00000000000 0.00000000000 0.00000000000 0.00000000000
# logsel_slope_ind[1]:
 0.00000000000
# logsel_slope_ind[2]:
 0.00000000000
# sel50_ind[1]:
 0.00000000000
# sel50_ind[2]:
 0.00000000000
# logsel_p1_ind[1]:
 0.00000000000
# logsel_p1_ind[2]:
 0.00000000000
# sel_p2_ind[1]:
 0.00000000000
# sel_p2_ind[2]:
 0.00000000000
# logsel_p3_ind[1]:
 0.00000000000
# logsel_p3_ind[2]:
 0.00000000000
