# Number of parameters = 911 Objective function value = 183.249192867867  Maximum gradient component = 2.93354200066227e-05
# Mest[1]:
0.350000000000
# log_Linf[1]:
4.38701417618
# log_k[1]:
-1.83258146375
# log_Lo[1]:
2.75684036527
# log_sdage[1]:
-2.40794560865
# mean_log_rec[1]:
6.89740562344
# steepness[1]:
0.618241053040
# log_Rzero[1]:
6.63391810363
# rec_dev:
 -0.175235884495 -0.227074305037 -0.285060276740 -0.358675196214 -0.430246597847 -0.515429977659 -0.594717127050 -0.664710801931 -0.689378628182 -0.409861083283 -0.000950740585505 0.515777699768 0.574538872818 0.733463497668 1.15408627424 0.952475490307 0.797376361644 0.693658741475 0.793186169279 0.816907944002 0.783631243799 0.800154503081 1.24819007217 0.864092098612 1.51509246065 0.542828061693 0.556106249302 0.675128112495 -0.00446175295032 -0.178995196902 -0.0199011022004 -0.392770361732 -0.0565256350320 0.126027301473 -0.104592030713 -0.290720122477 -0.431729316490 -0.281379705795 -0.631829265246 -0.525858120764 -0.771410346765 -1.05033321188 -1.14727493810 -0.733975817704 0.305882974029 -0.684308674754 -0.140077488914 1.38665345872e-08
# log_sigmar[1]:
-0.223143551314
# fmort:
 -13.6492308310 -13.8098385305 -2.32456819410 -1.85875313172 -1.72099706914 -2.32159940913 -1.98169893033 -1.67597241459 -2.69501791685 -2.82033321736 -1.89246653064 -1.22281710333 -3.20201689647 -1.56401977992 -1.40218846443 -2.63243149836 -2.21303597111 -2.35104373284 -5.15881326468 -5.38382715270 -4.82312448851 -9.41353115691 -10.7104173585 -13.4414434244 -7.88787768099 -6.73391548737 -6.65632154944 -6.53350240457 -12.9014913647 -12.8104897458 -12.6678341849 -12.6243248747 -12.9301976619 -13.3190607966 -13.3620607809
 -2.36876831168 -1.52369016570 -2.22627112880 -2.34135396715 -2.39687943580 -2.19900608326 -2.68567712385 -2.49774218079 -2.78654291519 -2.80411008532 -2.74357319162 -2.59992278474 -2.58647854665 -2.89170551970 -2.43783075830 -2.63632088773 -2.48222776132 -2.27932459232 -1.81395713909 -1.25217865632 -1.00531007064 -0.902650343602 -1.14448793436 -1.14135206116 -1.00422447323 -0.907406462182 -1.13260442478 -0.999305187590 -1.14999272714 -1.49444784801 -1.43293211185 -1.42678421141 -1.93334408324 -2.08639265476 -2.21199605457
 -13.2132432036 -12.9829843834 -12.7734673716 -12.8687274879 -12.8797789286 -12.6382711075 -12.8418446262 -12.8436526226 -12.8456136133 -12.9775469581 -13.0365031228 -12.9589825287 -12.6641407881 -12.8482971764 -12.7542606079 -12.6602318647 -2.76166629997 -2.22842481519 -1.16747669509 -2.12058802333 -1.53208537278 -2.16288632732 -1.93092187849 -2.02647255651 -2.44287320529 -1.87400871350 -1.16279186549 -1.15545504772 -1.63008218368 -2.34646860481 -2.65683457581 -3.03258682057 -3.01354006313 -3.06375703844 -4.27583914147
# log_selcoffs_fsh[1]:
 -1.47556533730 -0.121854566123 0.345137435057 0.258809818504 0.133485425454 0.0350751535279
 -1.72584228058 0.145150427995 0.475767316176 0.179772757101 -0.0258014779840 -0.122121186458
 -2.07547882532 -0.475592329115 0.779448758406 0.277953816138 0.00165160223641 -0.286830996352
 -2.18739944382 -0.497225419139 0.518856941336 0.611030026101 0.0216577944541 -0.307547863892
 -2.13917052412 -0.109434742504 0.726734918900 0.346755755724 -0.164357734885 -0.423607314740
 -2.18763080067 -0.417414388183 0.688863901402 0.563687972636 -0.147420172043 -0.482001670877
# log_selcoffs_fsh[2]:
 -5.38476070500 -4.13354434734 -2.91897656122 -1.79862895826 -0.832646500847 -0.0795965226405 0.427256837672 0.719264631132 0.856991654639 0.899940277375
 -5.50998900963 -4.21299452253 -2.93987570674 -1.78530275844 -0.734658461221 0.114393266121 0.491695636964 0.680286084741 0.797715556344 0.845730737323
 -5.58169519461 -4.25370283288 -2.95889861286 -1.70879462246 -0.707063716389 0.158515450154 0.496881237066 0.661886379462 0.783089827935 0.838954506150
 -5.62006049452 -4.22436170956 -2.91942787558 -1.69256023472 -0.704646931911 0.0626430220291 0.447488236700 0.685176024960 0.818607353379 0.862450974542
 -5.64228553147 -4.21648460664 -2.89898661570 -1.70094753090 -0.669149628903 0.0679512758837 0.403008331816 0.654121185022 0.828523948266 0.896884169602
 -5.66866065411 -4.20680750510 -2.86476972710 -1.67704682303 -0.672077185421 -0.0346827259765 0.359060350849 0.663393795106 0.865483375249 0.920946456893
 -5.67924561446 -4.15955202068 -2.74146833133 -1.63874662274 -0.785463868309 -0.190066391235 0.289328394159 0.658722342555 0.934445019160 0.965387759799
 -5.70219652714 -4.22070065628 -2.79434555276 -1.67098093813 -0.821373954463 -0.249348091341 0.274449818059 0.693376858254 0.928094342586 0.981205489307
 -5.70416154188 -4.27716607748 -2.95101178961 -1.73431858171 -0.838097375239 -0.265581730319 0.294008625208 0.713383728069 0.928771211485 0.971009492031
 -5.68963722087 -4.29361426428 -3.00369205629 -1.75722174822 -0.844174165221 -0.226969225667 0.357106744626 0.713378988853 0.884102354036 0.971954201920
 -5.64642837512 -4.32576393042 -3.02671148460 -1.73963859476 -0.844621023361 -0.217782204138 0.262949669531 0.641548914179 0.913023933126 1.04138520554
 -5.62457252900 -4.31558689197 -3.07570772956 -1.78782712518 -0.634617352893 -0.0931712979213 0.265546362984 0.589134692669 0.881709292954 1.03203843297
 -5.58899983233 -4.21966971117 -2.95431889671 -1.78168376176 -0.793324274302 -0.0629857947507 0.282990472195 0.616951776348 0.872237637446 1.02860928253
 -5.52569601726 -4.02901979455 -2.73905141375 -1.68311483717 -0.749465056112 -0.163642568638 0.250753055292 0.600559344239 0.882200800948 1.05841232258
 -5.50239821477 -4.04044845357 -2.71869873283 -1.65337083519 -0.757291091824 -0.153775355386 0.232871650365 0.598847242048 0.898755949876 1.04934694299
 -5.50989461439 -4.06796962061 -2.73831429346 -1.65294358418 -0.812942269099 -0.208866948652 0.273643819646 0.642824680590 0.930306380649 0.999066240283
 -5.51872121416 -4.06557581685 -2.68691179015 -1.58139502980 -0.802547875029 -0.273542409042 0.251434526550 0.729252664628 0.942225688940 0.944336502253
 -5.47564861706 -3.97369398827 -2.57090679014 -1.54826612926 -0.861136137898 -0.349906927432 0.186582537040 0.663357036960 1.00490605744 0.986718497680
 -5.44019907861 -3.89042067653 -2.49151187647 -1.40627611567 -0.693239362895 -0.231478394031 0.202877976210 0.652123255150 0.920972681440 0.992438229051
 -5.46200562244 -3.83334188091 -2.35929887838 -1.28112768863 -0.495202089262 -0.0488227151204 0.265100114091 0.673033657940 0.881019033615 0.859938636543
 -5.43042256174 -3.70797695182 -2.15222238642 -1.09399874164 -0.411872479461 0.00294646783955 0.302215282302 0.609421465799 0.861992585487 0.830531619502
 -5.40525969452 -3.61138378685 -1.92508136446 -0.853180327709 -0.292096843172 0.0329690413663 0.328173924893 0.593017959245 0.788504156435 0.796778022905
 -5.38716182360 -3.56615165889 -1.84282910750 -0.714981044014 -0.178925916474 0.0826383162932 0.345146364799 0.584690555734 0.730714895330 0.748618313756
 -5.32722188503 -3.52761136728 -1.89788120969 -0.839942669370 -0.294594477941 0.00994241596589 0.317174402092 0.594270650024 0.808705379531 0.788170980318
 -5.26107663796 -3.45041675360 -1.76372873786 -0.675102943980 -0.223982614527 0.00258106114019 0.229703860713 0.529787839462 0.770042182069 0.860354789050
 -5.21551376935 -3.39671807896 -1.75827336982 -0.594362119464 -0.158312157840 0.0368886857043 0.191053507098 0.470830085017 0.732204657358 0.897784665918
 -5.17863200390 -3.34994016765 -1.72771101582 -0.628344348811 -0.0611947642183 0.117119611552 0.208237364104 0.382450679353 0.657672695683 0.938265960080
 -5.30123680502 -3.47559372502 -1.77415592582 -0.457226811481 0.206354633878 0.429482651565 0.351258952480 0.327223620136 0.468064084852 0.688581652900
 -5.29752292738 -3.47105699906 -1.77793052198 -0.507949588350 0.163748109392 0.321476080552 0.394857290106 0.373885281731 0.486227069358 0.728709612827
 -5.22999515531 -3.40280782812 -1.82650884756 -0.676527434496 -0.0570352773728 0.188934712461 0.248997541152 0.420522386802 0.620260863704 0.906071212994
 -5.05476968078 -3.28110256342 -1.91468208605 -0.957040283114 -0.296693504069 -0.0591181335552 0.0427606482571 0.291440780345 0.708405563223 1.20175759347
 -4.91854930955 -3.27331979236 -1.96048440510 -1.08614664694 -0.538042722009 -0.276260852293 -0.184375017487 0.0814693219224 0.679297051323 1.44574310964
# log_selcoffs_fsh[3]:
 -5.75081085503 -4.67922731308 -3.63616438867 -2.64512241284 -1.72580357476 -0.903791621346 -0.233360143241 0.256162617453 0.692583293285 1.01705920329 1.24108581651
 -5.79508858590 -4.70589890169 -3.66084769487 -2.67574745802 -1.72851320722 -0.843203707777 -0.128973348583 0.362878946860 0.680000302655 1.01185479724 1.17694154196
 -5.78868858759 -4.51964763124 -3.36310697157 -2.24505015289 -1.21780276603 -0.597386842006 -0.0834286019047 0.314820886123 0.658142632802 0.964261086646 1.14909832870
 -5.74407629919 -4.07462982472 -2.65165437228 -1.74968281182 -1.12629246919 -0.590022379375 -0.133715270971 0.283245321272 0.651558653050 0.960194580286 1.13907735747
 -5.67079448677 -3.71380937950 -2.01943942625 -1.19668351192 -0.871201055719 -0.628663891349 -0.296179990569 0.0917145618034 0.567216377374 0.972674694010 1.20519999697
 -5.67633432283 -3.73102910959 -1.84114886968 -0.846481352385 -0.625698544636 -0.623270615604 -0.367766706883 0.0547899220556 0.543403884024 0.939267535965 1.18949189238
 -5.66618369056 -3.85574562706 -2.09568470519 -0.703507614182 -0.272205222033 -0.266261282727 -0.241733307974 0.0453533607964 0.446002508082 0.842744048595 1.13563874465
 -5.63014432182 -3.88399764721 -2.21740641980 -0.859603577061 -0.0991583822402 0.0160103146464 -0.0517182921232 0.0241752562472 0.339858962942 0.765330180522 1.09639796776
 -5.55065122694 -3.75102181056 -2.10669687161 -0.891387660626 -0.231282499245 -0.0126709494897 -0.0116893459217 0.0656069541073 0.328521528227 0.763770472611 1.12119510877
 -5.47003990045 -3.45712226063 -1.59725358928 -0.759956672791 -0.438268723240 -0.407078471000 -0.321771424810 -0.0318390965650 0.413483382648 0.884950541757 1.21042766694
 -5.41494141535 -3.24963732102 -1.60254454078 -0.810906690127 -0.678472453625 -0.661204596372 -0.476591555203 -0.0592390515707 0.482554363865 0.956837048825 1.25283984028
 -5.59081450762 -3.66465427281 -1.99605358979 -1.26204190846 -0.803892600633 -0.609149085851 -0.376538002529 0.0900458786862 0.581222704034 0.989616263483 1.19435550396
 -5.84057252252 -4.20171385388 -2.70827295698 -1.43806457723 -0.799337244488 -0.476956588391 -0.140984416211 0.235361612415 0.609404541387 0.941398002585 1.12200986652
 -6.10546117354 -4.49876637958 -2.97795714302 -1.61922395116 -0.802705719338 -0.486950289982 -0.132828519626 0.356397471933 0.663958279966 0.913813597367 1.07671227279
 -6.35674338598 -4.64841985187 -2.99778325438 -1.69820606308 -0.918426667755 -0.563479627843 -0.0753823483294 0.350767802361 0.721094666346 0.951192447956 1.02761136453
 -6.48841770337 -4.70756703971 -2.84010244828 -1.28554429182 -0.682037086660 -0.421127733013 -0.128901893964 0.267384054869 0.618347432555 0.923078481675 1.07641857526
 -6.53407788033 -4.66203211255 -2.72327197054 -0.933664965772 -0.201612244245 -0.119214762089 -0.121178169385 0.0500129488620 0.399594318946 0.818322788986 1.14110502530
# log_sel_spl_fsh[1]:
 0.00000000000 0.00000000000 0.00000000000 0.00000000000
 0.00000000000 0.00000000000 0.00000000000 0.00000000000
 0.00000000000 0.00000000000 0.00000000000 0.00000000000
 0.00000000000 0.00000000000 0.00000000000 0.00000000000
 0.00000000000 0.00000000000 0.00000000000 0.00000000000
 0.00000000000 0.00000000000 0.00000000000 0.00000000000
# log_sel_spl_fsh[2]:
 0.00000000000 0.00000000000 0.00000000000 0.00000000000
 0.00000000000 0.00000000000 0.00000000000 0.00000000000
 0.00000000000 0.00000000000 0.00000000000 0.00000000000
 0.00000000000 0.00000000000 0.00000000000 0.00000000000
 0.00000000000 0.00000000000 0.00000000000 0.00000000000
 0.00000000000 0.00000000000 0.00000000000 0.00000000000
 0.00000000000 0.00000000000 0.00000000000 0.00000000000
 0.00000000000 0.00000000000 0.00000000000 0.00000000000
 0.00000000000 0.00000000000 0.00000000000 0.00000000000
 0.00000000000 0.00000000000 0.00000000000 0.00000000000
 0.00000000000 0.00000000000 0.00000000000 0.00000000000
 0.00000000000 0.00000000000 0.00000000000 0.00000000000
 0.00000000000 0.00000000000 0.00000000000 0.00000000000
 0.00000000000 0.00000000000 0.00000000000 0.00000000000
 0.00000000000 0.00000000000 0.00000000000 0.00000000000
 0.00000000000 0.00000000000 0.00000000000 0.00000000000
 0.00000000000 0.00000000000 0.00000000000 0.00000000000
 0.00000000000 0.00000000000 0.00000000000 0.00000000000
 0.00000000000 0.00000000000 0.00000000000 0.00000000000
 0.00000000000 0.00000000000 0.00000000000 0.00000000000
 0.00000000000 0.00000000000 0.00000000000 0.00000000000
 0.00000000000 0.00000000000 0.00000000000 0.00000000000
 0.00000000000 0.00000000000 0.00000000000 0.00000000000
 0.00000000000 0.00000000000 0.00000000000 0.00000000000
 0.00000000000 0.00000000000 0.00000000000 0.00000000000
 0.00000000000 0.00000000000 0.00000000000 0.00000000000
 0.00000000000 0.00000000000 0.00000000000 0.00000000000
 0.00000000000 0.00000000000 0.00000000000 0.00000000000
 0.00000000000 0.00000000000 0.00000000000 0.00000000000
 0.00000000000 0.00000000000 0.00000000000 0.00000000000
 0.00000000000 0.00000000000 0.00000000000 0.00000000000
 0.00000000000 0.00000000000 0.00000000000 0.00000000000
# log_sel_spl_fsh[3]:
 0.00000000000 0.00000000000 0.00000000000 0.00000000000
 0.00000000000 0.00000000000 0.00000000000 0.00000000000
 0.00000000000 0.00000000000 0.00000000000 0.00000000000
 0.00000000000 0.00000000000 0.00000000000 0.00000000000
 0.00000000000 0.00000000000 0.00000000000 0.00000000000
 0.00000000000 0.00000000000 0.00000000000 0.00000000000
 0.00000000000 0.00000000000 0.00000000000 0.00000000000
 0.00000000000 0.00000000000 0.00000000000 0.00000000000
 0.00000000000 0.00000000000 0.00000000000 0.00000000000
 0.00000000000 0.00000000000 0.00000000000 0.00000000000
 0.00000000000 0.00000000000 0.00000000000 0.00000000000
 0.00000000000 0.00000000000 0.00000000000 0.00000000000
 0.00000000000 0.00000000000 0.00000000000 0.00000000000
 0.00000000000 0.00000000000 0.00000000000 0.00000000000
 0.00000000000 0.00000000000 0.00000000000 0.00000000000
 0.00000000000 0.00000000000 0.00000000000 0.00000000000
 0.00000000000 0.00000000000 0.00000000000 0.00000000000
# logsel_slope_fsh[1]:
 0.00000000000 0.00000000000 0.00000000000 0.00000000000 0.00000000000 0.00000000000
# logsel_slope_fsh[2]:
 0.00000000000 0.00000000000 0.00000000000 0.00000000000 0.00000000000 0.00000000000 0.00000000000 0.00000000000 0.00000000000 0.00000000000 0.00000000000 0.00000000000 0.00000000000 0.00000000000 0.00000000000 0.00000000000 0.00000000000 0.00000000000 0.00000000000 0.00000000000 0.00000000000 0.00000000000 0.00000000000 0.00000000000 0.00000000000 0.00000000000 0.00000000000 0.00000000000 0.00000000000 0.00000000000 0.00000000000 0.00000000000
# logsel_slope_fsh[3]:
 0.00000000000 0.00000000000 0.00000000000 0.00000000000 0.00000000000 0.00000000000 0.00000000000 0.00000000000 0.00000000000 0.00000000000 0.00000000000 0.00000000000 0.00000000000 0.00000000000 0.00000000000 0.00000000000 0.00000000000
# sel50_fsh[1]:
 0.00000000000 0.00000000000 0.00000000000 0.00000000000 0.00000000000 0.00000000000
# sel50_fsh[2]:
 0.00000000000 0.00000000000 0.00000000000 0.00000000000 0.00000000000 0.00000000000 0.00000000000 0.00000000000 0.00000000000 0.00000000000 0.00000000000 0.00000000000 0.00000000000 0.00000000000 0.00000000000 0.00000000000 0.00000000000 0.00000000000 0.00000000000 0.00000000000 0.00000000000 0.00000000000 0.00000000000 0.00000000000 0.00000000000 0.00000000000 0.00000000000 0.00000000000 0.00000000000 0.00000000000 0.00000000000 0.00000000000
# sel50_fsh[3]:
 0.00000000000 0.00000000000 0.00000000000 0.00000000000 0.00000000000 0.00000000000 0.00000000000 0.00000000000 0.00000000000 0.00000000000 0.00000000000 0.00000000000 0.00000000000 0.00000000000 0.00000000000 0.00000000000 0.00000000000
# logsel_p1_fsh[1]:
 0.00000000000 0.00000000000 0.00000000000 0.00000000000 0.00000000000 0.00000000000
# logsel_p1_fsh[2]:
 0.00000000000 0.00000000000 0.00000000000 0.00000000000 0.00000000000 0.00000000000 0.00000000000 0.00000000000 0.00000000000 0.00000000000 0.00000000000 0.00000000000 0.00000000000 0.00000000000 0.00000000000 0.00000000000 0.00000000000 0.00000000000 0.00000000000 0.00000000000 0.00000000000 0.00000000000 0.00000000000 0.00000000000 0.00000000000 0.00000000000 0.00000000000 0.00000000000 0.00000000000 0.00000000000 0.00000000000 0.00000000000
# logsel_p1_fsh[3]:
 0.00000000000 0.00000000000 0.00000000000 0.00000000000 0.00000000000 0.00000000000 0.00000000000 0.00000000000 0.00000000000 0.00000000000 0.00000000000 0.00000000000 0.00000000000 0.00000000000 0.00000000000 0.00000000000 0.00000000000
# logsel_p2_fsh[1]:
 0.00000000000 0.00000000000 0.00000000000 0.00000000000 0.00000000000 0.00000000000
# logsel_p2_fsh[2]:
 0.00000000000 0.00000000000 0.00000000000 0.00000000000 0.00000000000 0.00000000000 0.00000000000 0.00000000000 0.00000000000 0.00000000000 0.00000000000 0.00000000000 0.00000000000 0.00000000000 0.00000000000 0.00000000000 0.00000000000 0.00000000000 0.00000000000 0.00000000000 0.00000000000 0.00000000000 0.00000000000 0.00000000000 0.00000000000 0.00000000000 0.00000000000 0.00000000000 0.00000000000 0.00000000000 0.00000000000 0.00000000000
# logsel_p2_fsh[3]:
 0.00000000000 0.00000000000 0.00000000000 0.00000000000 0.00000000000 0.00000000000 0.00000000000 0.00000000000 0.00000000000 0.00000000000 0.00000000000 0.00000000000 0.00000000000 0.00000000000 0.00000000000 0.00000000000 0.00000000000
# logsel_p3_fsh[1]:
 0.00000000000 0.00000000000 0.00000000000 0.00000000000 0.00000000000 0.00000000000
# logsel_p3_fsh[2]:
 0.00000000000 0.00000000000 0.00000000000 0.00000000000 0.00000000000 0.00000000000 0.00000000000 0.00000000000 0.00000000000 0.00000000000 0.00000000000 0.00000000000 0.00000000000 0.00000000000 0.00000000000 0.00000000000 0.00000000000 0.00000000000 0.00000000000 0.00000000000 0.00000000000 0.00000000000 0.00000000000 0.00000000000 0.00000000000 0.00000000000 0.00000000000 0.00000000000 0.00000000000 0.00000000000 0.00000000000 0.00000000000
# logsel_p3_fsh[3]:
 0.00000000000 0.00000000000 0.00000000000 0.00000000000 0.00000000000 0.00000000000 0.00000000000 0.00000000000 0.00000000000 0.00000000000 0.00000000000 0.00000000000 0.00000000000 0.00000000000 0.00000000000 0.00000000000 0.00000000000
# rec_dev_future:
 0.00000000000 0.00000000000 0.00000000000 0.00000000000 0.00000000000 0.00000000000 0.00000000000 0.00000000000 0.00000000000 0.00000000000 0.00000000000 0.00000000000 0.00000000000 0.00000000000 0.00000000000 0.00000000000 0.00000000000 0.00000000000 0.00000000000 0.00000000000
# log_q_ind[1]:
-0.365358897756
# log_q_ind[2]:
-6.00663970588
# log_q_power_ind[1]:
0.00000000000
# log_q_power_ind[2]:
0.00000000000
# log_selcoffs_ind[1]:
 -7.63301028784 -5.58240936704 -4.11977089596 -2.69467917163 -1.50963116654 -0.853865563908 0.00893441767047 0.673582635145 0.968477100650 1.29774362803
 -7.62828987306 -5.48200466962 -3.97030593428 -2.56500423592 -1.20210363349 -0.584426666815 0.169148501717 0.451196250265 0.953206684648 1.30646062541
 -7.62037998017 -5.36858689728 -3.79712662590 -2.29812045212 -1.25510992478 -0.387310752958 0.0801142889121 0.558582005735 0.926179765852 1.26739641957
 -7.60874037044 -5.28322329245 -3.77791829577 -2.59024982469 -1.68385569080 -0.760309888380 -0.0686292054646 0.503583763812 1.10411272692 1.29157641033
 -7.59241830413 -5.08595130420 -3.47505306348 -2.55253963198 -1.74451767053 -1.17643297772 -0.454394062131 0.572477425227 0.948790933236 1.48416757509
 -7.56893342169 -4.92240791006 -3.43380970525 -2.67275407313 -1.87976414448 -1.16457785214 -0.665620587456 0.249774419244 0.999579841368 1.59155209166
 -7.51998442338 -4.55422817064 -3.01793735990 -2.28054942186 -1.30236581340 -0.664961864701 -0.421998581336 0.295213980807 0.847477689244 1.55153810669
 -7.45699693703 -3.85783947226 -1.53209500754 -1.45358977385 -1.26753397583 -0.944898784585 -0.684260580817 0.0850152020942 0.856401840458 1.59135197751
 -7.38940541240 -3.73419558535 -1.56297329678 -1.18792300269 -1.04646866868 -0.808890417555 -0.608475189506 0.300045325907 0.765454288177 1.53050840363
 -7.33318007298 -3.71985975250 -1.33404995551 -0.677647793958 -0.759184184880 -0.761238493271 -0.605619160080 0.134048214993 0.652457064683 1.53886895386
 -7.27856580491 -3.57760052663 -1.05585564947 -0.624428119299 -0.732293332176 -0.906813806193 -0.685985397590 0.124250073451 0.598192145761 1.55784363255
 -7.22030792484 -3.44009493698 -1.27127885780 -0.892695551464 -1.02138306498 -0.771309508162 -0.471885189040 0.231581812598 0.553727370200 1.57495763665
 -7.15765360239 -3.16168984011 -1.13174520985 -0.741827766649 -1.02018179496 -0.782751218550 -0.567983557677 -0.0839223458657 0.438833324139 1.66835040317
 -7.09094660357 -3.06905933533 -1.01976317804 -0.942659948167 -0.659238150043 -0.216161764567 0.0608499185573 0.201773671498 0.453281491614 1.39123322138
 -7.02168849348 -3.04153214155 -1.05927734036 -0.487824968105 -0.558250000547 -0.119249853647 0.297549368216 0.222893989155 0.427208796648 1.22426595762
 -6.94497918762 -2.68686974527 -1.20234457981 -0.590948840589 -0.277675310141 -0.256873293691 0.400433328466 0.187510171514 0.405057520595 1.20822600320
 -6.95313480306 -1.87854837815 -1.11765075677 -0.631960039839 -0.527414884163 -0.348546880590 0.112446103802 0.0928061237425 0.560524504904 1.31478309508
 -6.95679917279 -2.44521887339 -1.02340091112 -0.496337380007 -0.576991260983 -0.320865410110 -0.0756139898642 0.0193203824888 0.603600249959 1.35628209115
# log_selcoffs_ind[2]:
 0.00000000000 0.00000000000 0.00000000000 0.00000000000 0.00000000000 0.00000000000 0.00000000000 0.00000000000 0.00000000000 0.00000000000
# logsel_slope_ind[1]:
 0.00000000000 0.00000000000 0.00000000000 0.00000000000 0.00000000000 0.00000000000 0.00000000000 0.00000000000 0.00000000000 0.00000000000 0.00000000000 0.00000000000 0.00000000000 0.00000000000 0.00000000000 0.00000000000 0.00000000000 0.00000000000
# logsel_slope_ind[2]:
 0.00000000000
# sel50_ind[1]:
 0.00000000000 0.00000000000 0.00000000000 0.00000000000 0.00000000000 0.00000000000 0.00000000000 0.00000000000 0.00000000000 0.00000000000 0.00000000000 0.00000000000 0.00000000000 0.00000000000 0.00000000000 0.00000000000 0.00000000000 0.00000000000
# sel50_ind[2]:
 0.00000000000
# logsel_p1_ind[1]:
 0.00000000000 0.00000000000 0.00000000000 0.00000000000 0.00000000000 0.00000000000 0.00000000000 0.00000000000 0.00000000000 0.00000000000 0.00000000000 0.00000000000 0.00000000000 0.00000000000 0.00000000000 0.00000000000 0.00000000000 0.00000000000
# logsel_p1_ind[2]:
 0.00000000000
# sel_p2_ind[1]:
 0.00000000000 0.00000000000 0.00000000000 0.00000000000 0.00000000000 0.00000000000 0.00000000000 0.00000000000 0.00000000000 0.00000000000 0.00000000000 0.00000000000 0.00000000000 0.00000000000 0.00000000000 0.00000000000 0.00000000000 0.00000000000
# sel_p2_ind[2]:
 0.00000000000
# logsel_p3_ind[1]:
 0.00000000000 0.00000000000 0.00000000000 0.00000000000 0.00000000000 0.00000000000 0.00000000000 0.00000000000 0.00000000000 0.00000000000 0.00000000000 0.00000000000 0.00000000000 0.00000000000 0.00000000000 0.00000000000 0.00000000000 0.00000000000
# logsel_p3_ind[2]:
 0.00000000000
