# Number of parameters = 876 Objective function value = 168.137589901547  Maximum gradient component = 4.39711620060351e-05
# Mest[1]:
0.350000000000
# log_Linf[1]:
4.38701417618
# log_k[1]:
-1.83258146375
# log_Lo[1]:
2.75684036527
# log_sdage[1]:
-2.40794560865
# mean_log_rec[1]:
7.12618100767
# steepness[1]:
0.551450417607
# log_Rzero[1]:
7.58055839571
# rec_dev:
 -0.140579167792 -0.186598015105 -0.241766055508 -0.311787454387 -0.381299581562 -0.464966128431 -0.541361112679 -0.602515111764 -0.619479039525 -0.332286315753 0.0635721946639 0.543073250807 0.543070736089 0.628339042640 0.941918307447 0.725493629189 0.576440430755 0.477014274595 0.569970672296 0.607140196513 0.556748545003 0.533630580043 0.944579783758 0.599278652985 1.25565721659 0.310809485209 0.317954686733 0.433288779503 -0.204380395400 -0.381164447539 -0.230410022137 -0.595445717098 -0.272957773667 -0.0982007090037 -0.327396871164 -0.506958315096 -0.618787496832 -0.358491770450 -0.618675943417 -0.421691867738 -0.573300876045 -0.832397217288 -0.899678245898 -0.626921405299 0.349018306796 -0.147055680088 -6.20286400022e-09
# log_sigmar[1]:
-0.223143551314
# fmort:
 -13.8185380464 -13.9358908225 -2.39746721601 -1.90328044265 -1.76417399080 -2.36483843674 -2.01374783534 -1.69474434371 -2.69397825655 -2.78853771783 -1.82001085510 -1.12899333379 -3.13608314048 -1.53556241649 -1.39515152099 -2.62996956767 -2.21682636451 -2.35584959581 -5.17739553104 -5.40822958827 -4.84711918471 -9.43893971521 -10.7322713779 -13.4605201929 -7.91278330956 -6.78830281433 -6.77745135131 -6.73999889001 -13.2033001793 -13.1899977382 -13.1070839209 -13.0870533352 -13.3412222138 -13.7163574788
 -2.81551598367 -2.03010760821 -2.76627757317 -2.86036900022 -2.88537195478 -2.64470002200 -3.08456457621 -2.84675671183 -3.10195592975 -3.07116780032 -2.95622974046 -2.75713657134 -2.69833865737 -2.97415330335 -2.49704275951 -2.67868678692 -2.51241052118 -2.29806356455 -1.82160979180 -1.25611063606 -1.00263545786 -0.895996144604 -1.13992585937 -1.13166341762 -0.987926987471 -0.885628737769 -1.10288018615 -0.965362854329 -1.11978291877 -1.50034995206 -1.48922575887 -1.58321567042 -2.26230322527 -2.70581444386
 -13.6757913833 -13.4861762051 -13.3068773560 -13.3834658552 -13.3642067974 -13.0445668042 -13.1986136905 -13.1418078394 -13.1300789861 -13.2146228645 -13.2181985678 -13.0938652232 -12.7521689284 -12.9096147484 -12.7989254017 -12.6884978672 -2.78147401637 -2.24189413459 -1.18085249741 -2.13265610478 -1.53756841112 -2.16142942561 -1.92172672550 -2.00644272995 -2.41090875010 -1.82826395302 -1.10564737621 -1.10405262319 -1.59598404860 -2.34390940324 -2.70787111596 -3.16847017724 -3.22964142138 -3.29843542180
# log_selcoffs_fsh[1]:
 -1.50565272338 -0.214690579178 0.226876445964 0.213220790861 0.204418017465 0.224896361344
 -1.75652299752 0.114849274857 0.427750304526 0.150061511253 0.0100614038936 -0.000169405948887
 -2.10217913109 -0.488948158336 0.766636996630 0.264102988027 0.00979120168844 -0.223240747939
 -2.20534493522 -0.497437049462 0.522257872668 0.599722221747 0.0206255332018 -0.283134886700
 -2.15380177800 -0.104446282390 0.733349485191 0.340504605253 -0.173719923204 -0.423268285106
 -2.19884434573 -0.406414972078 0.706360731225 0.554031544371 -0.164529547218 -0.497769502844
# log_selcoffs_fsh[2]:
 -5.03402657982 -3.80408451199 -2.61518278187 -1.53042796942 -0.613414532096 0.0759300392634 0.506232822452 0.716203317312 0.780183470059 0.776419060062
 -5.18035310024 -3.89667061150 -2.64290036796 -1.53002766480 -0.531861534636 0.260216291650 0.572019182369 0.681184670574 0.714499767547 0.698351835437
 -5.27140317680 -3.95543778450 -2.67824937548 -1.46125843500 -0.512584979902 0.298560511740 0.576700970302 0.667368484945 0.701737908001 0.683960366300
 -5.32760520732 -3.94550436479 -2.65932232311 -1.46158345381 -0.512122285662 0.203299408521 0.529870000355 0.696172195513 0.744949386943 0.712052890051
 -5.37068658229 -3.96103869890 -2.66496585343 -1.49514750942 -0.494070322980 0.208593087545 0.488831192707 0.670506241538 0.758900984359 0.750870286532
 -5.41731849316 -3.97499060042 -2.65748370810 -1.49971312168 -0.521620482967 0.0918484708116 0.450319339771 0.691268812886 0.807014208195 0.782732014800
 -5.44693846563 -3.94824566838 -2.55782252324 -1.48704764457 -0.660378728479 -0.0824525823970 0.375771857625 0.700139865971 0.894335896383 0.841359753146
 -5.48938294270 -4.02788944960 -2.62890596823 -1.53977023560 -0.718254465390 -0.163579203307 0.345395038622 0.732962122342 0.902941517950 0.873022080854
 -5.51278976679 -4.10303390825 -2.80191224063 -1.61778999647 -0.751418588033 -0.195927659683 0.350406076688 0.746134342759 0.909920345761 0.881302870501
 -5.52308489486 -4.14514413480 -2.87614983248 -1.65806669719 -0.771105778213 -0.170101960994 0.403640543959 0.739625047663 0.868026453703 0.897151405965
 -5.50325314797 -4.20174846708 -2.92262727734 -1.65746675236 -0.783488781238 -0.169941206495 0.302685553023 0.664977484960 0.901267419219 0.984084619536
 -5.50570079775 -4.21506322078 -2.99271642618 -1.72206849328 -0.582538177521 -0.0537992337526 0.296276360627 0.606833063706 0.871328527014 0.984576711694
 -5.49241476872 -4.13968762251 -2.88946038631 -1.72923184071 -0.751704947651 -0.0288361597811 0.307938481062 0.629130620503 0.863007681286 0.992108404771
 -5.45070885647 -3.96816523019 -2.69006928287 -1.64313617436 -0.715785523683 -0.136284235230 0.272450329508 0.609862230978 0.873919247840 1.03122776347
 -5.44713285342 -3.99677772141 -2.68311322839 -1.62318183320 -0.731891094877 -0.131955600663 0.247851925635 0.604550077553 0.891392904201 1.03108103249
 -5.47201072795 -4.03866895632 -2.71538352919 -1.63100462248 -0.793835021557 -0.193750136436 0.283380034571 0.642370941923 0.923282237787 0.991086569217
 -5.49576891379 -4.04730129177 -2.67300290778 -1.56948785369 -0.790421992146 -0.263797902505 0.254694067047 0.720945854503 0.935538838710 0.949500115487
 -5.47020047738 -3.96764516820 -2.56570175713 -1.54461908544 -0.856659351765 -0.342977968153 0.187663093871 0.655125623830 0.995504472491 0.998600730684
 -5.45370563576 -3.89656162886 -2.49370906303 -1.40816422897 -0.694979785840 -0.232220733873 0.199498421429 0.640273728151 0.915105289147 1.00851577169
 -5.49472886555 -3.85078257933 -2.36597619831 -1.28516279424 -0.499758160189 -0.0524882671892 0.257910151499 0.656547940896 0.877849848934 0.883996352526
 -5.48555959741 -3.74114502393 -2.16636737448 -1.10203911189 -0.421538367769 -0.00827139644483 0.289594762048 0.596226329562 0.860593825786 0.859438924795
 -5.48617394624 -3.66753603776 -1.95413235176 -0.867320166963 -0.304766091385 0.0187671630842 0.312181096628 0.580822038849 0.793120706170 0.827730994842
 -5.49458233688 -3.65277477191 -1.89611048955 -0.739301102097 -0.193444081292 0.0688806144956 0.331050554730 0.574537268440 0.738762825943 0.781554543980
 -5.45722612575 -3.65235720545 -1.98941434794 -0.885574836973 -0.315336157633 -0.00487837009483 0.302893568492 0.586053564927 0.818266532907 0.823585027236
 -5.40356021863 -3.61309445841 -1.91438080809 -0.767360449255 -0.267163623674 -0.0171026568563 0.218621386004 0.527731162544 0.788402154664 0.903792987084
 -5.35304674798 -3.58432628148 -1.96554742939 -0.769589270118 -0.255754768856 -0.00477846552584 0.179491233348 0.481419908919 0.770534068642 0.962702666425
 -5.28601290843 -3.53164576854 -1.96605366725 -0.867281168438 -0.257596971279 0.0158627922063 0.176735431171 0.404219452987 0.729464007999 1.04776388594
 -5.34891194875 -3.59860346451 -1.97973709329 -0.713058693454 -0.0376720229632 0.239120692266 0.285520442134 0.376457388605 0.616427083551 0.902844847006
 -5.28320258410 -3.51527122565 -1.91612388963 -0.745476432642 -0.122024466801 0.0597664955250 0.209380978755 0.373686493903 0.659512678051 1.02134903804
 -5.17939301701 -3.36277775722 -1.87163532498 -0.842770161695 -0.324275382669 -0.111771007421 0.00708993775691 0.295904152948 0.721169746190 1.20888488501
 -5.03667547105 -3.18392414627 -1.85957417698 -1.01935692153 -0.450728394855 -0.294364637506 -0.164869930141 0.172573181291 0.664506594742 1.40449112576
# log_selcoffs_fsh[3]:
 -5.77827463046 -4.69219758570 -3.63530956594 -2.63182273439 -1.70381904815 -0.883444303682 -0.225945447473 0.247046242644 0.674693409214 1.01126871135 1.25377823676
 -5.82609285671 -4.72263163412 -3.66529871418 -2.66878352593 -1.71000552873 -0.823298786715 -0.117272070287 0.361885204129 0.671182652916 1.00232008530 1.18382828584
 -5.82437613734 -4.54081432862 -3.37302302128 -2.24850516795 -1.21368695201 -0.581014064065 -0.0712580004090 0.315491394984 0.650015999375 0.957711020758 1.15267620266
 -5.78576772476 -4.09736744364 -2.66323490869 -1.75660247651 -1.13154083276 -0.590243094778 -0.127682571370 0.282612941995 0.644553695223 0.955488491672 1.14722160805
 -5.72681305513 -3.74067946850 -2.03138707143 -1.20943745121 -0.884950534946 -0.643333947346 -0.308727198261 0.0826701167545 0.558709993402 0.973677357004 1.22040829436
 -5.75799449394 -3.77177509228 -1.85532818629 -0.858688843251 -0.644796169233 -0.645824221979 -0.392137458107 0.0325000126197 0.529365159637 0.943699024630 1.21454028378
 -5.78508282882 -3.92330322653 -2.12462579035 -0.719379647913 -0.293517894569 -0.296398559017 -0.275700269511 0.0140313890125 0.429041319527 0.852053347866 1.17188796531
 -5.79636036524 -3.99151658180 -2.27350836919 -0.888485309913 -0.124902122443 -0.0180957956485 -0.0918513920144 -0.0127481289694 0.321753837211 0.780486250408 1.14357260343
 -5.76856789534 -3.91512190504 -2.20818809526 -0.944831209653 -0.268293381265 -0.0512457470451 -0.0549839765461 0.0262293592098 0.309519231571 0.782269049257 1.17597144078
 -5.73435493975 -3.69084895046 -1.77963262607 -0.864076148992 -0.497984418705 -0.452269930959 -0.364821288185 -0.0687815247613 0.397625149439 0.904947417832 1.26689108220
 -5.70767499147 -3.54394168639 -1.86887513144 -1.01653722200 -0.795493284232 -0.726736871237 -0.517616150122 -0.0847673114404 0.478852528950 0.985310706534 1.31083357836
 -5.88355097794 -3.98900523441 -2.32039606248 -1.54469408814 -1.02615900015 -0.741339896569 -0.444054992603 0.0659045140204 0.591223324135 1.03064709811 1.25664083267
 -6.09720854496 -4.50939005983 -3.04614262514 -1.76447564212 -1.09024742271 -0.711682376250 -0.274593048363 0.190803575840 0.631213244960 1.00813755078 1.20910685303
 -6.29730980470 -4.75957524611 -3.29013450039 -1.95346193981 -1.12888610140 -0.787999531218 -0.371727727987 0.248831524487 0.678913679305 1.01055211203 1.20641725760
 -6.46781356445 -4.84305331028 -3.26851031464 -2.01363241342 -1.25579878689 -0.897740336659 -0.369983531188 0.149704434957 0.693263841166 1.06840229252 1.21297187872
 -6.52699136534 -4.84690181037 -3.08938758763 -1.65185919896 -1.09944877683 -0.822662207814 -0.445314158345 0.0736825297001 0.559751511210 1.04825052880 1.29778112558
# log_sel_spl_fsh[1]:
 0.00000000000 0.00000000000 0.00000000000 0.00000000000
 0.00000000000 0.00000000000 0.00000000000 0.00000000000
 0.00000000000 0.00000000000 0.00000000000 0.00000000000
 0.00000000000 0.00000000000 0.00000000000 0.00000000000
 0.00000000000 0.00000000000 0.00000000000 0.00000000000
 0.00000000000 0.00000000000 0.00000000000 0.00000000000
# log_sel_spl_fsh[2]:
 0.00000000000 0.00000000000 0.00000000000 0.00000000000
 0.00000000000 0.00000000000 0.00000000000 0.00000000000
 0.00000000000 0.00000000000 0.00000000000 0.00000000000
 0.00000000000 0.00000000000 0.00000000000 0.00000000000
 0.00000000000 0.00000000000 0.00000000000 0.00000000000
 0.00000000000 0.00000000000 0.00000000000 0.00000000000
 0.00000000000 0.00000000000 0.00000000000 0.00000000000
 0.00000000000 0.00000000000 0.00000000000 0.00000000000
 0.00000000000 0.00000000000 0.00000000000 0.00000000000
 0.00000000000 0.00000000000 0.00000000000 0.00000000000
 0.00000000000 0.00000000000 0.00000000000 0.00000000000
 0.00000000000 0.00000000000 0.00000000000 0.00000000000
 0.00000000000 0.00000000000 0.00000000000 0.00000000000
 0.00000000000 0.00000000000 0.00000000000 0.00000000000
 0.00000000000 0.00000000000 0.00000000000 0.00000000000
 0.00000000000 0.00000000000 0.00000000000 0.00000000000
 0.00000000000 0.00000000000 0.00000000000 0.00000000000
 0.00000000000 0.00000000000 0.00000000000 0.00000000000
 0.00000000000 0.00000000000 0.00000000000 0.00000000000
 0.00000000000 0.00000000000 0.00000000000 0.00000000000
 0.00000000000 0.00000000000 0.00000000000 0.00000000000
 0.00000000000 0.00000000000 0.00000000000 0.00000000000
 0.00000000000 0.00000000000 0.00000000000 0.00000000000
 0.00000000000 0.00000000000 0.00000000000 0.00000000000
 0.00000000000 0.00000000000 0.00000000000 0.00000000000
 0.00000000000 0.00000000000 0.00000000000 0.00000000000
 0.00000000000 0.00000000000 0.00000000000 0.00000000000
 0.00000000000 0.00000000000 0.00000000000 0.00000000000
 0.00000000000 0.00000000000 0.00000000000 0.00000000000
 0.00000000000 0.00000000000 0.00000000000 0.00000000000
 0.00000000000 0.00000000000 0.00000000000 0.00000000000
# log_sel_spl_fsh[3]:
 0.00000000000 0.00000000000 0.00000000000 0.00000000000
 0.00000000000 0.00000000000 0.00000000000 0.00000000000
 0.00000000000 0.00000000000 0.00000000000 0.00000000000
 0.00000000000 0.00000000000 0.00000000000 0.00000000000
 0.00000000000 0.00000000000 0.00000000000 0.00000000000
 0.00000000000 0.00000000000 0.00000000000 0.00000000000
 0.00000000000 0.00000000000 0.00000000000 0.00000000000
 0.00000000000 0.00000000000 0.00000000000 0.00000000000
 0.00000000000 0.00000000000 0.00000000000 0.00000000000
 0.00000000000 0.00000000000 0.00000000000 0.00000000000
 0.00000000000 0.00000000000 0.00000000000 0.00000000000
 0.00000000000 0.00000000000 0.00000000000 0.00000000000
 0.00000000000 0.00000000000 0.00000000000 0.00000000000
 0.00000000000 0.00000000000 0.00000000000 0.00000000000
 0.00000000000 0.00000000000 0.00000000000 0.00000000000
 0.00000000000 0.00000000000 0.00000000000 0.00000000000
# logsel_slope_fsh[1]:
 0.00000000000 0.00000000000 0.00000000000 0.00000000000 0.00000000000 0.00000000000
# logsel_slope_fsh[2]:
 0.00000000000 0.00000000000 0.00000000000 0.00000000000 0.00000000000 0.00000000000 0.00000000000 0.00000000000 0.00000000000 0.00000000000 0.00000000000 0.00000000000 0.00000000000 0.00000000000 0.00000000000 0.00000000000 0.00000000000 0.00000000000 0.00000000000 0.00000000000 0.00000000000 0.00000000000 0.00000000000 0.00000000000 0.00000000000 0.00000000000 0.00000000000 0.00000000000 0.00000000000 0.00000000000 0.00000000000
# logsel_slope_fsh[3]:
 0.00000000000 0.00000000000 0.00000000000 0.00000000000 0.00000000000 0.00000000000 0.00000000000 0.00000000000 0.00000000000 0.00000000000 0.00000000000 0.00000000000 0.00000000000 0.00000000000 0.00000000000 0.00000000000
# sel50_fsh[1]:
 0.00000000000 0.00000000000 0.00000000000 0.00000000000 0.00000000000 0.00000000000
# sel50_fsh[2]:
 0.00000000000 0.00000000000 0.00000000000 0.00000000000 0.00000000000 0.00000000000 0.00000000000 0.00000000000 0.00000000000 0.00000000000 0.00000000000 0.00000000000 0.00000000000 0.00000000000 0.00000000000 0.00000000000 0.00000000000 0.00000000000 0.00000000000 0.00000000000 0.00000000000 0.00000000000 0.00000000000 0.00000000000 0.00000000000 0.00000000000 0.00000000000 0.00000000000 0.00000000000 0.00000000000 0.00000000000
# sel50_fsh[3]:
 0.00000000000 0.00000000000 0.00000000000 0.00000000000 0.00000000000 0.00000000000 0.00000000000 0.00000000000 0.00000000000 0.00000000000 0.00000000000 0.00000000000 0.00000000000 0.00000000000 0.00000000000 0.00000000000
# logsel_p1_fsh[1]:
 0.00000000000 0.00000000000 0.00000000000 0.00000000000 0.00000000000 0.00000000000
# logsel_p1_fsh[2]:
 0.00000000000 0.00000000000 0.00000000000 0.00000000000 0.00000000000 0.00000000000 0.00000000000 0.00000000000 0.00000000000 0.00000000000 0.00000000000 0.00000000000 0.00000000000 0.00000000000 0.00000000000 0.00000000000 0.00000000000 0.00000000000 0.00000000000 0.00000000000 0.00000000000 0.00000000000 0.00000000000 0.00000000000 0.00000000000 0.00000000000 0.00000000000 0.00000000000 0.00000000000 0.00000000000 0.00000000000
# logsel_p1_fsh[3]:
 0.00000000000 0.00000000000 0.00000000000 0.00000000000 0.00000000000 0.00000000000 0.00000000000 0.00000000000 0.00000000000 0.00000000000 0.00000000000 0.00000000000 0.00000000000 0.00000000000 0.00000000000 0.00000000000
# logsel_p2_fsh[1]:
 0.00000000000 0.00000000000 0.00000000000 0.00000000000 0.00000000000 0.00000000000
# logsel_p2_fsh[2]:
 0.00000000000 0.00000000000 0.00000000000 0.00000000000 0.00000000000 0.00000000000 0.00000000000 0.00000000000 0.00000000000 0.00000000000 0.00000000000 0.00000000000 0.00000000000 0.00000000000 0.00000000000 0.00000000000 0.00000000000 0.00000000000 0.00000000000 0.00000000000 0.00000000000 0.00000000000 0.00000000000 0.00000000000 0.00000000000 0.00000000000 0.00000000000 0.00000000000 0.00000000000 0.00000000000 0.00000000000
# logsel_p2_fsh[3]:
 0.00000000000 0.00000000000 0.00000000000 0.00000000000 0.00000000000 0.00000000000 0.00000000000 0.00000000000 0.00000000000 0.00000000000 0.00000000000 0.00000000000 0.00000000000 0.00000000000 0.00000000000 0.00000000000
# logsel_p3_fsh[1]:
 0.00000000000 0.00000000000 0.00000000000 0.00000000000 0.00000000000 0.00000000000
# logsel_p3_fsh[2]:
 0.00000000000 0.00000000000 0.00000000000 0.00000000000 0.00000000000 0.00000000000 0.00000000000 0.00000000000 0.00000000000 0.00000000000 0.00000000000 0.00000000000 0.00000000000 0.00000000000 0.00000000000 0.00000000000 0.00000000000 0.00000000000 0.00000000000 0.00000000000 0.00000000000 0.00000000000 0.00000000000 0.00000000000 0.00000000000 0.00000000000 0.00000000000 0.00000000000 0.00000000000 0.00000000000 0.00000000000
# logsel_p3_fsh[3]:
 0.00000000000 0.00000000000 0.00000000000 0.00000000000 0.00000000000 0.00000000000 0.00000000000 0.00000000000 0.00000000000 0.00000000000 0.00000000000 0.00000000000 0.00000000000 0.00000000000 0.00000000000 0.00000000000
# rec_dev_future:
 0.00000000000 0.00000000000 0.00000000000 0.00000000000 0.00000000000 0.00000000000 0.00000000000 0.00000000000 0.00000000000 0.00000000000 0.00000000000 0.00000000000 0.00000000000 0.00000000000 0.00000000000 0.00000000000 0.00000000000 0.00000000000 0.00000000000 0.00000000000
# log_q_ind[1]:
-0.411977009001
# log_q_ind[2]:
-6.00089835958
# log_q_power_ind[1]:
0.00000000000
# log_q_power_ind[2]:
0.00000000000
# log_selcoffs_ind[1]:
 -7.71431522599 -5.56921542961 -4.09065944738 -2.66146013403 -1.47144030455 -0.823617095301 0.0446356686239 0.688534324327 0.966088740238 1.27442393417
 -7.71027905737 -5.47204930665 -3.94377662112 -2.53063847181 -1.16852215366 -0.549288499011 0.196835275417 0.474621205625 0.948011251979 1.28167207929
 -7.70355609845 -5.36117083477 -3.77853379148 -2.26509189329 -1.21982939295 -0.357704393782 0.112895085631 0.573477289121 0.927295403307 1.23895719839
 -7.69377863027 -5.27767383844 -3.76338213654 -2.57087202568 -1.64595962628 -0.722572104273 -0.0381052801840 0.528804799698 1.09854061129 1.26895605019
 -7.68002212460 -5.08230569903 -3.46051426923 -2.53820156370 -1.72518341882 -1.13301742980 -0.414180773078 0.593857409578 0.953119583125 1.46257911632
 -7.66078247379 -4.92036210872 -3.41681187255 -2.65480082638 -1.86600644820 -1.14256476800 -0.621575767950 0.274017658979 0.998632226343 1.57866128363
 -7.61984028240 -4.55845543015 -2.99033194670 -2.25464617504 -1.28623953530 -0.646967560325 -0.402940890152 0.300455102231 0.851052197944 1.54179608480
 -7.56729310063 -3.88171525487 -1.50328969862 -1.42084328112 -1.24223233574 -0.928683162830 -0.668861169085 0.0872730447746 0.845622657847 1.58887458149
 -7.51123926596 -3.79918166578 -1.54965179547 -1.16154189947 -1.01839330902 -0.788232225299 -0.596810927200 0.301611592266 0.750565034469 1.52933769540
 -7.46659313031 -3.84982476696 -1.36258220124 -0.666423347303 -0.737538571231 -0.739220185125 -0.592296135329 0.131754640178 0.629988049946 1.54358766720
 -7.42297007158 -3.77695609956 -1.17760798939 -0.656802525798 -0.732483988709 -0.895848965882 -0.672088303892 0.128984838482 0.574934019982 1.57602331239
 -7.37378916032 -3.70566657494 -1.48426905070 -1.03286665504 -1.08619739960 -0.796129536390 -0.474469953847 0.234870183108 0.534435331387 1.61146046677
 -7.31677598795 -3.47348000698 -1.43672845417 -0.986733845124 -1.20950454818 -0.896571026580 -0.623245118963 -0.114123705715 0.419648664271 1.74077192464
 -7.25251222094 -3.36013795472 -1.36287861724 -1.24077412117 -0.928065233156 -0.443766459078 -0.0599821681105 0.150506242534 0.488073785208 1.53668781765
 -7.18346686214 -3.26952029653 -1.37198055175 -0.817000572738 -0.886392652297 -0.428701513570 0.0942257662146 0.135349917006 0.521390935591 1.45260848302
 -7.10664325759 -2.80629450361 -1.48287441478 -0.930685821655 -0.662825935780 -0.672497960862 0.108811819618 0.00184329758593 0.490500400450 1.51330769196
 -7.11669008062 -1.86109985844 -1.33740234222 -1.03220442271 -0.922249800777 -0.852306950977 -0.289900560663 -0.177246035003 0.480553170848 1.64827497379
# log_selcoffs_ind[2]:
 0.00000000000 0.00000000000 0.00000000000 0.00000000000 0.00000000000 0.00000000000 0.00000000000 0.00000000000 0.00000000000 0.00000000000
# logsel_slope_ind[1]:
 0.00000000000 0.00000000000 0.00000000000 0.00000000000 0.00000000000 0.00000000000 0.00000000000 0.00000000000 0.00000000000 0.00000000000 0.00000000000 0.00000000000 0.00000000000 0.00000000000 0.00000000000 0.00000000000 0.00000000000
# logsel_slope_ind[2]:
 0.00000000000
# sel50_ind[1]:
 0.00000000000 0.00000000000 0.00000000000 0.00000000000 0.00000000000 0.00000000000 0.00000000000 0.00000000000 0.00000000000 0.00000000000 0.00000000000 0.00000000000 0.00000000000 0.00000000000 0.00000000000 0.00000000000 0.00000000000
# sel50_ind[2]:
 0.00000000000
# logsel_p1_ind[1]:
 0.00000000000 0.00000000000 0.00000000000 0.00000000000 0.00000000000 0.00000000000 0.00000000000 0.00000000000 0.00000000000 0.00000000000 0.00000000000 0.00000000000 0.00000000000 0.00000000000 0.00000000000 0.00000000000 0.00000000000
# logsel_p1_ind[2]:
 0.00000000000
# sel_p2_ind[1]:
 0.00000000000 0.00000000000 0.00000000000 0.00000000000 0.00000000000 0.00000000000 0.00000000000 0.00000000000 0.00000000000 0.00000000000 0.00000000000 0.00000000000 0.00000000000 0.00000000000 0.00000000000 0.00000000000 0.00000000000
# sel_p2_ind[2]:
 0.00000000000
# logsel_p3_ind[1]:
 0.00000000000 0.00000000000 0.00000000000 0.00000000000 0.00000000000 0.00000000000 0.00000000000 0.00000000000 0.00000000000 0.00000000000 0.00000000000 0.00000000000 0.00000000000 0.00000000000 0.00000000000 0.00000000000 0.00000000000
# logsel_p3_ind[2]:
 0.00000000000
