# Number of parameters = 736 Objective function value = 132.759007995092  Maximum gradient component = 5.43236053059447e-05
# Mest[1]:
0.350000000000
# log_Linf[1]:
4.38701417618
# log_k[1]:
-1.83258146375
# log_Lo[1]:
2.75684036527
# log_sdage[1]:
-2.40794560865
# mean_log_rec[1]:
7.18917598827
# steepness[1]:
0.514222021720
# log_Rzero[1]:
7.42352790752
# rec_dev:
 -0.165496297198 -0.217604806572 -0.278708980073 -0.355436934590 -0.431723987537 -0.521963612857 -0.604632965773 -0.671921313260 -0.695576277610 -0.421469929487 -0.0332838400351 0.445089110537 0.450687179844 0.541349293288 0.864600775638 0.652847928279 0.506052516511 0.407356234579 0.499505975937 0.535142602886 0.487610502372 0.469833487391 0.885346038964 0.540992343562 1.19501352153 0.253948069937 0.257553310991 0.369893770442 -0.262951297579 -0.440244886862 -0.292678528941 -0.658290166503 -0.342137860202 -0.170017673761 -0.417487214749 -0.580802639843 -0.658668335749 -0.289282908932 -0.665175141569 -0.245490203956 -0.401731379271 -0.171157005856 1.58974080122e-07
# log_sigmar[1]:
-0.223143551314
# fmort:
 -13.7962958438 -13.9127080070 -2.37397425883 -1.87912387415 -1.73885601820 -2.34007488105 -1.98978910395 -1.67083538443 -2.67303549254 -2.77203501792 -1.80778091756 -1.11792457382 -3.12760247878 -1.52530676665 -1.38410705647 -2.62354781105 -2.21155386043 -2.35160597083 -5.17608995370 -5.40783798560 -4.84607277442 -9.43541344287 -10.7243902753 -13.4473544928 -7.90456422615 -6.81041585043 -6.84413549921 -6.83440409634 -13.3683611685 -13.4648606054
 -2.78452711669 -1.99469915883 -2.72479589359 -2.81374593416 -2.83311439679 -2.58757761822 -3.02585893278 -2.78660314224 -3.04083373775 -3.01290135470 -2.90144005669 -2.70240794332 -2.64282284625 -2.91931830983 -2.44038001594 -2.61877252056 -2.44702678657 -2.22209803567 -1.72478512652 -1.15053267735 -0.887540214118 -0.774013199420 -1.01354523414 -1.00225478729 -0.857752497189 -0.741621136602 -0.935103294657 -0.761765940317 -0.825969823052 -1.07639890923
 -13.6398274700 -13.4538835146 -13.2742387996 -13.3489273029 -13.3252481859 -13.0048244824 -13.1572065697 -13.0998633981 -13.0835255083 -13.1719146881 -13.1811838285 -13.0563803327 -12.7179553739 -12.8797679570 -12.7689578507 -12.6623115792 -2.75922287413 -2.22282618559 -1.16440698265 -2.11269488174 -1.53402059729 -2.17598011829 -1.96801011686 -2.08345276389 -2.51912812139 -1.98058612336 -1.32226368738 -1.38676785876 -1.92606306712 -2.71648234269
# log_selcoffs_fsh[1]:
 -1.50006566472 -0.210851340978 0.230056292732 0.216175057914 0.202045966877 0.217604460264
 -1.75404923166 0.113064780906 0.427185829417 0.151929624448 0.0115200078237 -0.00137957895396
 -2.09965199237 -0.490525402876 0.763786450019 0.265145230973 0.0127261671952 -0.220172347127
 -2.20317276358 -0.497848390869 0.519790553593 0.598627251936 0.0232191569183 -0.278490670605
 -2.15307985897 -0.104752879971 0.732492781008 0.339608257968 -0.172385540741 -0.420047999394
 -2.19901539154 -0.406867138407 0.706976091504 0.553542814269 -0.164945843588 -0.497315631673
# log_selcoffs_fsh[2]:
 -5.08708673904 -3.84810663187 -2.65030012112 -1.55696553991 -0.631836844334 0.0650659462180 0.502178039457 0.718030920179 0.786621030975 0.785536566862
 -5.23318952381 -3.94021184283 -2.67700362518 -1.55480194717 -0.548175495697 0.251169398045 0.568088918733 0.682182424954 0.720836322564 0.709244328630
 -5.32451120808 -3.99948420926 -2.71336623220 -1.48759374553 -0.530393174137 0.288128315824 0.572582806512 0.668596481644 0.708802015748 0.696332495499
 -5.38116083503 -3.99028841954 -2.69585751712 -1.49041814601 -0.533354267192 0.189996073213 0.524125186769 0.697627827639 0.753106345882 0.725959405305
 -5.42462478878 -4.00620064434 -2.70227204354 -1.52562263668 -0.517881782805 0.192226223962 0.480951637848 0.671410796286 0.768680171962 0.767140563141
 -5.47209506168 -4.02064365759 -2.69515552602 -1.53096262436 -0.547069334756 0.0730329885241 0.439724048444 0.690408017994 0.817149729489 0.801437433065
 -5.50328141464 -3.99507737447 -2.59608480018 -1.51866167120 -0.686664347662 -0.103140011181 0.362363776577 0.696656886953 0.903358682525 0.861651614666
 -5.54772554761 -4.07637953924 -2.66831331636 -1.57160377080 -0.744432842007 -0.184759242061 0.330499099226 0.727535986691 0.911043221465 0.894942053334
 -5.57379283697 -4.15366502886 -2.84313652019 -1.65083296836 -0.777744921656 -0.217164451465 0.334763846900 0.739357722306 0.917394936202 0.904689245114
 -5.58698633614 -4.19806806110 -2.91928503787 -1.69293790595 -0.798817375716 -0.191834183182 0.387459061289 0.732017063401 0.875385407210 0.922539643921
 -5.57173684804 -4.25778092150 -2.96857163784 -1.69524226465 -0.814271375164 -0.194362240748 0.284611027436 0.655840125523 0.907914055915 1.01001359392
 -5.57815219859 -4.27442057868 -3.04077977992 -1.76224055133 -0.616266562004 -0.0814303919970 0.275432880062 0.596385391073 0.879162528986 1.01507228691
 -5.56939283545 -4.20270748578 -2.94107019451 -1.77238454365 -0.789170272666 -0.0608404088916 0.282527888236 0.615645857363 0.871514732080 1.02798996666
 -5.53203679408 -4.03429330598 -2.74452372010 -1.69055711936 -0.757835128543 -0.174539357547 0.239868045743 0.589940553313 0.881932627480 1.07520660354
 -5.53226241174 -4.06641433281 -2.74050310774 -1.67480733083 -0.781206352216 -0.177522506922 0.206751223441 0.576758906267 0.898628353759 1.08709933248
 -5.55908732102 -4.11015567516 -2.77597855646 -1.68727788740 -0.851563888555 -0.251331310603 0.231305799467 0.603748057326 0.930160707255 1.06601944421
 -5.58088169375 -4.11594171651 -2.73298923294 -1.63087849436 -0.860589643162 -0.337205153543 0.184297990674 0.662604671585 0.943818478473 1.05447759302
 -5.56566569770 -4.04374997166 -2.63121041489 -1.61111255275 -0.929665785325 -0.421671204037 0.107534667250 0.589923844765 0.995349301880 1.10965103915
 -5.56373143660 -3.98161924415 -2.56405016463 -1.47719292842 -0.769471576199 -0.313126971421 0.115931764062 0.572644895164 0.917589287582 1.12450989587
 -5.62354848444 -3.94691253486 -2.44096714366 -1.35615663701 -0.576648087855 -0.135509059509 0.173080711449 0.593441144336 0.895292904261 1.01162894722
 -5.63722088622 -3.85151207363 -2.24694042636 -1.17420804471 -0.498437029692 -0.0936565861902 0.202308497023 0.533954894251 0.879993392088 0.993827500629
 -5.66747864355 -3.80195153741 -2.04682664382 -0.943125023042 -0.380779759100 -0.0637390206561 0.228292927594 0.524963347572 0.817669942170 0.963944697850
 -5.71095700501 -3.82245367859 -2.01645778527 -0.822932004093 -0.270771768693 -0.0104013820394 0.256692285918 0.530701843450 0.771157709003 0.914314575591
 -5.70976490084 -3.86639610088 -2.15626692780 -1.00456023150 -0.405047383137 -0.0934730975667 0.228332147487 0.551881882791 0.855552460630 0.944057189079
 -5.68977393340 -3.86743066096 -2.14272887336 -0.949323175004 -0.405442219535 -0.120570791165 0.143872601884 0.511451117351 0.844945446877 1.01811672235
 -5.66668339151 -3.88187630195 -2.24182149592 -1.04703729951 -0.489777892659 -0.173843824890 0.100661910305 0.492872259644 0.864731714191 1.08119958276
 -5.60704755699 -3.84712680662 -2.30922054333 -1.20783967732 -0.646690996230 -0.290063067351 0.0289703757993 0.442709552310 0.876341260932 1.19888127910
# log_selcoffs_fsh[3]:
 -5.74746600469 -4.67501460134 -3.62893972946 -2.63135773640 -1.70449523340 -0.881282217470 -0.217523888954 0.260715574275 0.688268415328 1.01214358266 1.23800237870
 -5.79217944228 -4.70419305557 -3.65878568375 -2.66869914234 -1.71112567831 -0.824140449744 -0.117015070792 0.370106194440 0.680467929008 1.00613774573 1.17131494144
 -5.78322951851 -4.51623303802 -3.36227463745 -2.24564356299 -1.21380410587 -0.580799858858 -0.0712011613293 0.317713559002 0.658467957987 0.962184749936 1.14245799984
 -5.73565946553 -4.06444018148 -2.64340363253 -1.74344115225 -1.12131067543 -0.580225128299 -0.116829531633 0.291513350094 0.651368664873 0.956615238653 1.13098700835
 -5.66241156315 -3.69416618730 -1.99798091224 -1.18267427193 -0.861748963828 -0.622777877290 -0.290089588309 0.0995771513278 0.570647800702 0.970818620966 1.19643384842
 -5.67898893927 -3.70573659409 -1.80033954551 -0.808754672806 -0.599445044862 -0.605107134481 -0.356690530316 0.0609157381096 0.545047353396 0.933715414678 1.17396139977
 -5.69228319222 -3.84147765491 -2.04829176723 -0.649547939703 -0.227249101037 -0.234565402461 -0.220169261959 0.0574482484072 0.447095765267 0.828592695797 1.10556191805
 -5.68926154405 -3.90147715232 -2.18707528151 -0.795427041831 -0.0367657442023 0.0676590515620 -0.00961708278864 0.0526688265170 0.346376924383 0.739174203031 1.03894017364
 -5.63318029480 -3.82041043459 -2.12239033059 -0.837938612384 -0.141217304945 0.0729722031975 0.0668459617252 0.126461653240 0.349427087118 0.724341942538 1.02697020002
 -5.55048243790 -3.55902942465 -1.69699778968 -0.747101197001 -0.335857677972 -0.260216093987 -0.177535593290 0.0911362244427 0.474599426885 0.845154080361 1.08404381218
 -5.44886402778 -3.34337010214 -1.69608694535 -0.906683608362 -0.637947083132 -0.516521896077 -0.276762051000 0.135082900336 0.607669804732 0.934097529181 1.08661454096
 -5.50011962323 -3.58985453428 -2.00110661876 -1.29612573499 -0.875930811320 -0.567072822955 -0.240351807283 0.295073434301 0.744200079791 0.978019560310 0.986697255039
# log_sel_spl_fsh[1]:
 0.00000000000 0.00000000000 0.00000000000 0.00000000000
 0.00000000000 0.00000000000 0.00000000000 0.00000000000
 0.00000000000 0.00000000000 0.00000000000 0.00000000000
 0.00000000000 0.00000000000 0.00000000000 0.00000000000
 0.00000000000 0.00000000000 0.00000000000 0.00000000000
 0.00000000000 0.00000000000 0.00000000000 0.00000000000
# log_sel_spl_fsh[2]:
 0.00000000000 0.00000000000 0.00000000000 0.00000000000
 0.00000000000 0.00000000000 0.00000000000 0.00000000000
 0.00000000000 0.00000000000 0.00000000000 0.00000000000
 0.00000000000 0.00000000000 0.00000000000 0.00000000000
 0.00000000000 0.00000000000 0.00000000000 0.00000000000
 0.00000000000 0.00000000000 0.00000000000 0.00000000000
 0.00000000000 0.00000000000 0.00000000000 0.00000000000
 0.00000000000 0.00000000000 0.00000000000 0.00000000000
 0.00000000000 0.00000000000 0.00000000000 0.00000000000
 0.00000000000 0.00000000000 0.00000000000 0.00000000000
 0.00000000000 0.00000000000 0.00000000000 0.00000000000
 0.00000000000 0.00000000000 0.00000000000 0.00000000000
 0.00000000000 0.00000000000 0.00000000000 0.00000000000
 0.00000000000 0.00000000000 0.00000000000 0.00000000000
 0.00000000000 0.00000000000 0.00000000000 0.00000000000
 0.00000000000 0.00000000000 0.00000000000 0.00000000000
 0.00000000000 0.00000000000 0.00000000000 0.00000000000
 0.00000000000 0.00000000000 0.00000000000 0.00000000000
 0.00000000000 0.00000000000 0.00000000000 0.00000000000
 0.00000000000 0.00000000000 0.00000000000 0.00000000000
 0.00000000000 0.00000000000 0.00000000000 0.00000000000
 0.00000000000 0.00000000000 0.00000000000 0.00000000000
 0.00000000000 0.00000000000 0.00000000000 0.00000000000
 0.00000000000 0.00000000000 0.00000000000 0.00000000000
 0.00000000000 0.00000000000 0.00000000000 0.00000000000
 0.00000000000 0.00000000000 0.00000000000 0.00000000000
 0.00000000000 0.00000000000 0.00000000000 0.00000000000
# log_sel_spl_fsh[3]:
 0.00000000000 0.00000000000 0.00000000000 0.00000000000
 0.00000000000 0.00000000000 0.00000000000 0.00000000000
 0.00000000000 0.00000000000 0.00000000000 0.00000000000
 0.00000000000 0.00000000000 0.00000000000 0.00000000000
 0.00000000000 0.00000000000 0.00000000000 0.00000000000
 0.00000000000 0.00000000000 0.00000000000 0.00000000000
 0.00000000000 0.00000000000 0.00000000000 0.00000000000
 0.00000000000 0.00000000000 0.00000000000 0.00000000000
 0.00000000000 0.00000000000 0.00000000000 0.00000000000
 0.00000000000 0.00000000000 0.00000000000 0.00000000000
 0.00000000000 0.00000000000 0.00000000000 0.00000000000
 0.00000000000 0.00000000000 0.00000000000 0.00000000000
# logsel_slope_fsh[1]:
 0.00000000000 0.00000000000 0.00000000000 0.00000000000 0.00000000000 0.00000000000
# logsel_slope_fsh[2]:
 0.00000000000 0.00000000000 0.00000000000 0.00000000000 0.00000000000 0.00000000000 0.00000000000 0.00000000000 0.00000000000 0.00000000000 0.00000000000 0.00000000000 0.00000000000 0.00000000000 0.00000000000 0.00000000000 0.00000000000 0.00000000000 0.00000000000 0.00000000000 0.00000000000 0.00000000000 0.00000000000 0.00000000000 0.00000000000 0.00000000000 0.00000000000
# logsel_slope_fsh[3]:
 0.00000000000 0.00000000000 0.00000000000 0.00000000000 0.00000000000 0.00000000000 0.00000000000 0.00000000000 0.00000000000 0.00000000000 0.00000000000 0.00000000000
# sel50_fsh[1]:
 0.00000000000 0.00000000000 0.00000000000 0.00000000000 0.00000000000 0.00000000000
# sel50_fsh[2]:
 0.00000000000 0.00000000000 0.00000000000 0.00000000000 0.00000000000 0.00000000000 0.00000000000 0.00000000000 0.00000000000 0.00000000000 0.00000000000 0.00000000000 0.00000000000 0.00000000000 0.00000000000 0.00000000000 0.00000000000 0.00000000000 0.00000000000 0.00000000000 0.00000000000 0.00000000000 0.00000000000 0.00000000000 0.00000000000 0.00000000000 0.00000000000
# sel50_fsh[3]:
 0.00000000000 0.00000000000 0.00000000000 0.00000000000 0.00000000000 0.00000000000 0.00000000000 0.00000000000 0.00000000000 0.00000000000 0.00000000000 0.00000000000
# logsel_p1_fsh[1]:
 0.00000000000 0.00000000000 0.00000000000 0.00000000000 0.00000000000 0.00000000000
# logsel_p1_fsh[2]:
 0.00000000000 0.00000000000 0.00000000000 0.00000000000 0.00000000000 0.00000000000 0.00000000000 0.00000000000 0.00000000000 0.00000000000 0.00000000000 0.00000000000 0.00000000000 0.00000000000 0.00000000000 0.00000000000 0.00000000000 0.00000000000 0.00000000000 0.00000000000 0.00000000000 0.00000000000 0.00000000000 0.00000000000 0.00000000000 0.00000000000 0.00000000000
# logsel_p1_fsh[3]:
 0.00000000000 0.00000000000 0.00000000000 0.00000000000 0.00000000000 0.00000000000 0.00000000000 0.00000000000 0.00000000000 0.00000000000 0.00000000000 0.00000000000
# logsel_p2_fsh[1]:
 0.00000000000 0.00000000000 0.00000000000 0.00000000000 0.00000000000 0.00000000000
# logsel_p2_fsh[2]:
 0.00000000000 0.00000000000 0.00000000000 0.00000000000 0.00000000000 0.00000000000 0.00000000000 0.00000000000 0.00000000000 0.00000000000 0.00000000000 0.00000000000 0.00000000000 0.00000000000 0.00000000000 0.00000000000 0.00000000000 0.00000000000 0.00000000000 0.00000000000 0.00000000000 0.00000000000 0.00000000000 0.00000000000 0.00000000000 0.00000000000 0.00000000000
# logsel_p2_fsh[3]:
 0.00000000000 0.00000000000 0.00000000000 0.00000000000 0.00000000000 0.00000000000 0.00000000000 0.00000000000 0.00000000000 0.00000000000 0.00000000000 0.00000000000
# logsel_p3_fsh[1]:
 0.00000000000 0.00000000000 0.00000000000 0.00000000000 0.00000000000 0.00000000000
# logsel_p3_fsh[2]:
 0.00000000000 0.00000000000 0.00000000000 0.00000000000 0.00000000000 0.00000000000 0.00000000000 0.00000000000 0.00000000000 0.00000000000 0.00000000000 0.00000000000 0.00000000000 0.00000000000 0.00000000000 0.00000000000 0.00000000000 0.00000000000 0.00000000000 0.00000000000 0.00000000000 0.00000000000 0.00000000000 0.00000000000 0.00000000000 0.00000000000 0.00000000000
# logsel_p3_fsh[3]:
 0.00000000000 0.00000000000 0.00000000000 0.00000000000 0.00000000000 0.00000000000 0.00000000000 0.00000000000 0.00000000000 0.00000000000 0.00000000000 0.00000000000
# rec_dev_future:
 0.00000000000 0.00000000000 0.00000000000 0.00000000000 0.00000000000 0.00000000000 0.00000000000 0.00000000000 0.00000000000 0.00000000000 0.00000000000 0.00000000000 0.00000000000 0.00000000000 0.00000000000 0.00000000000 0.00000000000 0.00000000000 0.00000000000 0.00000000000
# log_q_ind[1]:
-0.373282585595
# log_q_ind[2]:
-5.85144391479
# log_q_power_ind[1]:
0.00000000000
# log_q_power_ind[2]:
0.00000000000
# log_selcoffs_ind[1]:
 -8.34615388427 -5.62334285219 -4.12850807236 -2.69854975082 -1.50295023368 -0.851954435939 0.0215785121294 0.673942518390 0.961890797903 1.29835822984
 -8.34538319671 -5.52732151562 -3.98229821550 -2.56769332778 -1.20324850019 -0.579541184090 0.171094608640 0.455432203743 0.942349568442 1.31119279358
 -8.34442905921 -5.41761004688 -3.81981732181 -2.30364404302 -1.25710611551 -0.394902584844 0.0813358613618 0.547415282007 0.916899956359 1.28100031689
 -8.34346503922 -5.33517936592 -3.80818903230 -2.61559029647 -1.68741279235 -0.764601413804 -0.0812793389850 0.492524037557 1.07864630917 1.32176637518
 -8.34192058155 -5.14174849144 -3.50902578098 -2.58914035906 -1.77620872853 -1.18233908231 -0.468509326479 0.526479149513 0.909405043885 1.52851490074
 -8.34099843986 -4.98099515495 -3.46317091012 -2.70388885450 -1.91681049490 -1.19387391690 -0.673522245855 0.209772959315 0.936428574186 1.63906208410
 -8.33204207418 -4.62149949728 -3.02665374161 -2.29364946489 -1.32813058802 -0.692955501033 -0.455224965454 0.238695614788 0.797821624924 1.59956589199
 -8.32005874810 -3.96171766084 -1.52913508910 -1.45381614837 -1.27765893564 -0.971692649364 -0.720926524970 0.0259217092730 0.775888110552 1.64636994514
 -8.30889133109 -3.91289874837 -1.59090459487 -1.18435700151 -1.04609729996 -0.820662946706 -0.641648408548 0.261191915038 0.704769188881 1.57492117654
 -8.31048565508 -4.01462514533 -1.44672516820 -0.707949571772 -0.760881036890 -0.772291188156 -0.641426618696 0.0918315231321 0.574251752693 1.59452348660
 -8.31590428589 -3.98328656840 -1.33746219232 -0.738064251168 -0.782381477992 -0.941938751204 -0.740269457055 0.0962552834155 0.505878626149 1.64034092543
 -8.32136049309 -4.00358494223 -1.62403175840 -1.19157775401 -1.21176622227 -0.911735004364 -0.611546873310 0.187361829942 0.444659137893 1.69975968407
 -8.32622532461 -3.85498368112 -1.75360281033 -1.05433965456 -1.49542811247 -1.22290494481 -1.01543963993 -0.307003347464 0.237409323343 1.88291479926
# log_selcoffs_ind[2]:
 0.00000000000 0.00000000000 0.00000000000 0.00000000000 0.00000000000 0.00000000000 0.00000000000 0.00000000000 0.00000000000 0.00000000000
# logsel_slope_ind[1]:
 0.00000000000 0.00000000000 0.00000000000 0.00000000000 0.00000000000 0.00000000000 0.00000000000 0.00000000000 0.00000000000 0.00000000000 0.00000000000 0.00000000000 0.00000000000
# logsel_slope_ind[2]:
 0.00000000000
# sel50_ind[1]:
 0.00000000000 0.00000000000 0.00000000000 0.00000000000 0.00000000000 0.00000000000 0.00000000000 0.00000000000 0.00000000000 0.00000000000 0.00000000000 0.00000000000 0.00000000000
# sel50_ind[2]:
 0.00000000000
# logsel_p1_ind[1]:
 0.00000000000 0.00000000000 0.00000000000 0.00000000000 0.00000000000 0.00000000000 0.00000000000 0.00000000000 0.00000000000 0.00000000000 0.00000000000 0.00000000000 0.00000000000
# logsel_p1_ind[2]:
 0.00000000000
# sel_p2_ind[1]:
 0.00000000000 0.00000000000 0.00000000000 0.00000000000 0.00000000000 0.00000000000 0.00000000000 0.00000000000 0.00000000000 0.00000000000 0.00000000000 0.00000000000 0.00000000000
# sel_p2_ind[2]:
 0.00000000000
# logsel_p3_ind[1]:
 0.00000000000 0.00000000000 0.00000000000 0.00000000000 0.00000000000 0.00000000000 0.00000000000 0.00000000000 0.00000000000 0.00000000000 0.00000000000 0.00000000000 0.00000000000
# logsel_p3_ind[2]:
 0.00000000000
