# Number of parameters = 841 Objective function value = 146.991714925488  Maximum gradient component = 3.48891660401190e-05
# Mest[1]:
0.350000000000
# log_Linf[1]:
4.38701417618
# log_k[1]:
-1.83258146375
# log_Lo[1]:
2.75684036527
# log_sdage[1]:
-2.40794560865
# mean_log_rec[1]:
7.05423368309
# steepness[1]:
0.660522706622
# log_Rzero[1]:
6.86945366322
# rec_dev:
 -0.180580873990 -0.234831473299 -0.296488376689 -0.374061050505 -0.450411625744 -0.540420931706 -0.623349022269 -0.693617632976 -0.719395711377 -0.446200926822 -0.0495541806237 0.448012849113 0.483439684855 0.614185279164 1.01295858136 0.805772770329 0.649242167513 0.544282892021 0.644224738929 0.675152698589 0.634062924476 0.637455550208 1.07727483540 0.705212525702 1.35422466112 0.386137054897 0.396806832533 0.514541343956 -0.148877115797 -0.319928579216 -0.162373703567 -0.531668228871 -0.203444754815 -0.0303501342380 -0.259557904702 -0.427004095559 -0.475589821610 -0.175568019806 -0.430827147439 -0.161375840582 -0.285884681794 -0.523706343306 -0.501521748055 -0.157314037755 -0.0260485096451 -7.36409688784e-09
# log_sigmar[1]:
-0.223143551314
# fmort:
 -13.7130950495 -13.8534780445 -2.34733911812 -1.87125030546 -1.73309695247 -2.33554780936 -1.99237295023 -1.68319384362 -2.69799904439 -2.81265674588 -1.87031146399 -1.19250384398 -3.18749181669 -1.55556902911 -1.40068309842 -2.63315753733 -2.21289671270 -2.35344718990 -5.16968788627 -5.39801762633 -4.83815811607 -9.42760333733 -10.7203932887 -13.4520380333 -7.91706907662 -6.82597670262 -6.85414076709 -6.85454378249 -13.3602924884 -13.3846240244 -13.3398841750 -13.3594138854 -13.5121360301
 -2.54012404841 -1.72579636557 -2.44502000940 -2.55074477254 -2.59186361784 -2.37517648053 -2.84298082578 -2.63523270744 -2.91132582518 -2.91054425361 -2.82994285874 -2.66618784784 -2.63657835498 -2.92997151809 -2.46579290018 -2.65454358811 -2.48925333202 -2.27219180352 -1.78704782114 -1.21842806191 -0.961587967315 -0.853910259702 -1.09419712854 -1.08462744312 -0.940985985399 -0.833995898121 -1.04446332780 -0.907646049488 -1.06494368102 -1.47372530820 -1.51688322847 -1.74009575262 -2.65505835740
 -13.3801385529 -13.1778198355 -12.9863461433 -13.0739919710 -13.0699677458 -12.7933438819 -12.9762820817 -12.9556858624 -12.9540199055 -13.0692582685 -13.1096022382 -13.0166429805 -12.7065481178 -12.8820730299 -12.7830613164 -12.6835052156 -2.78070761862 -2.24352625703 -1.17793908674 -2.12452540772 -1.52475823394 -2.13949948051 -1.89437283199 -1.97226342632 -2.36966554331 -1.78203938665 -1.05913135987 -1.06156318540 -1.56383449149 -2.33630066231 -2.74341073051 -3.27520603271 -3.44642856340
# log_selcoffs_fsh[1]:
 -1.44976672963 -0.139839889941 0.306225722728 0.234174314809 0.148840692240 0.107270888181
 -1.71572704362 0.142011484375 0.459447612906 0.163853927891 -0.0189244730274 -0.0778725873859
 -2.07256332103 -0.476436004223 0.776378077529 0.270187034268 0.00114049045284 -0.263694049605
 -2.18632125358 -0.495539225817 0.518934852209 0.606804260724 0.0203284096988 -0.296930265743
 -2.14016298673 -0.107380264698 0.727887307125 0.343344676228 -0.166785642335 -0.419396557610
 -2.18837948483 -0.415146120714 0.692380620091 0.559577275792 -0.150366232305 -0.479868148083
# log_selcoffs_fsh[2]:
 -5.25656132573 -4.00971226233 -2.80127622696 -1.69121903225 -0.741676346318 -0.0124452905074 0.463533469019 0.720824689288 0.826453041940 0.848725223444
 -5.39089510385 -4.09554585676 -2.82659258152 -1.68346348394 -0.649569912277 0.179029236437 0.529332052606 0.683410925560 0.763892747008 0.784125012315
 -5.47071905801 -4.14380852406 -2.85315435464 -1.61361251680 -0.627836510601 0.219389326651 0.534501695350 0.667679913053 0.750716439302 0.774365670051
 -5.51628572322 -4.12191385634 -2.82148693394 -1.60504302511 -0.631185768380 0.120656290267 0.484984653751 0.694027912203 0.790934155077 0.801015337718
 -5.54682801359 -4.12297502341 -2.81055062053 -1.62251942012 -0.603454344580 0.120991971675 0.439663699779 0.665143040828 0.804217174128 0.839364928315
 -5.58150498004 -4.12252524830 -2.78644773978 -1.60886582794 -0.615076885050 0.0120669628012 0.393552087242 0.677261755597 0.846278944589 0.868721980203
 -5.60046728498 -4.08363620390 -2.67239064020 -1.58034677218 -0.737405914294 -0.149837738744 0.320994072608 0.674322613447 0.921744285882 0.920440072921
 -5.63275396742 -4.15307098487 -2.73285970804 -1.62087757342 -0.781929237246 -0.216903755046 0.300575193181 0.707474062954 0.919115372654 0.943458390936
 -5.64570027685 -4.21867281332 -2.89722491992 -1.69090407425 -0.806117061129 -0.240224012037 0.314400019968 0.724760126027 0.921901011603 0.940570167303
 -5.64380532742 -4.24678154469 -2.95952009762 -1.72175648196 -0.818680257506 -0.208070725682 0.372499384738 0.722013753992 0.878799604490 0.947964700218
 -5.61386897460 -4.29007529748 -2.99220397022 -1.71158945595 -0.824952669049 -0.203938626072 0.273893138217 0.647836726426 0.909600554939 1.02543912601
 -5.60652486957 -4.29217718391 -3.05014449544 -1.76617654373 -0.619268018396 -0.0838599559816 0.271098311762 0.591475614373 0.878827047443 1.02255353978
 -5.58569119685 -4.20822955067 -2.93816300096 -1.76584285567 -0.782384426076 -0.0574408519994 0.283999501139 0.614804922549 0.869558678575 1.02686308786
 -5.53800151560 -4.02983184100 -2.73226856429 -1.67475452861 -0.743265007278 -0.162594116229 0.246803904719 0.593727864326 0.879106023894 1.06504461719
 -5.53010113286 -4.05409656996 -2.72168526213 -1.65312166538 -0.758968508163 -0.158621159051 0.222543249477 0.585945182924 0.895635155044 1.06649209978
 -5.55143564522 -4.09274345512 -2.75147335282 -1.66161987131 -0.824407229945 -0.224182352278 0.255014147797 0.622391736963 0.927314422066 1.03194690585
 -5.57151513057 -4.09759467027 -2.70663163504 -1.59976435218 -0.827433262862 -0.303114056022 0.218712206483 0.694239843462 0.942408780491 1.00150560322
 -5.54903423890 -4.02008886920 -2.60055019215 -1.57515174297 -0.891826478803 -0.385222689598 0.146831789718 0.626292992340 0.999232646257 1.05142423502
 -5.53976482932 -3.95361653120 -2.53117671217 -1.43984075722 -0.729158202834 -0.271758643096 0.158268796466 0.612096243988 0.920493572475 1.06115265702
 -5.59302676132 -3.91594020442 -2.40784722227 -1.31892118478 -0.535469641838 -0.0922387808902 0.218930080365 0.634627392278 0.890513812977 0.937737424396
 -5.59837573477 -3.81696711979 -2.21217685837 -1.13508636524 -0.453686160146 -0.0445251886864 0.252994032260 0.573412131963 0.873325805999 0.914153544670
 -5.61644015864 -3.75991615837 -2.01054130778 -0.901613826100 -0.334191750700 -0.0132884822498 0.279144710857 0.560366631359 0.805791410815 0.883250936025
 -5.64344464404 -3.76801088733 -1.97365789962 -0.784448943233 -0.222632092941 0.0403798974293 0.302759331093 0.558326159583 0.753664099320 0.837387177541
 -5.62355543242 -3.79242052226 -2.09916682964 -0.956413326431 -0.358207035766 -0.0349857332091 0.276543433669 0.572812573483 0.834672163108 0.878215927037
 -5.58342526720 -3.77322784281 -2.05491331575 -0.881539520386 -0.340421606442 -0.0609480657384 0.195161911496 0.522832697187 0.813821756429 0.963116770377
 -5.54155814830 -3.76059175902 -2.12645725781 -0.921301627240 -0.384187804651 -0.0823879353089 0.147462754141 0.489197166051 0.812120752743 1.03355990863
 -5.47499215117 -3.71370162325 -2.14019120752 -1.02891722097 -0.425019437540 -0.120879818487 0.114499650130 0.409110579797 0.790866569474 1.13924290021
 -5.52915665957 -3.77098591148 -2.13833052436 -0.874408385666 -0.201507109265 0.0813830012217 0.193991059108 0.383656512726 0.706757193567 1.03908321926
 -5.46697407711 -3.69482179795 -2.05411765248 -0.877938210679 -0.288963135134 -0.0871630154174 0.0915460488920 0.335456978790 0.732353358306 1.15910996320
 -5.39280640006 -3.59583422324 -1.99494531874 -0.896147124060 -0.437322067483 -0.219932262784 -0.0433732577966 0.256933816670 0.748392397359 1.28409641574
# log_selcoffs_fsh[3]:
 -5.80876511268 -4.71646481001 -3.65572243531 -2.65193468509 -1.72494471733 -0.901126986003 -0.233421381567 0.251910006359 0.686582126286 1.01603116945 1.24702560695
 -5.85385221135 -4.74204022701 -3.67898560851 -2.68136071399 -1.72576993915 -0.838919633348 -0.128421560007 0.358339464107 0.674301457415 1.00856144474 1.18470717700
 -5.85174598878 -4.55756320516 -3.38179253116 -2.25368067042 -1.22086963021 -0.596322298833 -0.0866849854057 0.304164972641 0.645985320361 0.963576250281 1.16329268242
 -5.81835542445 -4.11630269954 -2.67264308388 -1.76271286010 -1.13839381500 -0.602111093427 -0.146898356332 0.264651438901 0.635989263538 0.961902667543 1.16320344608
 -5.76971159072 -3.76516153881 -2.04452656203 -1.21863270440 -0.896162164660 -0.658124199112 -0.329687166128 0.0577404107972 0.544235804338 0.978508034240 1.24136155827
 -5.81880537967 -3.80827171132 -1.87461305666 -0.873449370070 -0.659761437776 -0.665416314266 -0.416512813110 0.00712736816531 0.513525180624 0.949167047289 1.23885567057
 -5.86885356855 -3.97928994507 -2.15652528509 -0.739789071288 -0.313778407802 -0.319436299247 -0.302997578229 -0.0120742249271 0.414645648524 0.860102444186 1.20130670635
 -5.90465761024 -4.07582289266 -2.32906388373 -0.921204747543 -0.150058272270 -0.0444029739201 -0.119450040909 -0.0379398853017 0.310027361960 0.792279791587 1.17729275601
 -5.89774041934 -4.03254909987 -2.30352714096 -1.00363155857 -0.303988585392 -0.0789846177991 -0.0818765201861 0.00411438189897 0.300361339913 0.796002553265 1.21153395189
 -5.87908847064 -3.83604286020 -1.91852725147 -0.975445901680 -0.561076474277 -0.487494985717 -0.386338697918 -0.0834043274222 0.394593421708 0.920168704939 1.30128240921
 -5.85904591076 -3.71235738308 -2.03243465868 -1.17315653891 -0.921282291318 -0.799288732033 -0.550436339970 -0.0903930688010 0.488235425147 1.00711500043 1.34215025835
 -6.02116253946 -4.16603299514 -2.51141674269 -1.71726899487 -1.19226341340 -0.875579205673 -0.518151528691 0.0456968010946 0.610220641785 1.06321713679 1.28711176673
 -6.19157901448 -4.67002656873 -3.24129788132 -1.95370275685 -1.25640020923 -0.872938581463 -0.398864836215 0.139284666417 0.644481515455 1.05598415152 1.25418658764
 -6.31695157788 -4.89969724650 -3.49706628186 -2.15771159205 -1.30448131431 -0.937443718140 -0.510788116901 0.157395337583 0.674949668105 1.06337215357 1.26734018457
 -6.37224038435 -4.96971760025 -3.54376609798 -2.30520052514 -1.46440053337 -1.05180594216 -0.471728420672 0.0673439899809 0.682451473472 1.11785994078 1.26738959620
# log_sel_spl_fsh[1]:
 0.00000000000 0.00000000000 0.00000000000 0.00000000000
 0.00000000000 0.00000000000 0.00000000000 0.00000000000
 0.00000000000 0.00000000000 0.00000000000 0.00000000000
 0.00000000000 0.00000000000 0.00000000000 0.00000000000
 0.00000000000 0.00000000000 0.00000000000 0.00000000000
 0.00000000000 0.00000000000 0.00000000000 0.00000000000
# log_sel_spl_fsh[2]:
 0.00000000000 0.00000000000 0.00000000000 0.00000000000
 0.00000000000 0.00000000000 0.00000000000 0.00000000000
 0.00000000000 0.00000000000 0.00000000000 0.00000000000
 0.00000000000 0.00000000000 0.00000000000 0.00000000000
 0.00000000000 0.00000000000 0.00000000000 0.00000000000
 0.00000000000 0.00000000000 0.00000000000 0.00000000000
 0.00000000000 0.00000000000 0.00000000000 0.00000000000
 0.00000000000 0.00000000000 0.00000000000 0.00000000000
 0.00000000000 0.00000000000 0.00000000000 0.00000000000
 0.00000000000 0.00000000000 0.00000000000 0.00000000000
 0.00000000000 0.00000000000 0.00000000000 0.00000000000
 0.00000000000 0.00000000000 0.00000000000 0.00000000000
 0.00000000000 0.00000000000 0.00000000000 0.00000000000
 0.00000000000 0.00000000000 0.00000000000 0.00000000000
 0.00000000000 0.00000000000 0.00000000000 0.00000000000
 0.00000000000 0.00000000000 0.00000000000 0.00000000000
 0.00000000000 0.00000000000 0.00000000000 0.00000000000
 0.00000000000 0.00000000000 0.00000000000 0.00000000000
 0.00000000000 0.00000000000 0.00000000000 0.00000000000
 0.00000000000 0.00000000000 0.00000000000 0.00000000000
 0.00000000000 0.00000000000 0.00000000000 0.00000000000
 0.00000000000 0.00000000000 0.00000000000 0.00000000000
 0.00000000000 0.00000000000 0.00000000000 0.00000000000
 0.00000000000 0.00000000000 0.00000000000 0.00000000000
 0.00000000000 0.00000000000 0.00000000000 0.00000000000
 0.00000000000 0.00000000000 0.00000000000 0.00000000000
 0.00000000000 0.00000000000 0.00000000000 0.00000000000
 0.00000000000 0.00000000000 0.00000000000 0.00000000000
 0.00000000000 0.00000000000 0.00000000000 0.00000000000
 0.00000000000 0.00000000000 0.00000000000 0.00000000000
# log_sel_spl_fsh[3]:
 0.00000000000 0.00000000000 0.00000000000 0.00000000000
 0.00000000000 0.00000000000 0.00000000000 0.00000000000
 0.00000000000 0.00000000000 0.00000000000 0.00000000000
 0.00000000000 0.00000000000 0.00000000000 0.00000000000
 0.00000000000 0.00000000000 0.00000000000 0.00000000000
 0.00000000000 0.00000000000 0.00000000000 0.00000000000
 0.00000000000 0.00000000000 0.00000000000 0.00000000000
 0.00000000000 0.00000000000 0.00000000000 0.00000000000
 0.00000000000 0.00000000000 0.00000000000 0.00000000000
 0.00000000000 0.00000000000 0.00000000000 0.00000000000
 0.00000000000 0.00000000000 0.00000000000 0.00000000000
 0.00000000000 0.00000000000 0.00000000000 0.00000000000
 0.00000000000 0.00000000000 0.00000000000 0.00000000000
 0.00000000000 0.00000000000 0.00000000000 0.00000000000
 0.00000000000 0.00000000000 0.00000000000 0.00000000000
# logsel_slope_fsh[1]:
 0.00000000000 0.00000000000 0.00000000000 0.00000000000 0.00000000000 0.00000000000
# logsel_slope_fsh[2]:
 0.00000000000 0.00000000000 0.00000000000 0.00000000000 0.00000000000 0.00000000000 0.00000000000 0.00000000000 0.00000000000 0.00000000000 0.00000000000 0.00000000000 0.00000000000 0.00000000000 0.00000000000 0.00000000000 0.00000000000 0.00000000000 0.00000000000 0.00000000000 0.00000000000 0.00000000000 0.00000000000 0.00000000000 0.00000000000 0.00000000000 0.00000000000 0.00000000000 0.00000000000 0.00000000000
# logsel_slope_fsh[3]:
 0.00000000000 0.00000000000 0.00000000000 0.00000000000 0.00000000000 0.00000000000 0.00000000000 0.00000000000 0.00000000000 0.00000000000 0.00000000000 0.00000000000 0.00000000000 0.00000000000 0.00000000000
# sel50_fsh[1]:
 0.00000000000 0.00000000000 0.00000000000 0.00000000000 0.00000000000 0.00000000000
# sel50_fsh[2]:
 0.00000000000 0.00000000000 0.00000000000 0.00000000000 0.00000000000 0.00000000000 0.00000000000 0.00000000000 0.00000000000 0.00000000000 0.00000000000 0.00000000000 0.00000000000 0.00000000000 0.00000000000 0.00000000000 0.00000000000 0.00000000000 0.00000000000 0.00000000000 0.00000000000 0.00000000000 0.00000000000 0.00000000000 0.00000000000 0.00000000000 0.00000000000 0.00000000000 0.00000000000 0.00000000000
# sel50_fsh[3]:
 0.00000000000 0.00000000000 0.00000000000 0.00000000000 0.00000000000 0.00000000000 0.00000000000 0.00000000000 0.00000000000 0.00000000000 0.00000000000 0.00000000000 0.00000000000 0.00000000000 0.00000000000
# logsel_p1_fsh[1]:
 0.00000000000 0.00000000000 0.00000000000 0.00000000000 0.00000000000 0.00000000000
# logsel_p1_fsh[2]:
 0.00000000000 0.00000000000 0.00000000000 0.00000000000 0.00000000000 0.00000000000 0.00000000000 0.00000000000 0.00000000000 0.00000000000 0.00000000000 0.00000000000 0.00000000000 0.00000000000 0.00000000000 0.00000000000 0.00000000000 0.00000000000 0.00000000000 0.00000000000 0.00000000000 0.00000000000 0.00000000000 0.00000000000 0.00000000000 0.00000000000 0.00000000000 0.00000000000 0.00000000000 0.00000000000
# logsel_p1_fsh[3]:
 0.00000000000 0.00000000000 0.00000000000 0.00000000000 0.00000000000 0.00000000000 0.00000000000 0.00000000000 0.00000000000 0.00000000000 0.00000000000 0.00000000000 0.00000000000 0.00000000000 0.00000000000
# logsel_p2_fsh[1]:
 0.00000000000 0.00000000000 0.00000000000 0.00000000000 0.00000000000 0.00000000000
# logsel_p2_fsh[2]:
 0.00000000000 0.00000000000 0.00000000000 0.00000000000 0.00000000000 0.00000000000 0.00000000000 0.00000000000 0.00000000000 0.00000000000 0.00000000000 0.00000000000 0.00000000000 0.00000000000 0.00000000000 0.00000000000 0.00000000000 0.00000000000 0.00000000000 0.00000000000 0.00000000000 0.00000000000 0.00000000000 0.00000000000 0.00000000000 0.00000000000 0.00000000000 0.00000000000 0.00000000000 0.00000000000
# logsel_p2_fsh[3]:
 0.00000000000 0.00000000000 0.00000000000 0.00000000000 0.00000000000 0.00000000000 0.00000000000 0.00000000000 0.00000000000 0.00000000000 0.00000000000 0.00000000000 0.00000000000 0.00000000000 0.00000000000
# logsel_p3_fsh[1]:
 0.00000000000 0.00000000000 0.00000000000 0.00000000000 0.00000000000 0.00000000000
# logsel_p3_fsh[2]:
 0.00000000000 0.00000000000 0.00000000000 0.00000000000 0.00000000000 0.00000000000 0.00000000000 0.00000000000 0.00000000000 0.00000000000 0.00000000000 0.00000000000 0.00000000000 0.00000000000 0.00000000000 0.00000000000 0.00000000000 0.00000000000 0.00000000000 0.00000000000 0.00000000000 0.00000000000 0.00000000000 0.00000000000 0.00000000000 0.00000000000 0.00000000000 0.00000000000 0.00000000000 0.00000000000
# logsel_p3_fsh[3]:
 0.00000000000 0.00000000000 0.00000000000 0.00000000000 0.00000000000 0.00000000000 0.00000000000 0.00000000000 0.00000000000 0.00000000000 0.00000000000 0.00000000000 0.00000000000 0.00000000000 0.00000000000
# rec_dev_future:
 0.00000000000 0.00000000000 0.00000000000 0.00000000000 0.00000000000 0.00000000000 0.00000000000 0.00000000000 0.00000000000 0.00000000000 0.00000000000 0.00000000000 0.00000000000 0.00000000000 0.00000000000 0.00000000000 0.00000000000 0.00000000000 0.00000000000 0.00000000000
# log_q_ind[1]:
-0.409729793281
# log_q_ind[2]:
-5.94702018262
# log_q_power_ind[1]:
0.00000000000
# log_q_power_ind[2]:
0.00000000000
# log_selcoffs_ind[1]:
 -7.76874454278 -5.57702542509 -4.09390022666 -2.66630371803 -1.48110621349 -0.832467660664 0.0271643211886 0.679046843241 0.961502257212 1.28980917544
 -7.76521704663 -5.47959800752 -3.94613521774 -2.53634745832 -1.17447061241 -0.558747916380 0.185902179122 0.459813049368 0.942615653047 1.29780320485
 -7.75937380043 -5.36969537960 -3.77744479362 -2.27117397199 -1.22691436427 -0.363240110234 0.101260078321 0.562537725900 0.915451996502 1.25864309213
 -7.75090681001 -5.28812144614 -3.76153151641 -2.57011893841 -1.65570642735 -0.733269091735 -0.0489651451286 0.512075076940 1.08875783972 1.28975702086
 -7.73895183936 -5.09646220485 -3.46042489464 -2.53697749684 -1.72578650205 -1.15014821101 -0.434155454520 0.571583494909 0.930718899632 1.48909662589
 -7.72232461387 -4.94034754222 -3.41770168714 -2.65642738419 -1.86516371074 -1.14824981900 -0.646547659456 0.248218358318 0.973643614719 1.60225054005
 -7.68570037482 -4.58887990003 -2.99353658698 -2.25760802859 -1.28581711959 -0.652448055557 -0.415363060760 0.283901345119 0.823276168718 1.56258088623
 -7.63837014113 -3.93317168019 -1.51103965432 -1.42463212082 -1.24528390347 -0.932220878201 -0.679454971774 0.0732892982642 0.819284430898 1.60649585627
 -7.58742113043 -3.88621360735 -1.57668027340 -1.17007057615 -1.02201773135 -0.791485037012 -0.603775930060 0.293285196168 0.735724907276 1.54209291251
 -7.54756149948 -3.97597736139 -1.44000781358 -0.694122605408 -0.749033198216 -0.746348875282 -0.600552360609 0.124167580962 0.619151291165 1.56009855524
 -7.50832369151 -3.94517918913 -1.29316236775 -0.739660678813 -0.770587234004 -0.918802471788 -0.684688862802 0.125669019589 0.574522610877 1.59984248260
 -7.46190157703 -3.93427028872 -1.62424499034 -1.16384874829 -1.18944211590 -0.860126446958 -0.508721031844 0.226886711141 0.542176226009 1.64235541263
 -7.40498892741 -3.78343761119 -1.64000242958 -1.14394386974 -1.37201772420 -1.04152087166 -0.710877111110 -0.152887730330 0.434180021716 1.78581842049
 -7.33795024257 -3.80812558457 -1.58504037690 -1.44072824384 -1.10411864580 -0.630180285538 -0.196766995798 0.102690731156 0.542624487003 1.61371263308
 -7.26259997399 -3.95802963511 -1.61533387614 -1.02740222591 -1.09097931144 -0.619665665051 -0.0553406214116 0.0822275285672 0.613983692231 1.54111261351
 -7.17360175191 -3.89508653180 -1.80054117802 -1.12304202159 -0.837392926848 -0.863315794799 0.0521647409126 -0.0461876640718 0.599310159570 1.56955726642
# log_selcoffs_ind[2]:
 0.00000000000 0.00000000000 0.00000000000 0.00000000000 0.00000000000 0.00000000000 0.00000000000 0.00000000000 0.00000000000 0.00000000000
# logsel_slope_ind[1]:
 0.00000000000 0.00000000000 0.00000000000 0.00000000000 0.00000000000 0.00000000000 0.00000000000 0.00000000000 0.00000000000 0.00000000000 0.00000000000 0.00000000000 0.00000000000 0.00000000000 0.00000000000 0.00000000000
# logsel_slope_ind[2]:
 0.00000000000
# sel50_ind[1]:
 0.00000000000 0.00000000000 0.00000000000 0.00000000000 0.00000000000 0.00000000000 0.00000000000 0.00000000000 0.00000000000 0.00000000000 0.00000000000 0.00000000000 0.00000000000 0.00000000000 0.00000000000 0.00000000000
# sel50_ind[2]:
 0.00000000000
# logsel_p1_ind[1]:
 0.00000000000 0.00000000000 0.00000000000 0.00000000000 0.00000000000 0.00000000000 0.00000000000 0.00000000000 0.00000000000 0.00000000000 0.00000000000 0.00000000000 0.00000000000 0.00000000000 0.00000000000 0.00000000000
# logsel_p1_ind[2]:
 0.00000000000
# sel_p2_ind[1]:
 0.00000000000 0.00000000000 0.00000000000 0.00000000000 0.00000000000 0.00000000000 0.00000000000 0.00000000000 0.00000000000 0.00000000000 0.00000000000 0.00000000000 0.00000000000 0.00000000000 0.00000000000 0.00000000000
# sel_p2_ind[2]:
 0.00000000000
# logsel_p3_ind[1]:
 0.00000000000 0.00000000000 0.00000000000 0.00000000000 0.00000000000 0.00000000000 0.00000000000 0.00000000000 0.00000000000 0.00000000000 0.00000000000 0.00000000000 0.00000000000 0.00000000000 0.00000000000 0.00000000000
# logsel_p3_ind[2]:
 0.00000000000
