# Number of parameters = 981 Objective function value = 219.000710285582  Maximum gradient component = 6.57985179103356e-05
# Mest[1]:
0.350000000000
# log_Linf[1]:
4.38701417618
# log_k[1]:
-1.83258146375
# log_Lo[1]:
2.75684036527
# log_sdage[1]:
-2.40794560865
# mean_log_rec[1]:
6.70041489392
# steepness[1]:
0.583841713474
# log_Rzero[1]:
6.47351140593
# rec_dev:
 -0.166865297530 -0.215218093016 -0.267962806764 -0.335910707370 -0.400513045746 -0.478699187561 -0.553375402421 -0.624938732156 -0.651409936275 -0.367763412341 0.0544204472073 0.594472167970 0.682694028366 0.876804693693 1.32257127187 1.12544684452 0.970878027874 0.867451257149 0.963154492115 0.970954541377 0.947078667207 0.983888024150 1.45196172155 1.05401249828 1.71742656672 0.745161068685 0.757352020246 0.876939294012 0.183315352747 0.00176377675199 0.161986476981 -0.215748103859 0.125345154237 0.313947167233 0.0843616453117 -0.103255628522 -0.249184198773 -0.132478945559 -0.591917017634 -0.629292352860 -0.977355162169 -1.33885041314 -1.46748052105 -1.16372129856 -0.350465589518 -1.15375330938 -0.500803912352 -0.690229109341 -0.191085697659 -1.75345071796e-09
# log_sigmar[1]:
-0.223143551314
# fmort:
 -13.5624659074 -13.7471800912 -2.28630761283 -1.83158452345 -1.69178081047 -2.28776275587 -1.94877469890 -1.64079861222 -2.66031077256 -2.79881829156 -1.89003757918 -1.22952985752 -3.19136980695 -1.55114061675 -1.38197218453 -2.61591238136 -2.20350646579 -2.34004475362 -5.13922962612 -5.36207359978 -4.80030748424 -9.38998125796 -10.6898400291 -13.4230140454 -7.86847731564 -6.70637188463 -6.60113199976 -6.41102595424 -12.6730227885 -12.4807959028 -12.2391165400 -12.0812106429 -12.2440693265 -12.5318433801 -12.5843838247 -12.6685854875 -12.8126305507
 -2.16876274142 -1.26549900183 -1.92924873567 -2.04742999512 -2.11581776926 -1.93780633446 -2.44516574479 -2.27819979392 -2.57848571461 -2.61750334260 -2.57891983783 -2.45098995734 -2.44861959482 -2.76393951765 -2.31595447829 -2.52098600680 -2.37735753897 -2.18601982770 -1.73101538961 -1.16953308395 -0.927157669970 -0.825180433939 -1.06223195160 -1.06204076648 -0.931135826855 -0.834174711867 -1.06496100278 -0.943874954830 -1.10244059864 -1.44225716681 -1.33865553393 -1.24131540077 -1.63286568403 -1.56786467257 -1.33226323346 -1.56989607919 -1.77564882858
 -13.0252346613 -12.7374393254 -12.4814002992 -12.5751203364 -12.5990558757 -12.3941483145 -12.6213289780 -12.6465676409 -12.6516755734 -12.8030935469 -12.8815451553 -12.8139131647 -12.5300632093 -12.7234077257 -12.6318779749 -12.5443573229 -2.65425959636 -2.12885880603 -1.07333481575 -2.01432151846 -1.43715443757 -2.06872506070 -1.84806003481 -1.95633736323 -2.38589225212 -1.82873778088 -1.13117467181 -1.12733492488 -1.59236993840 -2.28981065464 -2.54987596797 -2.81997228429 -2.63480957659 -2.47832852497 -3.47370816458 -3.64958054890 -3.70122211510
# log_selcoffs_fsh[1]:
 -1.53101270822 -0.116782676242 0.385650598180 0.290772864153 0.123009218558 -0.0460663474710
 -1.75791457800 0.133093863590 0.489439029399 0.202898496070 -0.0222192567185 -0.161502873220
 -2.09402586678 -0.488069055343 0.774494432603 0.289217995373 0.0148282754832 -0.296813288640
 -2.19910215350 -0.508827031106 0.509171226070 0.614934545838 0.0334011471480 -0.300450408503
 -2.14755849200 -0.117616376541 0.721215761964 0.349296128394 -0.154154678530 -0.412409508544
 -2.19770895178 -0.425504537192 0.683831163106 0.568137068879 -0.141992262333 -0.475709094633
# log_selcoffs_fsh[2]:
 -5.58050005212 -4.31892672058 -3.09212987420 -1.95493592555 -0.964849713191 -0.178290151526 0.371804845861 0.712919290263 0.896613134265 0.969498461709
 -5.69375131934 -4.38872959205 -3.10522297003 -1.93266911484 -0.858509632344 0.0182878187176 0.432694227813 0.670269759867 0.841624643274 0.930623001900
 -5.75627684644 -4.42017510975 -3.11454263261 -1.84739132917 -0.823403503802 0.0671917530881 0.437758732649 0.647912609573 0.824977199136 0.928897432317
 -5.78787451745 -4.38294763120 -3.06623753558 -1.82223439172 -0.814160373853 -0.0255040925197 0.388560732797 0.667637664879 0.854653137004 0.949073663716
 -5.80252995410 -4.36555535138 -3.03486822304 -1.82003839523 -0.769648042893 -0.0144052601170 0.344340814368 0.633580040866 0.861242358985 0.979751952004
 -5.82227251080 -4.34655187635 -2.98901009104 -1.78376333413 -0.762093814427 -0.109503395012 0.302913487131 0.638547856596 0.892048853426 0.998839161998
 -5.82742777730 -4.29247863198 -2.85602441261 -1.73398817167 -0.864686586851 -0.257310335953 0.235969731029 0.631337199247 0.952435936986 1.03557342720
 -5.84470633646 -4.34841515387 -2.90302467125 -1.75731646099 -0.890228472401 -0.307049636416 0.227613658757 0.667540118040 0.941884808946 1.04408217157
 -5.84001703746 -4.40026254252 -3.05609239771 -1.81617011749 -0.898884619328 -0.314714735321 0.254247112885 0.690866274915 0.940607583692 1.02661731672
 -5.81723256665 -4.41008854651 -3.10478744956 -1.83588459345 -0.900834451122 -0.269062660805 0.323552248342 0.694583222550 0.894853178319 1.02186033096
 -5.76591633262 -4.43724611008 -3.12524065957 -1.81877797645 -0.901784436815 -0.258077062144 0.233549749468 0.625710193954 0.922431247586 1.08263897691
 -5.73278234382 -4.41898803529 -3.17127476065 -1.86789428164 -0.695482234207 -0.134507670124 0.239476058975 0.578425034748 0.893535526249 1.07082014982
 -5.68563613882 -4.31457679454 -3.04533540835 -1.86355748661 -0.858285645693 -0.108569579745 0.256299820148 0.610074989083 0.886922910952 1.06442487414
 -5.60884505011 -4.11341677516 -2.82289052956 -1.76227424063 -0.818105136386 -0.214263357949 0.221111858205 0.593800695839 0.899402643940 1.09327712808
 -5.57166960392 -4.11302759965 -2.79327768369 -1.72599238488 -0.823678626822 -0.207510679209 0.200345673695 0.592587565554 0.917080797005 1.08408691194
 -5.56631850182 -4.12973468910 -2.80305128714 -1.71729438102 -0.872708551545 -0.260286067982 0.239309441154 0.635059650287 0.950372232926 1.03214628523
 -5.56302778735 -4.11822105442 -2.74363188122 -1.63727494863 -0.854077782487 -0.318023222113 0.219607544509 0.723680159300 0.960385549406 0.973609390768
 -5.50583955187 -4.01680533578 -2.62093438548 -1.59804590785 -0.908360928303 -0.391991700205 0.154399911952 0.649725981128 1.02508137413 1.01331229208
 -5.45169376076 -3.92175771927 -2.53441462260 -1.45062948719 -0.735782884106 -0.270304542766 0.174395553786 0.643162835953 0.934657104565 1.02264569050
 -5.45391524431 -3.85466960424 -2.39947176979 -1.32597613351 -0.538169058419 -0.0879840185657 0.236187415256 0.667909627311 0.901201864289 0.891797011464
 -5.39740919962 -3.71465745885 -2.18792170186 -1.13835565844 -0.454523523473 -0.0351794689834 0.273825811041 0.601175417411 0.884495845760 0.866015788887
 -5.34332682629 -3.59768341383 -1.95081206494 -0.895247115727 -0.333354576945 -0.00258791808972 0.303125339649 0.587032937453 0.807965675203 0.836021013493
 -5.29444089279 -3.52685450188 -1.85288879445 -0.751837456438 -0.220025301215 0.0479294338431 0.321966988054 0.580557891839 0.750962219084 0.788363197150
 -5.20224177584 -3.45523062167 -1.88426760216 -0.867507157909 -0.336132220180 -0.0290283132235 0.291239678106 0.588061230828 0.827631712874 0.823555603410
 -5.10370415662 -3.32918437738 -1.70478716968 -0.677059630003 -0.255833117236 -0.0370478136052 0.197320943770 0.518377303042 0.784400674101 0.892716495077
 -5.03689043024 -3.22175641021 -1.62460948879 -0.542314495848 -0.165165686985 0.00519317571064 0.154817681911 0.446744409756 0.734663258483 0.919019811267
 -4.99939302919 -3.13759290952 -1.51445546710 -0.483634454024 -0.0105431398332 0.109370897361 0.175885605142 0.343794262770 0.629503845142 0.927842479117
 -5.15526572949 -3.26849229626 -1.52944114785 -0.224457073433 0.354160998998 0.471064056125 0.322111870007 0.256533649044 0.370566371017 0.583802234635
 -5.20796502916 -3.29650254712 -1.54099121763 -0.240952942021 0.427229544109 0.472561198921 0.410921496774 0.280707507837 0.304375955372 0.489998439503
 -5.20929187127 -3.27167089045 -1.62833472911 -0.436693404018 0.229306388207 0.480132139816 0.402455158081 0.400050053049 0.412493735583 0.555136715366
 -5.11872960400 -3.18056504003 -1.74146636444 -0.774033725688 -0.0814725648454 0.219950393416 0.329862206323 0.453556544370 0.630284894447 0.835274564665
 -5.02263026505 -3.24130430021 -1.75639194033 -0.921822613763 -0.461932884852 -0.160773917357 0.0397896513699 0.352028863427 0.776270911826 1.18368747945
 -4.96366833706 -3.27301689068 -1.79385616522 -0.927176267662 -0.699187426800 -0.504423017363 -0.234749408569 0.173803351902 0.790997000809 1.41247514405
 -4.95941763217 -3.29271249054 -1.79568129243 -0.949638069679 -0.851925809522 -0.653406591346 -0.366407591976 0.0942069791237 0.770152633220 1.50495888064
# log_selcoffs_fsh[3]:
 -5.80162645101 -4.73604840265 -3.69713357131 -2.70733708142 -1.78625613235 -0.955892341075 -0.266785423394 0.247087321367 0.704703411547 1.02920830164 1.24600193847
 -5.84280380247 -4.76097283161 -3.72087071896 -2.73832088404 -1.79106493961 -0.901553592325 -0.176374162154 0.345093748764 0.685397090863 1.03527656585 1.18664091405
 -5.82820272902 -4.56860365899 -3.41905706116 -2.30417061963 -1.27952712673 -0.659799715005 -0.135437883144 0.286634111586 0.666337884824 0.988095587126 1.16953588068
 -5.77748972229 -4.12166759805 -2.70616942888 -1.80558341106 -1.18162966312 -0.643124982192 -0.177816123951 0.259028360379 0.653270937209 0.986517475109 1.15707855300
 -5.68908088550 -3.75549425945 -2.07310361923 -1.25034278546 -0.923039596775 -0.676364704435 -0.335217467957 0.0715348812720 0.572517537386 0.991504253665 1.22315967065
 -5.67202944339 -3.76057931799 -1.89127677598 -0.897080489837 -0.671120622914 -0.663259203216 -0.397975296762 0.0419631512098 0.554022535897 0.958897246283 1.20139587296
 -5.62642808115 -3.86157153474 -2.13280601162 -0.748291192914 -0.310428800112 -0.295627279027 -0.260511450580 0.0420273167170 0.458317341649 0.862044861151 1.14533639053
 -5.54480893467 -3.85818598257 -2.23543835423 -0.893743038015 -0.130231950892 -0.00391325684399 -0.0604042912281 0.0297645844294 0.355621319365 0.779720988910 1.10041286275
 -5.40828698393 -3.68378437670 -2.10042384152 -0.913193541743 -0.256137606875 -0.0290780777582 -0.0137812541794 0.0769844761641 0.346903156335 0.774403256718 1.11548781756
 -5.26260103052 -3.32602717842 -1.54694647679 -0.758150039269 -0.450431915598 -0.418447909170 -0.323147368347 -0.0198718889608 0.429517904317 0.890636956690 1.19532865702
 -5.14821274547 -3.03366886767 -1.46249172736 -0.755152399772 -0.668980060683 -0.667643827545 -0.484607646205 -0.0591536657393 0.490559395076 0.954788325847 1.23240188650
 -5.28341627356 -3.38098622094 -1.75558679168 -1.10715324155 -0.734061641642 -0.591305524518 -0.382407783985 0.0764866987670 0.570425585629 0.978690492707 1.17321042140
 -5.51376397107 -3.88951571319 -2.41457128176 -1.18368032372 -0.625164306348 -0.392881425075 -0.123004465660 0.216258955861 0.575554326550 0.908494646993 1.09369717901
 -5.77426337486 -4.19373972912 -2.68704197055 -1.33249145933 -0.533682534944 -0.297729242708 -0.0502987801238 0.349269662501 0.607004156616 0.846073502517 1.02481421422
 -6.03354977267 -4.37816081314 -2.76834437944 -1.47190838981 -0.663823964370 -0.296536783865 0.112705959636 0.408622264885 0.667142888693 0.845860478825 0.928948296189
 -6.21589032992 -4.49675367394 -2.71611608667 -1.21785823256 -0.575667497812 -0.219399874347 0.131786017582 0.446120581707 0.629526914085 0.796886268500 0.900602172850
 -6.30968130332 -4.53638129035 -2.71475208505 -1.07828408225 -0.335381933982 -0.0602291424778 0.128916149294 0.350636084000 0.553433819800 0.751805131315 0.919027152205
 -6.34371340081 -4.59495757446 -2.94274831240 -1.54700537364 -0.667573737306 -0.0385678654715 0.292748281681 0.464538492970 0.595431946558 0.756241040038 0.863718041424
 -6.41756036824 -4.85474947615 -3.41407472002 -2.11583078771 -1.09384673840 0.0546655649465 0.592239879396 0.618701057868 0.609923453582 0.653053727460 0.702990946636
# log_sel_spl_fsh[1]:
 0.00000000000 0.00000000000 0.00000000000 0.00000000000
 0.00000000000 0.00000000000 0.00000000000 0.00000000000
 0.00000000000 0.00000000000 0.00000000000 0.00000000000
 0.00000000000 0.00000000000 0.00000000000 0.00000000000
 0.00000000000 0.00000000000 0.00000000000 0.00000000000
 0.00000000000 0.00000000000 0.00000000000 0.00000000000
# log_sel_spl_fsh[2]:
 0.00000000000 0.00000000000 0.00000000000 0.00000000000
 0.00000000000 0.00000000000 0.00000000000 0.00000000000
 0.00000000000 0.00000000000 0.00000000000 0.00000000000
 0.00000000000 0.00000000000 0.00000000000 0.00000000000
 0.00000000000 0.00000000000 0.00000000000 0.00000000000
 0.00000000000 0.00000000000 0.00000000000 0.00000000000
 0.00000000000 0.00000000000 0.00000000000 0.00000000000
 0.00000000000 0.00000000000 0.00000000000 0.00000000000
 0.00000000000 0.00000000000 0.00000000000 0.00000000000
 0.00000000000 0.00000000000 0.00000000000 0.00000000000
 0.00000000000 0.00000000000 0.00000000000 0.00000000000
 0.00000000000 0.00000000000 0.00000000000 0.00000000000
 0.00000000000 0.00000000000 0.00000000000 0.00000000000
 0.00000000000 0.00000000000 0.00000000000 0.00000000000
 0.00000000000 0.00000000000 0.00000000000 0.00000000000
 0.00000000000 0.00000000000 0.00000000000 0.00000000000
 0.00000000000 0.00000000000 0.00000000000 0.00000000000
 0.00000000000 0.00000000000 0.00000000000 0.00000000000
 0.00000000000 0.00000000000 0.00000000000 0.00000000000
 0.00000000000 0.00000000000 0.00000000000 0.00000000000
 0.00000000000 0.00000000000 0.00000000000 0.00000000000
 0.00000000000 0.00000000000 0.00000000000 0.00000000000
 0.00000000000 0.00000000000 0.00000000000 0.00000000000
 0.00000000000 0.00000000000 0.00000000000 0.00000000000
 0.00000000000 0.00000000000 0.00000000000 0.00000000000
 0.00000000000 0.00000000000 0.00000000000 0.00000000000
 0.00000000000 0.00000000000 0.00000000000 0.00000000000
 0.00000000000 0.00000000000 0.00000000000 0.00000000000
 0.00000000000 0.00000000000 0.00000000000 0.00000000000
 0.00000000000 0.00000000000 0.00000000000 0.00000000000
 0.00000000000 0.00000000000 0.00000000000 0.00000000000
 0.00000000000 0.00000000000 0.00000000000 0.00000000000
 0.00000000000 0.00000000000 0.00000000000 0.00000000000
 0.00000000000 0.00000000000 0.00000000000 0.00000000000
# log_sel_spl_fsh[3]:
 0.00000000000 0.00000000000 0.00000000000 0.00000000000
 0.00000000000 0.00000000000 0.00000000000 0.00000000000
 0.00000000000 0.00000000000 0.00000000000 0.00000000000
 0.00000000000 0.00000000000 0.00000000000 0.00000000000
 0.00000000000 0.00000000000 0.00000000000 0.00000000000
 0.00000000000 0.00000000000 0.00000000000 0.00000000000
 0.00000000000 0.00000000000 0.00000000000 0.00000000000
 0.00000000000 0.00000000000 0.00000000000 0.00000000000
 0.00000000000 0.00000000000 0.00000000000 0.00000000000
 0.00000000000 0.00000000000 0.00000000000 0.00000000000
 0.00000000000 0.00000000000 0.00000000000 0.00000000000
 0.00000000000 0.00000000000 0.00000000000 0.00000000000
 0.00000000000 0.00000000000 0.00000000000 0.00000000000
 0.00000000000 0.00000000000 0.00000000000 0.00000000000
 0.00000000000 0.00000000000 0.00000000000 0.00000000000
 0.00000000000 0.00000000000 0.00000000000 0.00000000000
 0.00000000000 0.00000000000 0.00000000000 0.00000000000
 0.00000000000 0.00000000000 0.00000000000 0.00000000000
 0.00000000000 0.00000000000 0.00000000000 0.00000000000
# logsel_slope_fsh[1]:
 0.00000000000 0.00000000000 0.00000000000 0.00000000000 0.00000000000 0.00000000000
# logsel_slope_fsh[2]:
 0.00000000000 0.00000000000 0.00000000000 0.00000000000 0.00000000000 0.00000000000 0.00000000000 0.00000000000 0.00000000000 0.00000000000 0.00000000000 0.00000000000 0.00000000000 0.00000000000 0.00000000000 0.00000000000 0.00000000000 0.00000000000 0.00000000000 0.00000000000 0.00000000000 0.00000000000 0.00000000000 0.00000000000 0.00000000000 0.00000000000 0.00000000000 0.00000000000 0.00000000000 0.00000000000 0.00000000000 0.00000000000 0.00000000000 0.00000000000
# logsel_slope_fsh[3]:
 0.00000000000 0.00000000000 0.00000000000 0.00000000000 0.00000000000 0.00000000000 0.00000000000 0.00000000000 0.00000000000 0.00000000000 0.00000000000 0.00000000000 0.00000000000 0.00000000000 0.00000000000 0.00000000000 0.00000000000 0.00000000000 0.00000000000
# sel50_fsh[1]:
 0.00000000000 0.00000000000 0.00000000000 0.00000000000 0.00000000000 0.00000000000
# sel50_fsh[2]:
 0.00000000000 0.00000000000 0.00000000000 0.00000000000 0.00000000000 0.00000000000 0.00000000000 0.00000000000 0.00000000000 0.00000000000 0.00000000000 0.00000000000 0.00000000000 0.00000000000 0.00000000000 0.00000000000 0.00000000000 0.00000000000 0.00000000000 0.00000000000 0.00000000000 0.00000000000 0.00000000000 0.00000000000 0.00000000000 0.00000000000 0.00000000000 0.00000000000 0.00000000000 0.00000000000 0.00000000000 0.00000000000 0.00000000000 0.00000000000
# sel50_fsh[3]:
 0.00000000000 0.00000000000 0.00000000000 0.00000000000 0.00000000000 0.00000000000 0.00000000000 0.00000000000 0.00000000000 0.00000000000 0.00000000000 0.00000000000 0.00000000000 0.00000000000 0.00000000000 0.00000000000 0.00000000000 0.00000000000 0.00000000000
# logsel_p1_fsh[1]:
 0.00000000000 0.00000000000 0.00000000000 0.00000000000 0.00000000000 0.00000000000
# logsel_p1_fsh[2]:
 0.00000000000 0.00000000000 0.00000000000 0.00000000000 0.00000000000 0.00000000000 0.00000000000 0.00000000000 0.00000000000 0.00000000000 0.00000000000 0.00000000000 0.00000000000 0.00000000000 0.00000000000 0.00000000000 0.00000000000 0.00000000000 0.00000000000 0.00000000000 0.00000000000 0.00000000000 0.00000000000 0.00000000000 0.00000000000 0.00000000000 0.00000000000 0.00000000000 0.00000000000 0.00000000000 0.00000000000 0.00000000000 0.00000000000 0.00000000000
# logsel_p1_fsh[3]:
 0.00000000000 0.00000000000 0.00000000000 0.00000000000 0.00000000000 0.00000000000 0.00000000000 0.00000000000 0.00000000000 0.00000000000 0.00000000000 0.00000000000 0.00000000000 0.00000000000 0.00000000000 0.00000000000 0.00000000000 0.00000000000 0.00000000000
# logsel_p2_fsh[1]:
 0.00000000000 0.00000000000 0.00000000000 0.00000000000 0.00000000000 0.00000000000
# logsel_p2_fsh[2]:
 0.00000000000 0.00000000000 0.00000000000 0.00000000000 0.00000000000 0.00000000000 0.00000000000 0.00000000000 0.00000000000 0.00000000000 0.00000000000 0.00000000000 0.00000000000 0.00000000000 0.00000000000 0.00000000000 0.00000000000 0.00000000000 0.00000000000 0.00000000000 0.00000000000 0.00000000000 0.00000000000 0.00000000000 0.00000000000 0.00000000000 0.00000000000 0.00000000000 0.00000000000 0.00000000000 0.00000000000 0.00000000000 0.00000000000 0.00000000000
# logsel_p2_fsh[3]:
 0.00000000000 0.00000000000 0.00000000000 0.00000000000 0.00000000000 0.00000000000 0.00000000000 0.00000000000 0.00000000000 0.00000000000 0.00000000000 0.00000000000 0.00000000000 0.00000000000 0.00000000000 0.00000000000 0.00000000000 0.00000000000 0.00000000000
# logsel_p3_fsh[1]:
 0.00000000000 0.00000000000 0.00000000000 0.00000000000 0.00000000000 0.00000000000
# logsel_p3_fsh[2]:
 0.00000000000 0.00000000000 0.00000000000 0.00000000000 0.00000000000 0.00000000000 0.00000000000 0.00000000000 0.00000000000 0.00000000000 0.00000000000 0.00000000000 0.00000000000 0.00000000000 0.00000000000 0.00000000000 0.00000000000 0.00000000000 0.00000000000 0.00000000000 0.00000000000 0.00000000000 0.00000000000 0.00000000000 0.00000000000 0.00000000000 0.00000000000 0.00000000000 0.00000000000 0.00000000000 0.00000000000 0.00000000000 0.00000000000 0.00000000000
# logsel_p3_fsh[3]:
 0.00000000000 0.00000000000 0.00000000000 0.00000000000 0.00000000000 0.00000000000 0.00000000000 0.00000000000 0.00000000000 0.00000000000 0.00000000000 0.00000000000 0.00000000000 0.00000000000 0.00000000000 0.00000000000 0.00000000000 0.00000000000 0.00000000000
# rec_dev_future:
 0.00000000000 0.00000000000 0.00000000000 0.00000000000 0.00000000000 0.00000000000 0.00000000000 0.00000000000 0.00000000000 0.00000000000 0.00000000000 0.00000000000 0.00000000000 0.00000000000 0.00000000000 0.00000000000 0.00000000000 0.00000000000 0.00000000000 0.00000000000
# log_q_ind[1]:
-0.208003838226
# log_q_ind[2]:
-5.91706882068
# log_q_power_ind[1]:
0.00000000000
# log_q_power_ind[2]:
0.00000000000
# log_selcoffs_ind[1]:
 -7.68581102307 -5.70474869698 -4.24692359891 -2.82185808630 -1.62851530458 -0.948787172607 -0.0660929701749 0.641588211851 0.979568157936 1.34550653474
 -7.68056815511 -5.60392165429 -4.09730725660 -2.69357650450 -1.32598624025 -0.696597091700 0.0873826922143 0.400598133994 0.966648531494 1.36981690101
 -7.67180955070 -5.49077849876 -3.92399067534 -2.42853256570 -1.38503578797 -0.511230203025 -0.0278707867335 0.498195254838 0.927152311300 1.35888329371
 -7.65887912982 -5.40668269185 -3.90749269918 -2.72267999979 -1.82270221080 -0.896988144094 -0.195266564736 0.410964428000 1.09184341905 1.39357249581
 -7.64068914574 -5.21144089414 -3.61048091155 -2.68955228354 -1.88665355007 -1.32514445992 -0.598574579374 0.441981441662 0.891915505829 1.59667536538
 -7.61365729492 -5.04882899109 -3.57209196066 -2.81115223104 -2.01643942634 -1.30373607462 -0.803743465405 0.131078530610 0.927343749875 1.68356524334
 -7.55739795657 -4.67713228069 -3.16053488996 -2.41905418737 -1.43406256850 -0.794230932394 -0.544208172076 0.191537809974 0.788355653781 1.64428523843
 -7.48465205084 -3.96794885565 -1.67612057746 -1.59611395748 -1.40330007590 -1.07490070279 -0.806763451437 -0.0218421495617 0.784287028248 1.68419091511
 -7.40590905650 -3.81521781020 -1.69489816662 -1.32256539765 -1.17889077242 -0.932151644042 -0.717393019507 0.217845472438 0.730583480122 1.61308238264
 -7.33797917860 -3.75174956636 -1.45264372573 -0.808078816590 -0.891426498414 -0.888604092411 -0.718642174685 0.0487478969775 0.617270718315 1.62603502092
 -7.27181801979 -3.52893103760 -1.12998215856 -0.736246114515 -0.853705595237 -1.03081328911 -0.802718587347 0.0326967650413 0.556881315999 1.64072403114
 -7.20356779661 -3.29884920309 -1.23831595216 -0.952649691635 -1.11493812284 -0.882284925892 -0.586802987856 0.133230295221 0.497847444856 1.64888505529
 -7.13351854117 -2.94110269105 -0.972701661633 -0.694404710894 -1.05663393183 -0.866847222297 -0.677489065396 -0.198963594039 0.331649152457 1.71924790942
 -7.06211271085 -2.79811203918 -0.784429725371 -0.777369270272 -0.576567763127 -0.219064189657 0.00498185761997 0.131867211939 0.365994291273 1.40345453231
 -6.99035351323 -2.74728709290 -0.818850400720 -0.279687815927 -0.374073459680 -0.0178089674363 0.293084000824 0.175173979530 0.291724632161 1.16221333390
 -6.91524476473 -2.35602308770 -0.972463445208 -0.367178477555 -0.0384776931907 -0.0460896226956 0.464524624328 0.158614477015 0.182278428375 1.08284640221
 -6.93194205494 -1.45763707614 -0.802236998847 -0.380598822356 -0.316966208184 -0.152297331045 0.293608895094 0.113056387379 0.291313321330 1.17811176382
 -6.94676240361 -2.10506939220 -0.456649674022 -0.145128861441 -0.535868774626 -0.340004562070 0.0660379088641 0.0418721942807 0.338848959012 1.27189321633
 -6.96037530864 -2.15377465940 -0.109479089110 -0.231589633289 -1.09039447039 -0.834395056343 -0.382196939979 -0.140395719324 0.468558388535 1.45258487004
 -6.96891263375 -2.56205790474 -0.0550031499578 -0.207125826620 -1.31347086273 -1.08344633408 -0.575483879961 -0.234155312628 0.476961792021 1.52395805710
# log_selcoffs_ind[2]:
 0.00000000000 0.00000000000 0.00000000000 0.00000000000 0.00000000000 0.00000000000 0.00000000000 0.00000000000 0.00000000000 0.00000000000
# logsel_slope_ind[1]:
 0.00000000000 0.00000000000 0.00000000000 0.00000000000 0.00000000000 0.00000000000 0.00000000000 0.00000000000 0.00000000000 0.00000000000 0.00000000000 0.00000000000 0.00000000000 0.00000000000 0.00000000000 0.00000000000 0.00000000000 0.00000000000 0.00000000000 0.00000000000
# logsel_slope_ind[2]:
 0.00000000000
# sel50_ind[1]:
 0.00000000000 0.00000000000 0.00000000000 0.00000000000 0.00000000000 0.00000000000 0.00000000000 0.00000000000 0.00000000000 0.00000000000 0.00000000000 0.00000000000 0.00000000000 0.00000000000 0.00000000000 0.00000000000 0.00000000000 0.00000000000 0.00000000000 0.00000000000
# sel50_ind[2]:
 0.00000000000
# logsel_p1_ind[1]:
 0.00000000000 0.00000000000 0.00000000000 0.00000000000 0.00000000000 0.00000000000 0.00000000000 0.00000000000 0.00000000000 0.00000000000 0.00000000000 0.00000000000 0.00000000000 0.00000000000 0.00000000000 0.00000000000 0.00000000000 0.00000000000 0.00000000000 0.00000000000
# logsel_p1_ind[2]:
 0.00000000000
# sel_p2_ind[1]:
 0.00000000000 0.00000000000 0.00000000000 0.00000000000 0.00000000000 0.00000000000 0.00000000000 0.00000000000 0.00000000000 0.00000000000 0.00000000000 0.00000000000 0.00000000000 0.00000000000 0.00000000000 0.00000000000 0.00000000000 0.00000000000 0.00000000000 0.00000000000
# sel_p2_ind[2]:
 0.00000000000
# logsel_p3_ind[1]:
 0.00000000000 0.00000000000 0.00000000000 0.00000000000 0.00000000000 0.00000000000 0.00000000000 0.00000000000 0.00000000000 0.00000000000 0.00000000000 0.00000000000 0.00000000000 0.00000000000 0.00000000000 0.00000000000 0.00000000000 0.00000000000 0.00000000000 0.00000000000
# logsel_p3_ind[2]:
 0.00000000000
