# Number of parameters = 841 Objective function value = 152.611998718464  Maximum gradient component = 4.52044156124067e-05
# Mest[1]:
0.350000000000
# log_Linf[1]:
4.38701417618
# log_k[1]:
-1.83258146375
# log_Lo[1]:
2.75684036527
# log_sdage[1]:
-2.40794560865
# mean_log_rec[1]:
7.18210465238
# steepness[1]:
0.572766542574
# log_Rzero[1]:
7.58680410719
# rec_dev:
 -0.147640081251 -0.195621241338 -0.252971005056 -0.325456735305 -0.397657302275 -0.484020925109 -0.563004207879 -0.626368848808 -0.646266639023 -0.365358553038 0.0242641212710 0.497936034858 0.493702650217 0.574291573792 0.886292254054 0.669913842860 0.520926586768 0.421580123555 0.514140520434 0.551483906449 0.499404645953 0.475348163465 0.885963283223 0.543360135831 1.19918235542 0.257110966393 0.262989581325 0.377691925467 -0.256922335964 -0.432215185629 -0.281158809452 -0.645356521262 -0.325484666691 -0.155529734913 -0.382072594420 -0.547154313494 -0.586887503141 -0.274202936928 -0.508336867741 -0.219581529877 -0.327895774170 -0.553849794811 -0.582149027878 -0.245645326238 -0.0321256183787 -4.79676920406e-09
# log_sigmar[1]:
-0.223143551314
# fmort:
 -13.8312352756 -13.9435619658 -2.40060390286 -1.90400661677 -1.76403204240 -2.36492682003 -2.01302314669 -1.69259482421 -2.69121085877 -2.78431548527 -1.81337742762 -1.11999852702 -3.13033216683 -1.52972898128 -1.39057199192 -2.62771958992 -2.21497850670 -2.35532104314 -5.17942125654 -5.41161675589 -4.85117334825 -9.44227386759 -10.7340989201 -13.4645144765 -7.93144966866 -6.84767505806 -6.88908878244 -6.90514313693 -13.4308706720 -13.4681966782 -13.4278816505 -13.4379271092 -13.5903116096
 -2.84841368498 -2.06625366966 -2.80261725022 -2.89310986425 -2.91388612420 -2.66847354621 -3.10417568913 -2.86225526552 -3.11484248717 -3.08081260273 -2.96224283391 -2.75851636410 -2.69563662391 -2.96841971652 -2.48790610901 -2.66616806963 -2.49601856166 -2.27611018331 -1.79059079229 -1.22125905878 -0.963334557053 -0.854086665016 -1.09588848599 -1.08452958919 -0.938179967919 -0.830009251633 -1.04079663878 -0.903642988858 -1.06266595028 -1.47484413059 -1.52230601540 -1.75395344953 -2.68431889973
 -13.7062910224 -13.5209688834 -13.3426067719 -13.4163006767 -13.3925886595 -13.0638221139 -13.2125704484 -13.1505725219 -13.1385493454 -13.2198864907 -13.2198337404 -13.0919390956 -12.7466588131 -12.9024204507 -12.7903214875 -12.6787565639 -2.77108856621 -2.23062949700 -1.16767890068 -2.11333066929 -1.51392436281 -2.12872310195 -1.88395124127 -1.96173284667 -2.35911666477 -1.77039459911 -1.04744722956 -1.05497215674 -1.56576092170 -2.34814982009 -2.76680856191 -3.31286164963 -3.50063130016
# log_selcoffs_fsh[1]:
 -1.49943415647 -0.217507153634 0.219684418403 0.207980549392 0.205169013300 0.237138252269
 -1.75457589397 0.113312123744 0.424072412342 0.146980057572 0.0114893909217 0.00893923020075
 -2.10182387540 -0.490300440172 0.764696865777 0.262755042813 0.0109471174101 -0.216334336261
 -2.20562807122 -0.498190088261 0.520854073036 0.598310201538 0.0219512731186 -0.277747479059
 -2.15508914143 -0.105274277295 0.732594240826 0.339691128631 -0.172567841460 -0.419243945564
 -2.20070274181 -0.407798692384 0.705946416229 0.553655157932 -0.163585242165 -0.494780295862
# log_selcoffs_fsh[2]:
 -5.02033755350 -3.78892529985 -2.59900808292 -1.51431576140 -0.598947080601 0.0869293993525 0.512076282625 0.715938990877 0.774170384459 0.766681457272
 -5.16851788559 -3.88265144890 -2.62722078105 -1.51431760024 -0.517846677431 0.271124923015 0.577912248430 0.680719327866 0.707590536989 0.686889927973
 -5.26150996566 -3.94315806859 -2.66434682898 -1.44728247720 -0.500046634474 0.308506060257 0.582716813894 0.667538344986 0.695179494712 0.672067194003
 -5.31960483569 -3.93506946282 -2.64738851567 -1.44979720622 -0.501600825061 0.212103710504 0.535742200218 0.697336162523 0.739712064235 0.701029434393
 -5.36479483026 -3.95262141845 -2.65514722916 -1.48559785774 -0.485791587777 0.215639344029 0.494129003795 0.672185596294 0.754969129140 0.741207492234
 -5.41366561102 -3.96861579549 -2.64967923853 -1.49229009309 -0.515392950924 0.0971088753170 0.454647298484 0.693305020416 0.804449309267 0.774943507384
 -5.44586352119 -3.94400756571 -2.55190864082 -1.48148075321 -0.655987865526 -0.0788221775351 0.378980666304 0.702086997248 0.893087992226 0.835745462299
 -5.49134848933 -4.02609901872 -2.62486484490 -1.53580153467 -0.715411190557 -0.161504855319 0.347226117568 0.734245426904 0.902403341142 0.869568384982
 -5.51854003472 -4.10420463917 -2.80023582554 -1.61556554894 -0.750080453794 -0.195205566182 0.350992273175 0.746634305844 0.909798476230 0.879930461375
 -5.53325133369 -4.15007970156 -2.87746653440 -1.65832434422 -0.771604513645 -0.170852767174 0.403150498731 0.739463200559 0.868317500339 0.897756475389
 -5.51874621288 -4.21070907454 -2.92734722908 -1.66047479990 -0.786305107331 -0.172546827216 0.300844152148 0.664104917979 0.901963364641 0.986687864911
 -5.52688228174 -4.22869346572 -3.00070098186 -1.72767980839 -0.587379922544 -0.0583266558597 0.292597088871 0.604934800020 0.872606126131 0.989802636129
 -5.51972658144 -4.15808025562 -2.90130273580 -1.73759786753 -0.758973402538 -0.0354762128875 0.302168522045 0.625688889104 0.864709865691 1.00045876484
 -5.48468017483 -3.99135211299 -2.70550622622 -1.65489192422 -0.725867731044 -0.145801013113 0.263876834194 0.604079681456 0.875693688633 1.04349294384
 -5.48802587539 -4.02522237321 -2.70221807407 -1.63826439989 -0.745983466468 -0.145012776729 0.235688126994 0.595864223165 0.893328728822 1.04862518416
 -5.51958171136 -4.07190525805 -2.73836127809 -1.64960750948 -0.812410596420 -0.212365416660 0.266524563894 0.629660132416 0.925677325283 1.01657789503
 -5.54925998909 -4.08378318467 -2.69839324979 -1.59179350168 -0.815088577374 -0.289416758501 0.230346117803 0.700881404195 0.939479662072 0.987262839877
 -5.53490569292 -4.01154912852 -2.59564175947 -1.57044800663 -0.883612142794 -0.371591500086 0.159067861581 0.632439155506 0.996734686091 1.03972571570
 -5.53270840624 -3.94922067651 -2.52850758260 -1.43683409999 -0.723973640123 -0.262801400312 0.168885174788 0.616814593968 0.918027203996 1.05230873608
 -5.59198194217 -3.91467810504 -2.40607116843 -1.31661227630 -0.531400134736 -0.0850471277021 0.226410616973 0.635065922598 0.887357996378 0.932920786362
 -5.60420325060 -3.82034610873 -2.21311805020 -1.13546029328 -0.453863563430 -0.0425878278094 0.256605601823 0.575099638281 0.871504012443 0.912259465185
 -5.63000250217 -3.76959394086 -2.01600130167 -0.905092317064 -0.337044669510 -0.0142282430883 0.280218262548 0.561981899172 0.806613748158 0.882955615358
 -5.66495183870 -3.78530412952 -1.98488309527 -0.790934969967 -0.227267858228 0.0382560267808 0.303414228266 0.560113112472 0.755833107902 0.838363824791
 -5.65263957042 -3.81860195440 -2.11847571073 -0.967202504001 -0.364375578849 -0.0386212706225 0.275973353496 0.574836857269 0.837618488557 0.880422202978
 -5.61854201097 -3.80870300611 -2.08516334119 -0.901467270876 -0.351079642546 -0.0660944339774 0.194094865698 0.525574357913 0.818498111171 0.967450932264
 -5.57985302409 -3.80416314905 -2.16899203859 -0.954698155284 -0.405142563754 -0.0922588437395 0.145012833336 0.492397607824 0.819716805508 1.04162958126
 -5.51241701136 -3.76107347956 -2.19269881833 -1.07597073832 -0.460466241777 -0.142335015601 0.106834127838 0.412011948495 0.801843021365 1.15359106229
 -5.56046662648 -3.81430275360 -2.19239594749 -0.931255649948 -0.250150393330 0.0462651974351 0.178459160698 0.387779479604 0.726368716593 1.06668071772
 -5.49250765019 -3.73102673750 -2.10578793722 -0.940674228586 -0.350441052243 -0.136632871038 0.0602299978131 0.329514878463 0.752899058849 1.19622637971
 -5.41563520867 -3.62566234801 -2.03829673395 -0.960906798838 -0.505271225468 -0.279928096297 -0.0857380013299 0.238273089325 0.761885433624 1.32647640863
# log_selcoffs_fsh[3]:
 -5.82367208813 -4.72650901318 -3.66006485636 -2.64952285605 -1.71688111998 -0.893652932780 -0.233541330130 0.242423955378 0.673524752561 1.01335594383 1.25873339528
 -5.87123250890 -4.75570621736 -3.68864289569 -2.68544442292 -1.72233134045 -0.833780482396 -0.126938610887 0.355521044122 0.668726991562 1.00504713175 1.19113963036
 -5.87049106895 -4.57367369063 -3.39568335995 -2.26571183380 -1.22836143978 -0.594298073479 -0.0846431665431 0.303342366264 0.644479324225 0.962227124501 1.16599999601
 -5.83749660182 -4.13226963051 -2.68710614453 -1.77588479155 -1.15001254685 -0.608457291915 -0.145309387155 0.266267054537 0.635764872639 0.961832934161 1.16565126301
 -5.79040814295 -3.78049241335 -2.05779073302 -1.23355932154 -0.910264933422 -0.670200498375 -0.336230174725 0.0583346416420 0.545994950495 0.980730420055 1.24526686670
 -5.84312887927 -3.82489554672 -1.88611832714 -0.885480568955 -0.674190178473 -0.678477471158 -0.426317441498 0.00250590810557 0.514036240497 0.952956777004 1.24511544339
 -5.89868518634 -3.99975470427 -2.16974813165 -0.750216186073 -0.325730697235 -0.332938180526 -0.314302580406 -0.0190903170788 0.413605190510 0.865161622554 1.21033651153
 -5.94190021543 -4.10261343263 -2.34652302601 -0.933285894753 -0.160637972618 -0.0562880142159 -0.131298143655 -0.0458378982741 0.308392944984 0.797720341976 1.18819507402
 -5.94386752178 -4.06837038501 -2.32854451566 -1.01990301757 -0.316758416719 -0.0907938889911 -0.0929836452698 -0.00355333517572 0.298852508315 0.801560190158 1.22245243030
 -5.93406283337 -3.88343168727 -1.95537542608 -1.00070372161 -0.577950137273 -0.500605109554 -0.396793225144 -0.0895645583753 0.394112144994 0.925412157389 1.31039883073
 -5.91979414447 -3.77078292796 -2.08300250433 -1.21106853579 -0.946578232389 -0.814717524992 -0.559726025438 -0.0945003556924 0.489858194062 1.01262943698 1.34934689140
 -6.08210234603 -4.22911976295 -2.57148003515 -1.76667416401 -1.22863091881 -0.898902390821 -0.529919104633 0.0425008083875 0.613325494185 1.06949064785 1.29297033550
 -6.24631359101 -4.72971063991 -3.30268546211 -2.01032002342 -1.30264593106 -0.906310956418 -0.418023531226 0.133946534539 0.648775247471 1.06419732368 1.26109773983
 -6.36487828827 -4.94976238980 -3.55254495698 -2.21498301513 -1.35666572253 -0.979363187163 -0.539149743616 0.145154652888 0.677756404530 1.07353132675 1.27695633850
 -6.41812684722 -5.01092352471 -3.58716304892 -2.35777008010 -1.51676891653 -1.09733925978 -0.505699503829 0.0484273346502 0.680500890477 1.12840375443 1.28035860699
# log_sel_spl_fsh[1]:
 0.00000000000 0.00000000000 0.00000000000 0.00000000000
 0.00000000000 0.00000000000 0.00000000000 0.00000000000
 0.00000000000 0.00000000000 0.00000000000 0.00000000000
 0.00000000000 0.00000000000 0.00000000000 0.00000000000
 0.00000000000 0.00000000000 0.00000000000 0.00000000000
 0.00000000000 0.00000000000 0.00000000000 0.00000000000
# log_sel_spl_fsh[2]:
 0.00000000000 0.00000000000 0.00000000000 0.00000000000
 0.00000000000 0.00000000000 0.00000000000 0.00000000000
 0.00000000000 0.00000000000 0.00000000000 0.00000000000
 0.00000000000 0.00000000000 0.00000000000 0.00000000000
 0.00000000000 0.00000000000 0.00000000000 0.00000000000
 0.00000000000 0.00000000000 0.00000000000 0.00000000000
 0.00000000000 0.00000000000 0.00000000000 0.00000000000
 0.00000000000 0.00000000000 0.00000000000 0.00000000000
 0.00000000000 0.00000000000 0.00000000000 0.00000000000
 0.00000000000 0.00000000000 0.00000000000 0.00000000000
 0.00000000000 0.00000000000 0.00000000000 0.00000000000
 0.00000000000 0.00000000000 0.00000000000 0.00000000000
 0.00000000000 0.00000000000 0.00000000000 0.00000000000
 0.00000000000 0.00000000000 0.00000000000 0.00000000000
 0.00000000000 0.00000000000 0.00000000000 0.00000000000
 0.00000000000 0.00000000000 0.00000000000 0.00000000000
 0.00000000000 0.00000000000 0.00000000000 0.00000000000
 0.00000000000 0.00000000000 0.00000000000 0.00000000000
 0.00000000000 0.00000000000 0.00000000000 0.00000000000
 0.00000000000 0.00000000000 0.00000000000 0.00000000000
 0.00000000000 0.00000000000 0.00000000000 0.00000000000
 0.00000000000 0.00000000000 0.00000000000 0.00000000000
 0.00000000000 0.00000000000 0.00000000000 0.00000000000
 0.00000000000 0.00000000000 0.00000000000 0.00000000000
 0.00000000000 0.00000000000 0.00000000000 0.00000000000
 0.00000000000 0.00000000000 0.00000000000 0.00000000000
 0.00000000000 0.00000000000 0.00000000000 0.00000000000
 0.00000000000 0.00000000000 0.00000000000 0.00000000000
 0.00000000000 0.00000000000 0.00000000000 0.00000000000
 0.00000000000 0.00000000000 0.00000000000 0.00000000000
# log_sel_spl_fsh[3]:
 0.00000000000 0.00000000000 0.00000000000 0.00000000000
 0.00000000000 0.00000000000 0.00000000000 0.00000000000
 0.00000000000 0.00000000000 0.00000000000 0.00000000000
 0.00000000000 0.00000000000 0.00000000000 0.00000000000
 0.00000000000 0.00000000000 0.00000000000 0.00000000000
 0.00000000000 0.00000000000 0.00000000000 0.00000000000
 0.00000000000 0.00000000000 0.00000000000 0.00000000000
 0.00000000000 0.00000000000 0.00000000000 0.00000000000
 0.00000000000 0.00000000000 0.00000000000 0.00000000000
 0.00000000000 0.00000000000 0.00000000000 0.00000000000
 0.00000000000 0.00000000000 0.00000000000 0.00000000000
 0.00000000000 0.00000000000 0.00000000000 0.00000000000
 0.00000000000 0.00000000000 0.00000000000 0.00000000000
 0.00000000000 0.00000000000 0.00000000000 0.00000000000
 0.00000000000 0.00000000000 0.00000000000 0.00000000000
# logsel_slope_fsh[1]:
 0.00000000000 0.00000000000 0.00000000000 0.00000000000 0.00000000000 0.00000000000
# logsel_slope_fsh[2]:
 0.00000000000 0.00000000000 0.00000000000 0.00000000000 0.00000000000 0.00000000000 0.00000000000 0.00000000000 0.00000000000 0.00000000000 0.00000000000 0.00000000000 0.00000000000 0.00000000000 0.00000000000 0.00000000000 0.00000000000 0.00000000000 0.00000000000 0.00000000000 0.00000000000 0.00000000000 0.00000000000 0.00000000000 0.00000000000 0.00000000000 0.00000000000 0.00000000000 0.00000000000 0.00000000000
# logsel_slope_fsh[3]:
 0.00000000000 0.00000000000 0.00000000000 0.00000000000 0.00000000000 0.00000000000 0.00000000000 0.00000000000 0.00000000000 0.00000000000 0.00000000000 0.00000000000 0.00000000000 0.00000000000 0.00000000000
# sel50_fsh[1]:
 0.00000000000 0.00000000000 0.00000000000 0.00000000000 0.00000000000 0.00000000000
# sel50_fsh[2]:
 0.00000000000 0.00000000000 0.00000000000 0.00000000000 0.00000000000 0.00000000000 0.00000000000 0.00000000000 0.00000000000 0.00000000000 0.00000000000 0.00000000000 0.00000000000 0.00000000000 0.00000000000 0.00000000000 0.00000000000 0.00000000000 0.00000000000 0.00000000000 0.00000000000 0.00000000000 0.00000000000 0.00000000000 0.00000000000 0.00000000000 0.00000000000 0.00000000000 0.00000000000 0.00000000000
# sel50_fsh[3]:
 0.00000000000 0.00000000000 0.00000000000 0.00000000000 0.00000000000 0.00000000000 0.00000000000 0.00000000000 0.00000000000 0.00000000000 0.00000000000 0.00000000000 0.00000000000 0.00000000000 0.00000000000
# logsel_p1_fsh[1]:
 0.00000000000 0.00000000000 0.00000000000 0.00000000000 0.00000000000 0.00000000000
# logsel_p1_fsh[2]:
 0.00000000000 0.00000000000 0.00000000000 0.00000000000 0.00000000000 0.00000000000 0.00000000000 0.00000000000 0.00000000000 0.00000000000 0.00000000000 0.00000000000 0.00000000000 0.00000000000 0.00000000000 0.00000000000 0.00000000000 0.00000000000 0.00000000000 0.00000000000 0.00000000000 0.00000000000 0.00000000000 0.00000000000 0.00000000000 0.00000000000 0.00000000000 0.00000000000 0.00000000000 0.00000000000
# logsel_p1_fsh[3]:
 0.00000000000 0.00000000000 0.00000000000 0.00000000000 0.00000000000 0.00000000000 0.00000000000 0.00000000000 0.00000000000 0.00000000000 0.00000000000 0.00000000000 0.00000000000 0.00000000000 0.00000000000
# logsel_p2_fsh[1]:
 0.00000000000 0.00000000000 0.00000000000 0.00000000000 0.00000000000 0.00000000000
# logsel_p2_fsh[2]:
 0.00000000000 0.00000000000 0.00000000000 0.00000000000 0.00000000000 0.00000000000 0.00000000000 0.00000000000 0.00000000000 0.00000000000 0.00000000000 0.00000000000 0.00000000000 0.00000000000 0.00000000000 0.00000000000 0.00000000000 0.00000000000 0.00000000000 0.00000000000 0.00000000000 0.00000000000 0.00000000000 0.00000000000 0.00000000000 0.00000000000 0.00000000000 0.00000000000 0.00000000000 0.00000000000
# logsel_p2_fsh[3]:
 0.00000000000 0.00000000000 0.00000000000 0.00000000000 0.00000000000 0.00000000000 0.00000000000 0.00000000000 0.00000000000 0.00000000000 0.00000000000 0.00000000000 0.00000000000 0.00000000000 0.00000000000
# logsel_p3_fsh[1]:
 0.00000000000 0.00000000000 0.00000000000 0.00000000000 0.00000000000 0.00000000000
# logsel_p3_fsh[2]:
 0.00000000000 0.00000000000 0.00000000000 0.00000000000 0.00000000000 0.00000000000 0.00000000000 0.00000000000 0.00000000000 0.00000000000 0.00000000000 0.00000000000 0.00000000000 0.00000000000 0.00000000000 0.00000000000 0.00000000000 0.00000000000 0.00000000000 0.00000000000 0.00000000000 0.00000000000 0.00000000000 0.00000000000 0.00000000000 0.00000000000 0.00000000000 0.00000000000 0.00000000000 0.00000000000
# logsel_p3_fsh[3]:
 0.00000000000 0.00000000000 0.00000000000 0.00000000000 0.00000000000 0.00000000000 0.00000000000 0.00000000000 0.00000000000 0.00000000000 0.00000000000 0.00000000000 0.00000000000 0.00000000000 0.00000000000
# rec_dev_future:
 0.00000000000 0.00000000000 0.00000000000 0.00000000000 0.00000000000 0.00000000000 0.00000000000 0.00000000000 0.00000000000 0.00000000000 0.00000000000 0.00000000000 0.00000000000 0.00000000000 0.00000000000 0.00000000000 0.00000000000 0.00000000000 0.00000000000 0.00000000000
# log_q_ind[1]:
-0.406682431022
# log_q_ind[2]:
-5.95100691742
# log_q_power_ind[1]:
0.00000000000
# log_q_power_ind[2]:
0.00000000000
# log_selcoffs_ind[1]:
 -7.80338243992 -5.59058016102 -4.10013871474 -2.66941012087 -1.47676015203 -0.828525778021 0.0411190656128 0.685692748493 0.964635499478 1.27925816715
 -7.79993233101 -5.49502605795 -3.95403360416 -2.53890870885 -1.17569599138 -0.554812808177 0.191875259794 0.470619949628 0.945396481821 1.28874496701
 -7.79423026108 -5.38641581881 -3.79078956418 -2.27466972610 -1.22842840183 -0.366550280989 0.105983376325 0.566179530284 0.922935090418 1.25097092527
 -7.78600996413 -5.30572211119 -3.77792770923 -2.58378390632 -1.65676626702 -0.733419237939 -0.0501837128731 0.517870189306 1.08980345432 1.28704053976
 -7.77438034415 -5.11469563098 -3.47740273687 -2.55450723786 -1.74062964990 -1.14721521973 -0.430555128380 0.570414487508 0.935584241356 1.48708354030
 -7.75834699599 -4.95843722634 -3.43402140754 -2.67176609405 -1.88309056512 -1.15941506468 -0.638458055483 0.250872441453 0.972846763640 1.60274679496
 -7.72297556166 -4.60770609855 -3.00475104531 -2.26894444948 -1.30225911064 -0.664801646838 -0.422594971900 0.276052150121 0.828352412502 1.56601128250
 -7.67729755260 -3.95555673573 -1.52233773456 -1.43338938943 -1.25721452514 -0.947308426087 -0.690152663646 0.0617237598668 0.815526932422 1.61460959945
 -7.62816161962 -3.91590552723 -1.59112812782 -1.18107836487 -1.03205660587 -0.803688501292 -0.615668449137 0.283766627364 0.732656220176 1.55096036917
 -7.59016809781 -4.01642708280 -1.46364842800 -0.709431223031 -0.761829140528 -0.757977843049 -0.612574113424 0.112850707540 0.614533243482 1.57122207393
 -7.55268365159 -3.99912649742 -1.32998387903 -0.764916532265 -0.788789727783 -0.934111178830 -0.697647883639 0.114853988283 0.568198364947 1.61331271645
 -7.50751635616 -4.00106629245 -1.67993231457 -1.20322396016 -1.21914100308 -0.882568851339 -0.526343714199 0.214462673118 0.534032985998 1.65814924841
 -7.45093131430 -3.85852966637 -1.71444266019 -1.20443112922 -1.41908744421 -1.07989916473 -0.740637178293 -0.176554872556 0.418664533601 1.80532304823
 -7.38318351654 -3.87991889735 -1.66838947355 -1.51543024548 -1.16883733567 -0.683780600916 -0.238673058998 0.0748562275520 0.537142242314 1.64451870277
 -7.30710979996 -4.01568773618 -1.69709356929 -1.11354644894 -1.17169536929 -0.691255179663 -0.113120480979 0.0453081796521 0.616241237030 1.58259191186
 -7.21767045766 -3.94425583557 -1.85575894474 -1.21883178627 -0.932047253288 -0.951985156854 -0.0218041428786 -0.102610026484 0.597464773312 1.61935945000
# log_selcoffs_ind[2]:
 0.00000000000 0.00000000000 0.00000000000 0.00000000000 0.00000000000 0.00000000000 0.00000000000 0.00000000000 0.00000000000 0.00000000000
# logsel_slope_ind[1]:
 0.00000000000 0.00000000000 0.00000000000 0.00000000000 0.00000000000 0.00000000000 0.00000000000 0.00000000000 0.00000000000 0.00000000000 0.00000000000 0.00000000000 0.00000000000 0.00000000000 0.00000000000 0.00000000000
# logsel_slope_ind[2]:
 0.00000000000
# sel50_ind[1]:
 0.00000000000 0.00000000000 0.00000000000 0.00000000000 0.00000000000 0.00000000000 0.00000000000 0.00000000000 0.00000000000 0.00000000000 0.00000000000 0.00000000000 0.00000000000 0.00000000000 0.00000000000 0.00000000000
# sel50_ind[2]:
 0.00000000000
# logsel_p1_ind[1]:
 0.00000000000 0.00000000000 0.00000000000 0.00000000000 0.00000000000 0.00000000000 0.00000000000 0.00000000000 0.00000000000 0.00000000000 0.00000000000 0.00000000000 0.00000000000 0.00000000000 0.00000000000 0.00000000000
# logsel_p1_ind[2]:
 0.00000000000
# sel_p2_ind[1]:
 0.00000000000 0.00000000000 0.00000000000 0.00000000000 0.00000000000 0.00000000000 0.00000000000 0.00000000000 0.00000000000 0.00000000000 0.00000000000 0.00000000000 0.00000000000 0.00000000000 0.00000000000 0.00000000000
# sel_p2_ind[2]:
 0.00000000000
# logsel_p3_ind[1]:
 0.00000000000 0.00000000000 0.00000000000 0.00000000000 0.00000000000 0.00000000000 0.00000000000 0.00000000000 0.00000000000 0.00000000000 0.00000000000 0.00000000000 0.00000000000 0.00000000000 0.00000000000 0.00000000000
# logsel_p3_ind[2]:
 0.00000000000
