# Number of parameters = 880 Objective function value = 363.109410168857  Maximum gradient component = 0.000156061221601159
# Mest[1]:
0.270000000000
# log_Linf[1]:
4.38701417618
# log_k[1]:
-1.83258146375
# log_Lo[1]:
2.75684036527
# log_sdage[1]:
-2.40794560865
# mean_log_rec[1]:
8.28686771408
# steepness[1]:
0.610000000000
# log_Rzero[1]:
8.18643599151
# rec_dev:
 -0.273785830846 -0.331540185354 -0.398723465341 -0.196868668640 0.244573463136 0.196907926747 0.496746524328 0.441983644821 0.457221926424 0.292869408315 0.511830988020 0.422165597156 0.675501661720 1.02744901482 1.06175200592 0.827355502469 0.570799378807 0.449546509230 0.462447884286 0.381697142875 0.452423435583 0.291871100420 0.0422003592312 0.243545912833 0.241249440702 0.477040278782 0.381978945818 0.335249519306 0.222463822956 0.126455079131 0.0269158319613 -0.0592143324109 0.0184309599075 -0.0645099099935 -0.0448781208068 -0.0163336784262 -0.0698082177994 -0.211601778796 -0.381110511359 -0.535392728297 -0.583310844159 -0.691994928975 -0.629394858262 -0.622772570106 -0.734481451635 -0.757456531412 -0.724908032387 -0.603485407525 -0.617182453532 -0.299273453639 -0.0781246754385 -0.0973278332939 0.0296897236132
# log_sigmar[1]:
-0.223143551314
# fmort:
 -1.55517441460 -1.70312864685 -1.69929422935 -1.61872208114 -2.25941325131 -2.42743071296 -2.36219187211 -2.41335398467 -1.87100160296 -1.62983297432 -2.15781540857 -1.89461748713 -2.17656550649 -2.51472879446 -1.94643655599 -1.94660333891 -1.67944047517 -1.60694633714 -1.62861932358 -1.73336127180 -1.82667188166 -1.86266549867 -2.24045253250 -2.22142454634 -2.46645556121 -2.71137955683 -2.57440764450 -3.67910388315 -2.35486630012 -2.85382681669 -3.74602319578 -3.73846781175 -2.66079954773 -2.90974472327 -2.97977557695 -3.66088389760 -4.85765022433 -4.42235736179 -5.17552645900 -5.43952315932 -4.93820430017 -3.97291138241 -3.85834760150 -4.07375701465
 -12.5998412783 -12.4776424455 -12.3982651620 -12.3374000186 -5.35722113665 -5.34155036126 -4.29841231521 -4.24701565339 -3.53239262934 -2.80840894105 -3.61977821913 -2.58916025626 -2.54787711162 -2.66347044523 -2.99455302490 -4.56718231809 -3.98298714496 -3.92321116474 -3.66469009085 -3.47590991033 -3.00569804396 -3.43216872955 -3.19095982162 -2.39547524364 -3.87285569064 -2.47809323539 -1.70546379492 -2.41373444670 -2.42133667494 -2.18684186003 -2.38098959352 -1.86770912950 -1.88097977701 -2.87051963856 -3.12315354073 -2.55933435494 -2.98582456132 -2.75543602871 -2.95404466962 -2.88532355544 -2.93377248878 -3.11156348655 -2.71505730291 -3.03761164275
 -12.5735186472 -12.3521934717 -12.1897979883 -12.0575981171 -12.0107693919 -12.0670326873 -12.1475930341 -12.2410084655 -12.2981953977 -3.72568505139 -1.12550602050 -0.779791039538 -0.730559264318 -0.807934397614 -1.46441147682 -1.99212403329 -2.66892445594 -2.10868092987 -2.28366308629 -2.50427542042 -2.39862460752 -2.01651304757 -1.75518700163 -2.12778127585 -1.98973283791 -1.55657526071 -1.26765208657 -2.19965768800 -2.79216153047 -2.34762825235 -2.23254412185 -2.07274655546 -2.54376293284 -2.88994651931 -2.54020986210 -3.16887891291 -4.64500259142 -3.29274728310 -3.17208240115 -3.19447370359 -3.15751273616 -2.79568301760 -3.11985714068 -3.42585101082
# log_selcoffs_fsh[1]:
 -2.50970986571 -1.57935842332 -0.631402173579 0.0393528767971 0.536478539115 0.888155994483
 -2.69460879248 -1.54677585174 -0.591485912460 0.0814544479068 0.507651721393 0.883661968330
 -2.94330772675 -1.59705803023 -0.590416648433 0.116993040235 0.547006457175 0.849525724249
 -3.07994836568 -1.67002181876 -0.544729696637 0.0939102188132 0.592055413878 0.824015532574
 -3.12272925724 -1.69462752403 -0.565898858027 0.0474616196060 0.515481237088 0.908821310347
 -3.31650185819 -1.86098832710 -0.764231208769 -0.0379269279517 0.462155105715 1.02684241214
 -3.44891455351 -2.19783107458 -1.10129071818 -0.199945014332 0.500162724667 1.11742391227
 -3.50734018147 -2.19513368408 -1.13713653196 -0.126742738306 0.536082652690 1.08102027659
 -3.45691284374 -2.23778147631 -1.23566944145 -0.308574514347 0.612418305400 1.09586088767
 -3.41237898056 -1.80723659381 -0.735549780531 -0.00550035209646 0.462774493001 1.00821277426
 -3.35578951811 -1.58520541609 -0.298530574373 0.186432802744 0.481077401650 0.786430138185
 -3.17469309653 -1.42023490223 -0.244895574722 0.225611967416 0.429833135736 0.762514215941
 -3.09574021913 -1.40757016687 -0.402968684773 0.215917932396 0.523377249069 0.748094444443
 -3.12474113474 -1.60347527773 -0.505710181675 0.257580095128 0.638301646229 0.675349846516
 -3.03946623580 -1.69336621485 -0.526304366499 0.193287289231 0.606207720855 0.756478450341
 -2.89686781538 -1.66052002084 -0.597168034884 0.105493778647 0.578373387656 0.837248117684
 -3.03862293510 -1.79578114699 -0.704462209436 0.0630599576765 0.569516578448 0.899845878918
 -2.99739715093 -1.79557171475 -0.741177852351 -0.0287562470673 0.491157345278 0.993858450886
 -3.15753947361 -1.81729281835 -0.541418256556 0.172606454340 0.577790105025 0.807630569058
 -2.99523388317 -1.72881903029 -0.467698608093 0.173219354579 0.531970748108 0.812985048617
 -2.83100832792 -1.59558456018 -0.586840899009 0.0659338186632 0.476080959985 0.917995762910
 -3.19309523091 -1.95691874022 -0.840348770523 0.0303041808638 0.624841923050 0.911231394713
 -3.51090283965 -2.26366848021 -1.17259548671 -0.144558949584 0.707037344587 0.979536319549
 -3.82006330743 -2.53252875097 -1.31123985328 -0.197939457294 0.698586734434 1.02883398346
 -4.12412858879 -2.71027026097 -1.28253111902 -0.170703316417 0.734241746030 0.998053649288
 -4.34304633937 -2.94811541625 -1.55287767285 -0.293863143650 0.713828966808 1.07696425944
 -4.42155036332 -3.05067308495 -1.82101723274 -0.635791148168 0.442862619164 1.30620123082
 -4.64911626351 -3.33704232711 -2.06600960913 -0.786683518550 0.451183059374 1.33570522136
 -4.87211566497 -3.54199953856 -2.19925714707 -0.849192219177 0.470018275990 1.34148484152
 -5.07086358594 -3.68319231535 -2.21900154024 -0.786276124346 0.451843508641 1.34367877280
 -5.30638527130 -3.85994421522 -2.28497423494 -0.676431716647 0.618299416134 1.25504521317
 -5.33847845721 -3.87151257724 -2.32384758349 -0.808486009409 0.381477149436 1.37788300060
 -5.50017791820 -4.01301412898 -2.39592752525 -0.767125529618 0.579686420483 1.29113788386
 -5.59367228784 -4.09602308196 -2.39983050198 -0.627573497161 0.658067286678 1.23079902303
# log_selcoffs_fsh[2]:
 -1.86729863474 -1.12791213485 -0.448049668148 0.0813247921995 0.399469222549 0.497178529232 0.508650891696
 -1.87620873909 -1.13621831067 -0.457033775217 0.0765245139900 0.394699706928 0.506778713700 0.512367161819
 -1.89349805182 -1.14872064293 -0.464593622281 0.0718515724623 0.399764654403 0.504172952569 0.520243781731
 -1.92174040138 -1.16971701198 -0.479727728932 0.0615191510927 0.399830417089 0.518058018681 0.524997295274
 -1.95935078738 -1.19476866725 -0.495163698518 0.0530887327794 0.402136683933 0.527878050055 0.531765812362
 -2.00403020885 -1.22728193272 -0.519442864381 0.0391996033910 0.395803374442 0.536466779326 0.554895768051
 -2.05705478180 -1.26532481315 -0.548721790769 0.0139203113271 0.380356581616 0.550801282537 0.588269069085
 -2.12321567737 -1.30535213180 -0.574109047622 -0.00846566595218 0.366883267603 0.560956300821 0.619997400337
 -2.20425569712 -1.34612623465 -0.592030750773 -0.0256700538714 0.350249682286 0.567327336724 0.651591678667
 -2.30302894795 -1.38438310124 -0.596702911485 -0.0302850473221 0.331692792051 0.564699214371 0.681342587880
 -2.42847748646 -1.42212404813 -0.584009550249 -0.0215935574339 0.321747822132 0.553815688950 0.700577499281
 -2.58567506302 -1.45373265245 -0.557786638600 0.00774995419136 0.310869749129 0.537188957190 0.710447761960
 -2.78367297249 -1.46589225326 -0.515810444685 0.00478280887222 0.321036955520 0.521177798543 0.714389868277
 -3.06881941716 -1.82358530293 -0.752501541762 -0.0248009884407 0.380471565906 0.566476924520 0.751588314849
 -3.18133255395 -2.04230872348 -1.01410839405 -0.286212781045 0.299441512962 0.630428376953 0.911234869662
 -3.22812366974 -2.00410504136 -0.909415051174 -0.124063234808 0.322757588934 0.598883486612 0.849504339713
 -3.23734019838 -2.02414233755 -0.946677768715 0.00132075408803 0.458970564786 0.596314143324 0.713643614919
 -3.04727671861 -1.88519497258 -0.821243137238 -0.0542592500307 0.365467912461 0.610349110072 0.756769348355
 -2.85528815294 -1.71377085895 -0.586494878939 0.0288110088912 0.364402114547 0.538987959778 0.704506311329
 -2.51760559788 -1.40906567787 -0.264346758318 0.156013265778 0.239257503701 0.409373606124 0.674090275042
 -2.44092786231 -1.44296537921 -0.584507232734 -0.0196238402071 0.302574398019 0.642957523636 0.633030473128
 -2.33988350553 -1.26547369951 -0.517749415846 0.00256252202300 0.422105754601 0.534981540365 0.582518973861
 -2.46180007173 -1.28621891081 -0.557121438143 0.0690354466586 0.517231792593 0.569966911251 0.437279378997
 -2.55883689284 -1.03236109129 -0.246398918182 0.216856072619 0.464226962238 0.426876936257 0.350245825683
 -2.79514665206 -1.02779752781 -0.0477330738735 0.292863478257 0.477861703556 0.391382865019 0.178819406167
 -3.03703912216 -1.23068881058 -0.190730388951 0.227731864227 0.575237079810 0.497780877862 0.144281660870
 -3.36596789509 -1.68047397291 -0.358335181670 0.255423389273 0.629121480583 0.523340783741 0.203529040271
 -3.70682674670 -1.99460518056 -0.307030800203 0.428161905007 0.638608142856 0.384009774531 0.188396527125
 -3.93583569021 -2.20810964155 -0.499782275744 0.276567513680 0.604037832007 0.519228194180 0.361222503500
 -4.08527345623 -2.47181013786 -0.962079892843 0.0126970307894 0.495403905773 0.760679771405 0.544056968607
 -4.24072123510 -2.65897648070 -1.19988192696 -0.142224072346 0.534542028611 0.793469530484 0.603881653959
 -4.43977509934 -2.73467072986 -1.12317754284 -0.0753358710975 0.553989314741 0.803742015711 0.528593130109
 -4.48963998363 -2.60654154888 -0.718283179742 0.0580972881923 0.467626408229 0.653143640217 0.615081005923
 -4.48534495390 -2.62420016623 -0.885243693027 0.0186587983040 0.454180114820 0.665528337130 0.675177705715
# log_selcoffs_fsh[3]:
 -4.42746154759 -3.29052555028 -2.22514052812 -1.31385288330 -0.623527815360 -0.230221972854 -0.00222527672719 0.270090121553 0.541120452326 0.838136666141 1.06668604242
 -4.80268282789 -3.62990544108 -2.52357393182 -1.57759163104 -0.887578066598 -0.446910807543 -0.0269885465918 0.332503330990 0.706463030224 0.929955268634 0.992638335617
 -5.21715596297 -3.96414822415 -2.73776517649 -1.61416102908 -0.938441366841 -0.385304638327 0.0957274996715 0.454166184083 0.774013852974 0.883717503575 0.865708587763
 -5.39424666278 -3.87273656067 -2.37417841650 -1.43306811054 -0.739492450634 -0.308752357686 -0.147520198295 0.0520830885338 0.406692514880 0.863663029856 1.29233720753
 -5.59789384407 -3.84946893771 -2.12357539167 -1.21155858134 -0.496008127598 0.110448301889 0.326070675762 0.391352382442 0.522081714954 0.663727122335 0.850103442295
 -5.78428091373 -4.14296479924 -2.65884027156 -1.53382581231 -0.750412932984 -0.0573994809765 0.255361383981 0.546171562245 0.745449087898 0.730400823446 0.731436539504
 -5.97005390308 -4.13215613021 -2.43154289313 -1.30086330655 -0.523437939109 -0.0994028308084 0.187978267973 0.393640460952 0.689589342932 0.812756443782 0.782602680568
 -6.18807067932 -4.53514934973 -3.01523779748 -1.77990796466 -0.748147644751 -0.178390980995 -0.00449441514176 0.340076548649 0.807672861806 0.904557986813 0.852533663647
 -6.40804339544 -4.72401322820 -2.95069736066 -1.24559583896 -0.265832977233 -0.161232671544 -0.357253692390 -0.0437330640896 0.674126408320 0.925659107087 1.06093986114
 -6.70953076333 -5.05544934842 -3.29395016057 -1.51937831319 -0.657732063319 -0.308350316740 -0.0246572625680 0.738915144840 1.21451258697 0.577960732593 0.233814124914
 -6.86618204438 -5.26401458949 -3.66248022341 -2.15468597617 -0.912321074727 -0.0537594782604 0.485862439513 0.845826571233 0.904403709069 0.600559841674 0.226216252431
 -7.02291774745 -5.45908770351 -3.88517487291 -2.31121711624 -0.807246200953 0.0865320687058 0.419976384823 0.828900870913 1.01921714207 0.514870170610 0.0783718515551
 -7.17033612043 -5.59388231160 -4.02765706110 -2.44844032466 -0.835955544909 0.258471965579 0.772719878351 0.981279189423 0.710831754318 0.334129529676 -0.108774204485
 -7.29758944353 -5.65009167728 -4.00440130108 -2.33433125213 -0.674632131609 0.428532305016 0.791304751877 0.854248324315 0.694811345515 0.289782935325 -0.0608132937955
 -7.42619806502 -5.66583290723 -3.82335507208 -1.90836873151 -0.382350714009 0.628138064888 0.944889784003 0.692002392025 0.481698816357 0.178341580318 -0.122060267070
 -7.50003038401 -5.70009513111 -3.90966428994 -2.16521831442 -0.614749437479 0.633765849714 1.00124486922 0.734059094932 0.428069947909 0.135712304888 -0.0502162050752
 -7.59285204655 -5.73000426970 -3.84693215617 -1.97612732921 -0.342412170964 0.769624924903 1.13933942773 0.631338258843 0.173205857768 -0.0249729694970 -0.225633054441
 -7.63390780272 -5.72524672956 -3.83199317175 -2.06646036565 -0.595211379955 0.424092222198 0.928115276073 0.718634539339 0.528013083096 0.291927666657 0.141823018815
 -7.68831780354 -5.74277352863 -3.69722920353 -1.67130938391 -0.220183081449 0.546173713324 0.707552200533 0.584789892886 0.471285203410 0.417298411761 0.270788621915
# log_sel_spl_fsh[1]:
 0.00000000000 0.00000000000 0.00000000000 0.00000000000
 0.00000000000 0.00000000000 0.00000000000 0.00000000000
 0.00000000000 0.00000000000 0.00000000000 0.00000000000
 0.00000000000 0.00000000000 0.00000000000 0.00000000000
 0.00000000000 0.00000000000 0.00000000000 0.00000000000
 0.00000000000 0.00000000000 0.00000000000 0.00000000000
 0.00000000000 0.00000000000 0.00000000000 0.00000000000
 0.00000000000 0.00000000000 0.00000000000 0.00000000000
 0.00000000000 0.00000000000 0.00000000000 0.00000000000
 0.00000000000 0.00000000000 0.00000000000 0.00000000000
 0.00000000000 0.00000000000 0.00000000000 0.00000000000
 0.00000000000 0.00000000000 0.00000000000 0.00000000000
 0.00000000000 0.00000000000 0.00000000000 0.00000000000
 0.00000000000 0.00000000000 0.00000000000 0.00000000000
 0.00000000000 0.00000000000 0.00000000000 0.00000000000
 0.00000000000 0.00000000000 0.00000000000 0.00000000000
 0.00000000000 0.00000000000 0.00000000000 0.00000000000
 0.00000000000 0.00000000000 0.00000000000 0.00000000000
 0.00000000000 0.00000000000 0.00000000000 0.00000000000
 0.00000000000 0.00000000000 0.00000000000 0.00000000000
 0.00000000000 0.00000000000 0.00000000000 0.00000000000
 0.00000000000 0.00000000000 0.00000000000 0.00000000000
 0.00000000000 0.00000000000 0.00000000000 0.00000000000
 0.00000000000 0.00000000000 0.00000000000 0.00000000000
 0.00000000000 0.00000000000 0.00000000000 0.00000000000
 0.00000000000 0.00000000000 0.00000000000 0.00000000000
 0.00000000000 0.00000000000 0.00000000000 0.00000000000
 0.00000000000 0.00000000000 0.00000000000 0.00000000000
 0.00000000000 0.00000000000 0.00000000000 0.00000000000
 0.00000000000 0.00000000000 0.00000000000 0.00000000000
 0.00000000000 0.00000000000 0.00000000000 0.00000000000
 0.00000000000 0.00000000000 0.00000000000 0.00000000000
 0.00000000000 0.00000000000 0.00000000000 0.00000000000
 0.00000000000 0.00000000000 0.00000000000 0.00000000000
# log_sel_spl_fsh[2]:
 0.00000000000 0.00000000000 0.00000000000 0.00000000000
 0.00000000000 0.00000000000 0.00000000000 0.00000000000
 0.00000000000 0.00000000000 0.00000000000 0.00000000000
 0.00000000000 0.00000000000 0.00000000000 0.00000000000
 0.00000000000 0.00000000000 0.00000000000 0.00000000000
 0.00000000000 0.00000000000 0.00000000000 0.00000000000
 0.00000000000 0.00000000000 0.00000000000 0.00000000000
 0.00000000000 0.00000000000 0.00000000000 0.00000000000
 0.00000000000 0.00000000000 0.00000000000 0.00000000000
 0.00000000000 0.00000000000 0.00000000000 0.00000000000
 0.00000000000 0.00000000000 0.00000000000 0.00000000000
 0.00000000000 0.00000000000 0.00000000000 0.00000000000
 0.00000000000 0.00000000000 0.00000000000 0.00000000000
 0.00000000000 0.00000000000 0.00000000000 0.00000000000
 0.00000000000 0.00000000000 0.00000000000 0.00000000000
 0.00000000000 0.00000000000 0.00000000000 0.00000000000
 0.00000000000 0.00000000000 0.00000000000 0.00000000000
 0.00000000000 0.00000000000 0.00000000000 0.00000000000
 0.00000000000 0.00000000000 0.00000000000 0.00000000000
 0.00000000000 0.00000000000 0.00000000000 0.00000000000
 0.00000000000 0.00000000000 0.00000000000 0.00000000000
 0.00000000000 0.00000000000 0.00000000000 0.00000000000
 0.00000000000 0.00000000000 0.00000000000 0.00000000000
 0.00000000000 0.00000000000 0.00000000000 0.00000000000
 0.00000000000 0.00000000000 0.00000000000 0.00000000000
 0.00000000000 0.00000000000 0.00000000000 0.00000000000
 0.00000000000 0.00000000000 0.00000000000 0.00000000000
 0.00000000000 0.00000000000 0.00000000000 0.00000000000
 0.00000000000 0.00000000000 0.00000000000 0.00000000000
 0.00000000000 0.00000000000 0.00000000000 0.00000000000
 0.00000000000 0.00000000000 0.00000000000 0.00000000000
 0.00000000000 0.00000000000 0.00000000000 0.00000000000
 0.00000000000 0.00000000000 0.00000000000 0.00000000000
 0.00000000000 0.00000000000 0.00000000000 0.00000000000
# log_sel_spl_fsh[3]:
 0.00000000000 0.00000000000 0.00000000000 0.00000000000
 0.00000000000 0.00000000000 0.00000000000 0.00000000000
 0.00000000000 0.00000000000 0.00000000000 0.00000000000
 0.00000000000 0.00000000000 0.00000000000 0.00000000000
 0.00000000000 0.00000000000 0.00000000000 0.00000000000
 0.00000000000 0.00000000000 0.00000000000 0.00000000000
 0.00000000000 0.00000000000 0.00000000000 0.00000000000
 0.00000000000 0.00000000000 0.00000000000 0.00000000000
 0.00000000000 0.00000000000 0.00000000000 0.00000000000
 0.00000000000 0.00000000000 0.00000000000 0.00000000000
 0.00000000000 0.00000000000 0.00000000000 0.00000000000
 0.00000000000 0.00000000000 0.00000000000 0.00000000000
 0.00000000000 0.00000000000 0.00000000000 0.00000000000
 0.00000000000 0.00000000000 0.00000000000 0.00000000000
 0.00000000000 0.00000000000 0.00000000000 0.00000000000
 0.00000000000 0.00000000000 0.00000000000 0.00000000000
 0.00000000000 0.00000000000 0.00000000000 0.00000000000
 0.00000000000 0.00000000000 0.00000000000 0.00000000000
 0.00000000000 0.00000000000 0.00000000000 0.00000000000
# logsel_slope_fsh[1]:
 0.00000000000 0.00000000000 0.00000000000 0.00000000000 0.00000000000 0.00000000000 0.00000000000 0.00000000000 0.00000000000 0.00000000000 0.00000000000 0.00000000000 0.00000000000 0.00000000000 0.00000000000 0.00000000000 0.00000000000 0.00000000000 0.00000000000 0.00000000000 0.00000000000 0.00000000000 0.00000000000 0.00000000000 0.00000000000 0.00000000000 0.00000000000 0.00000000000 0.00000000000 0.00000000000 0.00000000000 0.00000000000 0.00000000000 0.00000000000
# logsel_slope_fsh[2]:
 0.00000000000 0.00000000000 0.00000000000 0.00000000000 0.00000000000 0.00000000000 0.00000000000 0.00000000000 0.00000000000 0.00000000000 0.00000000000 0.00000000000 0.00000000000 0.00000000000 0.00000000000 0.00000000000 0.00000000000 0.00000000000 0.00000000000 0.00000000000 0.00000000000 0.00000000000 0.00000000000 0.00000000000 0.00000000000 0.00000000000 0.00000000000 0.00000000000 0.00000000000 0.00000000000 0.00000000000 0.00000000000 0.00000000000 0.00000000000
# logsel_slope_fsh[3]:
 0.00000000000 0.00000000000 0.00000000000 0.00000000000 0.00000000000 0.00000000000 0.00000000000 0.00000000000 0.00000000000 0.00000000000 0.00000000000 0.00000000000 0.00000000000 0.00000000000 0.00000000000 0.00000000000 0.00000000000 0.00000000000 0.00000000000
# sel50_fsh[1]:
 0.00000000000 0.00000000000 0.00000000000 0.00000000000 0.00000000000 0.00000000000 0.00000000000 0.00000000000 0.00000000000 0.00000000000 0.00000000000 0.00000000000 0.00000000000 0.00000000000 0.00000000000 0.00000000000 0.00000000000 0.00000000000 0.00000000000 0.00000000000 0.00000000000 0.00000000000 0.00000000000 0.00000000000 0.00000000000 0.00000000000 0.00000000000 0.00000000000 0.00000000000 0.00000000000 0.00000000000 0.00000000000 0.00000000000 0.00000000000
# sel50_fsh[2]:
 0.00000000000 0.00000000000 0.00000000000 0.00000000000 0.00000000000 0.00000000000 0.00000000000 0.00000000000 0.00000000000 0.00000000000 0.00000000000 0.00000000000 0.00000000000 0.00000000000 0.00000000000 0.00000000000 0.00000000000 0.00000000000 0.00000000000 0.00000000000 0.00000000000 0.00000000000 0.00000000000 0.00000000000 0.00000000000 0.00000000000 0.00000000000 0.00000000000 0.00000000000 0.00000000000 0.00000000000 0.00000000000 0.00000000000 0.00000000000
# sel50_fsh[3]:
 0.00000000000 0.00000000000 0.00000000000 0.00000000000 0.00000000000 0.00000000000 0.00000000000 0.00000000000 0.00000000000 0.00000000000 0.00000000000 0.00000000000 0.00000000000 0.00000000000 0.00000000000 0.00000000000 0.00000000000 0.00000000000 0.00000000000
# logsel_p1_fsh[1]:
 0.00000000000 0.00000000000 0.00000000000 0.00000000000 0.00000000000 0.00000000000 0.00000000000 0.00000000000 0.00000000000 0.00000000000 0.00000000000 0.00000000000 0.00000000000 0.00000000000 0.00000000000 0.00000000000 0.00000000000 0.00000000000 0.00000000000 0.00000000000 0.00000000000 0.00000000000 0.00000000000 0.00000000000 0.00000000000 0.00000000000 0.00000000000 0.00000000000 0.00000000000 0.00000000000 0.00000000000 0.00000000000 0.00000000000 0.00000000000
# logsel_p1_fsh[2]:
 0.00000000000 0.00000000000 0.00000000000 0.00000000000 0.00000000000 0.00000000000 0.00000000000 0.00000000000 0.00000000000 0.00000000000 0.00000000000 0.00000000000 0.00000000000 0.00000000000 0.00000000000 0.00000000000 0.00000000000 0.00000000000 0.00000000000 0.00000000000 0.00000000000 0.00000000000 0.00000000000 0.00000000000 0.00000000000 0.00000000000 0.00000000000 0.00000000000 0.00000000000 0.00000000000 0.00000000000 0.00000000000 0.00000000000 0.00000000000
# logsel_p1_fsh[3]:
 0.00000000000 0.00000000000 0.00000000000 0.00000000000 0.00000000000 0.00000000000 0.00000000000 0.00000000000 0.00000000000 0.00000000000 0.00000000000 0.00000000000 0.00000000000 0.00000000000 0.00000000000 0.00000000000 0.00000000000 0.00000000000 0.00000000000
# logsel_p2_fsh[1]:
 0.00000000000 0.00000000000 0.00000000000 0.00000000000 0.00000000000 0.00000000000 0.00000000000 0.00000000000 0.00000000000 0.00000000000 0.00000000000 0.00000000000 0.00000000000 0.00000000000 0.00000000000 0.00000000000 0.00000000000 0.00000000000 0.00000000000 0.00000000000 0.00000000000 0.00000000000 0.00000000000 0.00000000000 0.00000000000 0.00000000000 0.00000000000 0.00000000000 0.00000000000 0.00000000000 0.00000000000 0.00000000000 0.00000000000 0.00000000000
# logsel_p2_fsh[2]:
 0.00000000000 0.00000000000 0.00000000000 0.00000000000 0.00000000000 0.00000000000 0.00000000000 0.00000000000 0.00000000000 0.00000000000 0.00000000000 0.00000000000 0.00000000000 0.00000000000 0.00000000000 0.00000000000 0.00000000000 0.00000000000 0.00000000000 0.00000000000 0.00000000000 0.00000000000 0.00000000000 0.00000000000 0.00000000000 0.00000000000 0.00000000000 0.00000000000 0.00000000000 0.00000000000 0.00000000000 0.00000000000 0.00000000000 0.00000000000
# logsel_p2_fsh[3]:
 0.00000000000 0.00000000000 0.00000000000 0.00000000000 0.00000000000 0.00000000000 0.00000000000 0.00000000000 0.00000000000 0.00000000000 0.00000000000 0.00000000000 0.00000000000 0.00000000000 0.00000000000 0.00000000000 0.00000000000 0.00000000000 0.00000000000
# logsel_p3_fsh[1]:
 0.00000000000 0.00000000000 0.00000000000 0.00000000000 0.00000000000 0.00000000000 0.00000000000 0.00000000000 0.00000000000 0.00000000000 0.00000000000 0.00000000000 0.00000000000 0.00000000000 0.00000000000 0.00000000000 0.00000000000 0.00000000000 0.00000000000 0.00000000000 0.00000000000 0.00000000000 0.00000000000 0.00000000000 0.00000000000 0.00000000000 0.00000000000 0.00000000000 0.00000000000 0.00000000000 0.00000000000 0.00000000000 0.00000000000 0.00000000000
# logsel_p3_fsh[2]:
 0.00000000000 0.00000000000 0.00000000000 0.00000000000 0.00000000000 0.00000000000 0.00000000000 0.00000000000 0.00000000000 0.00000000000 0.00000000000 0.00000000000 0.00000000000 0.00000000000 0.00000000000 0.00000000000 0.00000000000 0.00000000000 0.00000000000 0.00000000000 0.00000000000 0.00000000000 0.00000000000 0.00000000000 0.00000000000 0.00000000000 0.00000000000 0.00000000000 0.00000000000 0.00000000000 0.00000000000 0.00000000000 0.00000000000 0.00000000000
# logsel_p3_fsh[3]:
 0.00000000000 0.00000000000 0.00000000000 0.00000000000 0.00000000000 0.00000000000 0.00000000000 0.00000000000 0.00000000000 0.00000000000 0.00000000000 0.00000000000 0.00000000000 0.00000000000 0.00000000000 0.00000000000 0.00000000000 0.00000000000 0.00000000000
# rec_dev_future:
 0.00000000000 0.00000000000 0.00000000000 0.00000000000 0.00000000000 0.00000000000 0.00000000000 0.00000000000 0.00000000000 0.00000000000 0.00000000000 0.00000000000 0.00000000000 0.00000000000 0.00000000000 0.00000000000 0.00000000000 0.00000000000 0.00000000000 0.00000000000
# log_q_ind[1]:
-11.5766979773
# log_q_ind[2]:
-11.4162998482
# log_q_power_ind[1]:
0.00000000000
# log_q_power_ind[2]:
0.00000000000
# log_selcoffs_ind[1]:
 0.00000000000 0.00000000000 0.00000000000 0.00000000000 0.00000000000 0.00000000000 0.00000000000 0.00000000000 0.00000000000 0.00000000000
# log_selcoffs_ind[2]:
 0.00000000000 0.00000000000 0.00000000000 0.00000000000 0.00000000000 0.00000000000 0.00000000000 0.00000000000 0.00000000000 0.00000000000
# logsel_slope_ind[1]:
 0.00000000000
# logsel_slope_ind[2]:
 0.00000000000
# sel50_ind[1]:
 0.00000000000
# sel50_ind[2]:
 0.00000000000
# logsel_p1_ind[1]:
 0.00000000000
# logsel_p1_ind[2]:
 0.00000000000
# sel_p2_ind[1]:
 0.00000000000
# sel_p2_ind[2]:
 0.00000000000
# logsel_p3_ind[1]:
 0.00000000000
# logsel_p3_ind[2]:
 0.00000000000
