# Number of parameters = 729 Objective function value = 342.257468022219  Maximum gradient component = 8.66349227562055e-05
# Mest[1]:
0.270000000000
# log_Linf[1]:
4.38701417618
# log_k[1]:
-1.83258146375
# log_Lo[1]:
2.75684036527
# log_sdage[1]:
-2.40794560865
# mean_log_rec[1]:
8.29855082876
# steepness[1]:
0.610000000000
# log_Rzero[1]:
8.20314219993
# rec_dev:
 -0.325967785606 -0.387087367148 -0.456363653858 -0.262730761344 0.168815799536 0.101766578660 0.370479772045 0.279683788467 0.219760059731 0.145846368516 0.280010676263 0.156332628120 0.671823145570 0.941336529468 0.972946243996 0.882976462739 0.744517388521 0.700083834152 0.621329010229 0.553752446484 0.520380754509 0.317922429303 0.145578803521 0.122155329867 0.292136329570 0.439895788218 0.372451135110 0.310626464260 0.190214444649 0.0873049862690 0.0111593716853 -0.0716826756831 0.00265162519575 -0.0503717126646 -0.0662049070236 0.00487028084197 0.00841267268188 -0.0661278924614 -0.222912536042 -0.373371249946 -0.395723965712 -0.436274246995 -0.370535034903 -0.472359512172 -0.645814086076 -0.988984946050 -0.870414975504 -0.372665085134
# log_sigmar[1]:
-0.223143551314
# fmort:
 -1.49295481483 -1.59517946897 -1.54337953630 -1.40474486059 -2.00267284664 -2.15364708365 -2.09012481670 -2.15597752896 -1.64255620551 -1.45232639711 -1.99789339286 -1.78733064467 -2.14871031706 -2.57094982804 -2.05761824805 -2.10973217659 -1.84943915034 -1.78011384243 -1.76322889778 -1.81991922175 -1.90044544174 -1.90308221821 -2.25868712047 -2.21227334263 -2.46337858461 -2.70708135547 -2.55623412519 -3.65985560234 -2.33848308781 -2.85033022369 -3.75233101523 -3.77387480672 -2.74925429887 -3.07304575617 -3.21064778705 -3.94559925656 -5.17562637181 -4.77568269115 -5.55301422250
 -12.5390652658 -12.3794505027 -12.2570214126 -12.1537462450 -5.14955323186 -5.13565729229 -4.11178668211 -4.08844122049 -3.39559547769 -2.70310570938 -3.55492862880 -2.58070400661 -2.59199393517 -2.73621536440 -3.08847109937 -4.67754605455 -4.09692882592 -4.03835033640 -3.76676717401 -3.56364588345 -3.08348168864 -3.49221040200 -3.24043224854 -2.42040444538 -3.88892003597 -2.46233161634 -1.67944018419 -2.38322851805 -2.40901344982 -2.19463394961 -2.39972582936 -1.90687196519 -1.97242066559 -3.04829602096 -3.36735170713 -2.87964665246 -3.32852475403 -3.11466081704 -3.32768116764
 -12.5602943796 -12.3448735443 -12.1776768181 -12.0225896963 -11.9529789367 -12.0060811807 -12.1114000953 -12.2413489700 -12.3270859578 -3.78012266400 -1.25853347555 -1.01819040627 -1.09558885227 -1.24957773910 -1.99266560439 -2.54021248386 -3.20215758032 -2.62792565966 -2.78744316881 -2.99017367937 -2.86117986734 -2.43848101564 -2.13143392418 -2.47249824813 -2.33206955768 -1.74145718265 -1.35629424083 -2.53621163557 -2.79212558883 -2.38352772325 -2.26738419398 -2.18955560629 -2.85100723701 -2.92000861889 -2.63348581862 -3.35739596360 -4.89958178698 -3.69422315224 -3.55094223289
# log_selcoffs_fsh[1]:
 -2.68213233015 -1.76053278024 -0.742394687240 0.00503206147337 0.490108590780 0.973093911273
 -2.81499175966 -1.70446418940 -0.771982837541 -0.0505123004746 0.478575042146 1.00489252787
 -2.99945819826 -1.70891725626 -0.730358476911 -0.0306319683014 0.502148021433 0.980312489424
 -3.08873829614 -1.71237085237 -0.633994802654 0.0136424457782 0.532867149613 0.926632375526
 -3.11518992980 -1.69115357597 -0.580259471596 -0.00293724289638 0.487460002636 0.950238917838
 -3.27138457820 -1.83274737264 -0.729054424786 -0.0212140762660 0.433086049017 1.02915129013
 -3.40114144102 -2.12368352229 -1.05173864842 -0.145473413386 0.520951372541 1.08163671778
 -3.45207995996 -2.12406650627 -1.03205466125 -0.0725633856897 0.570762493867 1.02707295731
 -3.40094407743 -2.16506614358 -1.16063670540 -0.190679618910 0.638580220237 1.03618416555
 -3.37215797934 -1.76087239876 -0.685114864774 0.0226118129005 0.541378755805 0.935510236311
 -3.30471555914 -1.53829869711 -0.268931903619 0.228536226773 0.480099231590 0.747329945339
 -3.14460339966 -1.38764622307 -0.220384866441 0.234677610197 0.462193610869 0.719297279467
 -3.07694496838 -1.38333010058 -0.380939551343 0.232595956744 0.527677001270 0.724198538943
 -3.12706013760 -1.60439025436 -0.498227913755 0.269593512580 0.648121331271 0.655527001640
 -3.05531131406 -1.71015260088 -0.540883109809 0.197784449880 0.617788783329 0.749668412230
 -2.92802170493 -1.68543142549 -0.617265692032 0.0978295006258 0.592307194043 0.837587446905
 -3.07973160684 -1.83031103488 -0.725390918880 0.0535490252429 0.575109796486 0.907126891413
 -3.05446492135 -1.83245680791 -0.773440922172 -0.0450401593631 0.491493739204 1.00821119208
 -3.23516417152 -1.86891324360 -0.562993871016 0.153159282795 0.578669504364 0.827537856531
 -3.09363450411 -1.81198334092 -0.512050702750 0.177837012647 0.538025695673 0.826285055818
 -2.92019246938 -1.69596654980 -0.662018286551 0.0404270722025 0.499671491519 0.938995202381
 -3.24243271794 -2.03763987668 -0.928764529647 -0.0234923065303 0.623464766475 0.952966798443
 -3.51072775966 -2.30839077112 -1.24361244323 -0.216281763080 0.679828158676 1.03080304454
 -3.76285182456 -2.53676058264 -1.35083287842 -0.252152310102 0.656009189144 1.07651089192
 -3.99915945816 -2.67427833017 -1.29457715508 -0.196466176215 0.704845933475 1.02730770930
 -4.13185699996 -2.85824008051 -1.54092815873 -0.298504262339 0.702835869579 1.08214290342
 -4.10176338583 -2.87913568648 -1.76240265324 -0.628355485632 0.446124264619 1.29744327042
 -4.19968760194 -3.06869776056 -1.93500685449 -0.749012538957 0.447710324004 1.32349731708
 -4.29255948681 -3.18018225454 -2.00335801195 -0.771963226575 0.469179905980 1.32151126514
# log_selcoffs_fsh[2]:
 -1.86786228257 -1.11055347940 -0.418570481814 0.106926845636 0.402865996798 0.476989440894 0.493480566151
 -1.87981379859 -1.12658114350 -0.437730692476 0.0947232451004 0.400409172043 0.496254087198 0.496764627900
 -1.89948157353 -1.14755341868 -0.458744272591 0.0780692857723 0.404291631569 0.506519148692 0.507974524735
 -1.92568068884 -1.17189011426 -0.479140370982 0.0619029077711 0.393601584825 0.522623596225 0.526213708392
 -1.95904666612 -1.19671137031 -0.497649761459 0.0510294996842 0.386960943753 0.525835112982 0.549357067965
 -2.00214206861 -1.22800510981 -0.521004035177 0.0338717251661 0.378295050754 0.532755772275 0.576775071693
 -2.05649758874 -1.26644292603 -0.550247800258 0.00965716717586 0.369235444041 0.546607186959 0.604176581233
 -2.12409141798 -1.30767080962 -0.576239622931 -0.00934846085343 0.361749556938 0.557001903453 0.629160689320
 -2.20634976880 -1.35013105568 -0.596655838274 -0.0268661897238 0.351690636043 0.566846882018 0.653564790648
 -2.30416111182 -1.38736071851 -0.602329569469 -0.0342249329858 0.335908445942 0.568141455970 0.679220884616
 -2.42776290597 -1.41978730390 -0.584726046458 -0.0197233665944 0.328020992781 0.554815966436 0.694363213509
 -2.59067896117 -1.44815771154 -0.549944833244 0.0133330651964 0.330563884192 0.542008019028 0.687338021110
 -2.79841323115 -1.45687709741 -0.494207621940 0.0283839120526 0.340322237175 0.536659911881 0.668649978949
 -3.09083323568 -1.82657113032 -0.736282358978 0.00119732239962 0.407385513757 0.576319338244 0.708588482161
 -3.21090852628 -2.05893165097 -1.01947333720 -0.272724161957 0.323700038511 0.649354513081 0.881063364346
 -3.27223984211 -2.03248002715 -0.926456338022 -0.125620166438 0.345857147839 0.620664341042 0.824087691497
 -3.28893018035 -2.06152552763 -0.967994529556 -0.00816332092595 0.465268872367 0.613987236544 0.704831665366
 -3.11089652630 -1.92344631545 -0.852717461361 -0.0707521091906 0.364146163886 0.615896385453 0.770473305654
 -2.94548736391 -1.76996031224 -0.608178345678 0.0121608029669 0.363386046820 0.542321311159 0.723832234353
 -2.63681834081 -1.49929953846 -0.309147291297 0.163856727277 0.252481953875 0.420906630549 0.684332629740
 -2.56969581689 -1.56321992595 -0.669007943417 -0.0491059893176 0.335970619870 0.673295983018 0.636416486797
 -2.44389413353 -1.37708876590 -0.621502237785 -0.0591955700106 0.420808018754 0.592914360629 0.614515738741
 -2.51898028849 -1.35986579450 -0.639453549914 -0.0102800329529 0.489468447884 0.606046499057 0.519264679007
 -2.57377424501 -1.07449712979 -0.293429467554 0.164734785493 0.431397392963 0.448129394555 0.440003526458
 -2.75419015295 -1.04400770151 -0.0648098768302 0.275062468162 0.455032628299 0.394728231786 0.239201389540
 -2.90715999561 -1.19261082737 -0.192360603480 0.232684331019 0.564931654656 0.481735165618 0.162748361241
 -3.13255309646 -1.54416776589 -0.311540452167 0.261311890500 0.627725792177 0.497765490069 0.176946322553
 -3.36597131470 -1.75805116157 -0.175690020188 0.445868903551 0.609964763733 0.362407287460 0.109047974542
 -3.51353058076 -1.86856952643 -0.298776248808 0.317203860805 0.554588105895 0.540084601417 0.217914345567
# log_selcoffs_fsh[3]:
 -4.81329565395 -2.88267315738 -1.50720657460 -0.589545689243 -0.164347842878 0.177928757758 0.272783357149 0.320571321474 0.420686868592 0.551430392413 0.773033634681
 -4.98411336096 -3.39309123566 -2.08143507407 -1.16215675824 -0.585094527359 -0.233027654580 0.111368416011 0.416297918049 0.680155320271 0.808427675584 0.841609429225
 -5.32369915100 -3.84576929270 -2.56473472569 -1.60763135116 -0.827061294702 -0.276214297684 0.191940880686 0.614246243270 0.787218522482 0.794134955396 0.708433347626
 -5.55149790716 -3.77282861472 -2.04831231874 -0.995818060446 -0.350115031719 -0.108480283330 0.162857277633 0.427598335319 0.652864019167 0.744288523313 0.759186545888
 -5.71577688236 -3.98051720021 -2.31192362912 -1.17481760231 -0.485290150626 -0.0918244431217 0.325833299274 0.541997566579 0.697855895592 0.684268417563 0.665733605100
 -5.88440127505 -4.23611706242 -2.72608390106 -1.50942181732 -0.703095929892 -0.0436933918998 0.310595041618 0.597478082457 0.810441809527 0.700597344258 0.586852950730
 -6.03960150176 -4.22048272276 -2.51972412774 -1.35020959059 -0.538300301604 -0.0403527907048 0.244209082540 0.426004378978 0.716972662126 0.802360873956 0.699280858011
 -6.23059695117 -4.59200291839 -3.07973522895 -1.81757311489 -0.701111868462 -0.0623731526718 0.221973624256 0.485975143790 0.813138049483 0.806634080989 0.680222601180
 -6.42698681155 -4.76744306961 -3.00731526674 -1.26760770107 -0.00602744821108 0.240560149906 0.0471941826971 0.208710643194 0.586801361218 0.752889626572 0.784464302017
 -6.59669700606 -5.05676171770 -3.49753469939 -2.02176967226 -0.875240592139 -0.293769720118 0.0638925600878 0.674146403478 0.941090739562 0.801364132943 0.613929140734
 -6.70851548494 -5.26683552896 -3.83436968111 -2.45012358228 -1.22200032559 -0.292421459706 0.240643051382 0.785326935587 0.910255735279 0.757805391049 0.565819428359
 -6.81014002155 -5.39548408473 -4.00192573907 -2.62142899057 -1.30722237567 -0.276361946180 0.329034112113 0.823240230067 0.942970011866 0.714301666373 0.467765443878
 -6.92558923143 -5.45094885636 -3.96850980236 -2.49675332976 -1.15993912051 -0.100398678095 0.570944691931 0.926799385177 0.870210441865 0.566274405804 0.207044208747
 -7.02808646080 -5.46831527342 -3.77180638891 -1.90357935162 -0.309202163550 0.570887139660 0.658636514162 0.774267817597 0.698611579862 0.249645012617 -0.0798082649829
# log_sel_spl_fsh[1]:
 0.00000000000 0.00000000000 0.00000000000 0.00000000000
 0.00000000000 0.00000000000 0.00000000000 0.00000000000
 0.00000000000 0.00000000000 0.00000000000 0.00000000000
 0.00000000000 0.00000000000 0.00000000000 0.00000000000
 0.00000000000 0.00000000000 0.00000000000 0.00000000000
 0.00000000000 0.00000000000 0.00000000000 0.00000000000
 0.00000000000 0.00000000000 0.00000000000 0.00000000000
 0.00000000000 0.00000000000 0.00000000000 0.00000000000
 0.00000000000 0.00000000000 0.00000000000 0.00000000000
 0.00000000000 0.00000000000 0.00000000000 0.00000000000
 0.00000000000 0.00000000000 0.00000000000 0.00000000000
 0.00000000000 0.00000000000 0.00000000000 0.00000000000
 0.00000000000 0.00000000000 0.00000000000 0.00000000000
 0.00000000000 0.00000000000 0.00000000000 0.00000000000
 0.00000000000 0.00000000000 0.00000000000 0.00000000000
 0.00000000000 0.00000000000 0.00000000000 0.00000000000
 0.00000000000 0.00000000000 0.00000000000 0.00000000000
 0.00000000000 0.00000000000 0.00000000000 0.00000000000
 0.00000000000 0.00000000000 0.00000000000 0.00000000000
 0.00000000000 0.00000000000 0.00000000000 0.00000000000
 0.00000000000 0.00000000000 0.00000000000 0.00000000000
 0.00000000000 0.00000000000 0.00000000000 0.00000000000
 0.00000000000 0.00000000000 0.00000000000 0.00000000000
 0.00000000000 0.00000000000 0.00000000000 0.00000000000
 0.00000000000 0.00000000000 0.00000000000 0.00000000000
 0.00000000000 0.00000000000 0.00000000000 0.00000000000
 0.00000000000 0.00000000000 0.00000000000 0.00000000000
 0.00000000000 0.00000000000 0.00000000000 0.00000000000
 0.00000000000 0.00000000000 0.00000000000 0.00000000000
# log_sel_spl_fsh[2]:
 0.00000000000 0.00000000000 0.00000000000 0.00000000000
 0.00000000000 0.00000000000 0.00000000000 0.00000000000
 0.00000000000 0.00000000000 0.00000000000 0.00000000000
 0.00000000000 0.00000000000 0.00000000000 0.00000000000
 0.00000000000 0.00000000000 0.00000000000 0.00000000000
 0.00000000000 0.00000000000 0.00000000000 0.00000000000
 0.00000000000 0.00000000000 0.00000000000 0.00000000000
 0.00000000000 0.00000000000 0.00000000000 0.00000000000
 0.00000000000 0.00000000000 0.00000000000 0.00000000000
 0.00000000000 0.00000000000 0.00000000000 0.00000000000
 0.00000000000 0.00000000000 0.00000000000 0.00000000000
 0.00000000000 0.00000000000 0.00000000000 0.00000000000
 0.00000000000 0.00000000000 0.00000000000 0.00000000000
 0.00000000000 0.00000000000 0.00000000000 0.00000000000
 0.00000000000 0.00000000000 0.00000000000 0.00000000000
 0.00000000000 0.00000000000 0.00000000000 0.00000000000
 0.00000000000 0.00000000000 0.00000000000 0.00000000000
 0.00000000000 0.00000000000 0.00000000000 0.00000000000
 0.00000000000 0.00000000000 0.00000000000 0.00000000000
 0.00000000000 0.00000000000 0.00000000000 0.00000000000
 0.00000000000 0.00000000000 0.00000000000 0.00000000000
 0.00000000000 0.00000000000 0.00000000000 0.00000000000
 0.00000000000 0.00000000000 0.00000000000 0.00000000000
 0.00000000000 0.00000000000 0.00000000000 0.00000000000
 0.00000000000 0.00000000000 0.00000000000 0.00000000000
 0.00000000000 0.00000000000 0.00000000000 0.00000000000
 0.00000000000 0.00000000000 0.00000000000 0.00000000000
 0.00000000000 0.00000000000 0.00000000000 0.00000000000
 0.00000000000 0.00000000000 0.00000000000 0.00000000000
# log_sel_spl_fsh[3]:
 0.00000000000 0.00000000000 0.00000000000 0.00000000000
 0.00000000000 0.00000000000 0.00000000000 0.00000000000
 0.00000000000 0.00000000000 0.00000000000 0.00000000000
 0.00000000000 0.00000000000 0.00000000000 0.00000000000
 0.00000000000 0.00000000000 0.00000000000 0.00000000000
 0.00000000000 0.00000000000 0.00000000000 0.00000000000
 0.00000000000 0.00000000000 0.00000000000 0.00000000000
 0.00000000000 0.00000000000 0.00000000000 0.00000000000
 0.00000000000 0.00000000000 0.00000000000 0.00000000000
 0.00000000000 0.00000000000 0.00000000000 0.00000000000
 0.00000000000 0.00000000000 0.00000000000 0.00000000000
 0.00000000000 0.00000000000 0.00000000000 0.00000000000
 0.00000000000 0.00000000000 0.00000000000 0.00000000000
 0.00000000000 0.00000000000 0.00000000000 0.00000000000
# logsel_slope_fsh[1]:
 0.00000000000 0.00000000000 0.00000000000 0.00000000000 0.00000000000 0.00000000000 0.00000000000 0.00000000000 0.00000000000 0.00000000000 0.00000000000 0.00000000000 0.00000000000 0.00000000000 0.00000000000 0.00000000000 0.00000000000 0.00000000000 0.00000000000 0.00000000000 0.00000000000 0.00000000000 0.00000000000 0.00000000000 0.00000000000 0.00000000000 0.00000000000 0.00000000000 0.00000000000
# logsel_slope_fsh[2]:
 0.00000000000 0.00000000000 0.00000000000 0.00000000000 0.00000000000 0.00000000000 0.00000000000 0.00000000000 0.00000000000 0.00000000000 0.00000000000 0.00000000000 0.00000000000 0.00000000000 0.00000000000 0.00000000000 0.00000000000 0.00000000000 0.00000000000 0.00000000000 0.00000000000 0.00000000000 0.00000000000 0.00000000000 0.00000000000 0.00000000000 0.00000000000 0.00000000000 0.00000000000
# logsel_slope_fsh[3]:
 0.00000000000 0.00000000000 0.00000000000 0.00000000000 0.00000000000 0.00000000000 0.00000000000 0.00000000000 0.00000000000 0.00000000000 0.00000000000 0.00000000000 0.00000000000 0.00000000000
# sel50_fsh[1]:
 0.00000000000 0.00000000000 0.00000000000 0.00000000000 0.00000000000 0.00000000000 0.00000000000 0.00000000000 0.00000000000 0.00000000000 0.00000000000 0.00000000000 0.00000000000 0.00000000000 0.00000000000 0.00000000000 0.00000000000 0.00000000000 0.00000000000 0.00000000000 0.00000000000 0.00000000000 0.00000000000 0.00000000000 0.00000000000 0.00000000000 0.00000000000 0.00000000000 0.00000000000
# sel50_fsh[2]:
 0.00000000000 0.00000000000 0.00000000000 0.00000000000 0.00000000000 0.00000000000 0.00000000000 0.00000000000 0.00000000000 0.00000000000 0.00000000000 0.00000000000 0.00000000000 0.00000000000 0.00000000000 0.00000000000 0.00000000000 0.00000000000 0.00000000000 0.00000000000 0.00000000000 0.00000000000 0.00000000000 0.00000000000 0.00000000000 0.00000000000 0.00000000000 0.00000000000 0.00000000000
# sel50_fsh[3]:
 0.00000000000 0.00000000000 0.00000000000 0.00000000000 0.00000000000 0.00000000000 0.00000000000 0.00000000000 0.00000000000 0.00000000000 0.00000000000 0.00000000000 0.00000000000 0.00000000000
# logsel_p1_fsh[1]:
 0.00000000000 0.00000000000 0.00000000000 0.00000000000 0.00000000000 0.00000000000 0.00000000000 0.00000000000 0.00000000000 0.00000000000 0.00000000000 0.00000000000 0.00000000000 0.00000000000 0.00000000000 0.00000000000 0.00000000000 0.00000000000 0.00000000000 0.00000000000 0.00000000000 0.00000000000 0.00000000000 0.00000000000 0.00000000000 0.00000000000 0.00000000000 0.00000000000 0.00000000000
# logsel_p1_fsh[2]:
 0.00000000000 0.00000000000 0.00000000000 0.00000000000 0.00000000000 0.00000000000 0.00000000000 0.00000000000 0.00000000000 0.00000000000 0.00000000000 0.00000000000 0.00000000000 0.00000000000 0.00000000000 0.00000000000 0.00000000000 0.00000000000 0.00000000000 0.00000000000 0.00000000000 0.00000000000 0.00000000000 0.00000000000 0.00000000000 0.00000000000 0.00000000000 0.00000000000 0.00000000000
# logsel_p1_fsh[3]:
 0.00000000000 0.00000000000 0.00000000000 0.00000000000 0.00000000000 0.00000000000 0.00000000000 0.00000000000 0.00000000000 0.00000000000 0.00000000000 0.00000000000 0.00000000000 0.00000000000
# logsel_p2_fsh[1]:
 0.00000000000 0.00000000000 0.00000000000 0.00000000000 0.00000000000 0.00000000000 0.00000000000 0.00000000000 0.00000000000 0.00000000000 0.00000000000 0.00000000000 0.00000000000 0.00000000000 0.00000000000 0.00000000000 0.00000000000 0.00000000000 0.00000000000 0.00000000000 0.00000000000 0.00000000000 0.00000000000 0.00000000000 0.00000000000 0.00000000000 0.00000000000 0.00000000000 0.00000000000
# logsel_p2_fsh[2]:
 0.00000000000 0.00000000000 0.00000000000 0.00000000000 0.00000000000 0.00000000000 0.00000000000 0.00000000000 0.00000000000 0.00000000000 0.00000000000 0.00000000000 0.00000000000 0.00000000000 0.00000000000 0.00000000000 0.00000000000 0.00000000000 0.00000000000 0.00000000000 0.00000000000 0.00000000000 0.00000000000 0.00000000000 0.00000000000 0.00000000000 0.00000000000 0.00000000000 0.00000000000
# logsel_p2_fsh[3]:
 0.00000000000 0.00000000000 0.00000000000 0.00000000000 0.00000000000 0.00000000000 0.00000000000 0.00000000000 0.00000000000 0.00000000000 0.00000000000 0.00000000000 0.00000000000 0.00000000000
# logsel_p3_fsh[1]:
 0.00000000000 0.00000000000 0.00000000000 0.00000000000 0.00000000000 0.00000000000 0.00000000000 0.00000000000 0.00000000000 0.00000000000 0.00000000000 0.00000000000 0.00000000000 0.00000000000 0.00000000000 0.00000000000 0.00000000000 0.00000000000 0.00000000000 0.00000000000 0.00000000000 0.00000000000 0.00000000000 0.00000000000 0.00000000000 0.00000000000 0.00000000000 0.00000000000 0.00000000000
# logsel_p3_fsh[2]:
 0.00000000000 0.00000000000 0.00000000000 0.00000000000 0.00000000000 0.00000000000 0.00000000000 0.00000000000 0.00000000000 0.00000000000 0.00000000000 0.00000000000 0.00000000000 0.00000000000 0.00000000000 0.00000000000 0.00000000000 0.00000000000 0.00000000000 0.00000000000 0.00000000000 0.00000000000 0.00000000000 0.00000000000 0.00000000000 0.00000000000 0.00000000000 0.00000000000 0.00000000000
# logsel_p3_fsh[3]:
 0.00000000000 0.00000000000 0.00000000000 0.00000000000 0.00000000000 0.00000000000 0.00000000000 0.00000000000 0.00000000000 0.00000000000 0.00000000000 0.00000000000 0.00000000000 0.00000000000
# rec_dev_future:
 0.00000000000 0.00000000000 0.00000000000 0.00000000000 0.00000000000 0.00000000000 0.00000000000 0.00000000000 0.00000000000 0.00000000000 0.00000000000 0.00000000000 0.00000000000 0.00000000000 0.00000000000 0.00000000000 0.00000000000 0.00000000000 0.00000000000 0.00000000000
# log_q_ind[1]:
-12.0407465063
# log_q_power_ind[1]:
0.00000000000
# log_selcoffs_ind[1]:
 -5.49211422538 -3.95220712350 -2.52150114703 -1.36996387724 -0.493670191444 0.0948202385423 0.459540145012 0.785089890276 0.849890967805 0.597202743905
# logsel_slope_ind[1]:
 0.00000000000
# sel50_ind[1]:
 0.00000000000
# logsel_p1_ind[1]:
 0.00000000000
# sel_p2_ind[1]:
 0.00000000000
# logsel_p3_ind[1]:
 0.00000000000
