# Number of parameters = 880 Objective function value = 323.387655971555  Maximum gradient component = 7.15421251012007e-05
# Mest[1]:
0.270000000000
# log_Linf[1]:
4.38701417618
# log_k[1]:
-1.83258146375
# log_Lo[1]:
2.75684036527
# log_sdage[1]:
-2.40794560865
# mean_log_rec[1]:
8.23688603982
# steepness[1]:
0.610000000000
# log_Rzero[1]:
8.03488901274
# rec_dev:
 -0.265705593696 -0.320618184263 -0.384396071491 -0.179816502584 0.258776423685 0.182301486438 0.439859830451 0.329938776472 0.249145712285 0.187070154194 0.363230462987 0.244980925767 0.767309628310 1.03630806130 1.01932686800 0.897006729006 0.761858466313 0.739835844421 0.669772534710 0.600066231006 0.568332397143 0.377590411538 0.210964884941 0.180458139611 0.359009217727 0.507452201886 0.423431210768 0.355561063006 0.251317469246 0.153926254785 0.0639502834048 -0.0268467859167 0.0383237331298 -0.0252959188659 -0.0584837681978 -0.00663254767964 -0.0441320897457 -0.163141150138 -0.341472793691 -0.522549566867 -0.582327826324 -0.697167106400 -0.641720704399 -0.664582423506 -0.750325748821 -0.765592144474 -0.792947691755 -0.736531012889 -0.708872003110 -0.425251953022 -0.190948437303 -0.163470884300 0.00921589563482
# log_sigmar[1]:
-0.223143551314
# fmort:
 -1.43577062359 -1.53882111318 -1.48935611626 -1.34971274699 -1.94966385376 -2.11154240490 -2.06302086136 -2.13902565346 -1.63373678221 -1.44678047706 -1.98860842131 -1.77001388913 -2.12985670501 -2.55568645507 -2.04967096269 -2.09599420332 -1.83346341018 -1.76700891352 -1.76101932207 -1.82851243308 -1.90223540476 -1.90287264405 -2.26052187338 -2.22043017036 -2.46936865529 -2.71046098425 -2.56581130331 -3.65411116117 -2.31735609043 -2.80901999185 -3.68035368220 -3.66038998946 -2.56599512810 -2.81605629243 -2.88978717304 -3.56234004297 -4.75322113323 -4.31265604967 -5.05780139028 -5.31237993289 -4.80305368270 -3.82623674009 -3.67730545288 -3.86373175287
 -12.5157394204 -12.3643322546 -12.2478442787 -12.1558353064 -5.17315734519 -5.18131872199 -4.17356912358 -4.15323868512 -3.45116165591 -2.74605506876 -3.59041723913 -2.62446920089 -2.64441025196 -2.78749665258 -3.13163693909 -4.70668771728 -4.11725259349 -4.05524131352 -3.78571156268 -3.58334744960 -3.09592242912 -3.49759581229 -3.23801341222 -2.41943949460 -3.88713063914 -2.47401801212 -1.70111735991 -2.38486253149 -2.38627382607 -2.15323597843 -2.33116035330 -1.79847613191 -1.78359504936 -2.78556203373 -3.04407265766 -2.48849552138 -2.90153229005 -2.65264226826 -2.83755608076 -2.76306645115 -2.80407469652 -2.96058582503 -2.52922869569 -2.83111990893
 -12.4484581975 -12.2120775689 -12.0257493563 -11.8559155119 -11.7797542410 -11.8363915420 -11.9345937967 -12.0538531967 -12.1289398035 -3.57557698611 -1.05898331916 -0.789370559414 -0.836786387170 -0.974880845257 -1.71015970068 -2.27161665870 -2.95891281134 -2.41293790241 -2.58077105006 -2.78495222213 -2.64086367030 -2.23657852614 -1.94237881132 -2.29212410769 -2.14992789299 -1.64583725621 -1.36802621010 -2.45162820851 -2.66372094327 -2.26116930777 -2.22687326695 -2.11581936886 -2.68074215886 -2.70210455988 -2.35488120461 -2.98886165834 -4.53567096530 -3.22041567863 -3.04175333552 -3.05478639980 -3.02379332306 -2.67917698854 -2.98677541348 -3.26345855611
# log_selcoffs_fsh[1]:
 -2.68603731699 -1.77289055648 -0.758178712216 -0.0219074845311 0.476699613319 0.994883387837
 -2.82458988988 -1.70974592270 -0.772200365516 -0.0479663121459 0.482217006047 1.00244378418
 -3.00239414243 -1.69977191713 -0.717029783140 -0.0254439573057 0.500463287673 0.976461331967
 -3.08921360110 -1.69573071539 -0.608598358949 0.0248563507593 0.522836471651 0.922237356882
 -3.11943131918 -1.67966659193 -0.554352946461 0.0165209146530 0.481741632545 0.939768240065
 -3.27959391724 -1.82933052642 -0.712066459764 0.00282146532548 0.440431493109 1.01341863887
 -3.40743061158 -2.12398352830 -1.04709427083 -0.135518194887 0.531594023691 1.07208258119
 -3.45310861622 -2.12470544713 -1.03019344871 -0.0714047881433 0.573174399984 1.02495594146
 -3.39667559148 -2.16351753753 -1.15968829126 -0.188017108740 0.637697908734 1.03577574352
 -3.36741998447 -1.75384649846 -0.680761525542 0.0270416243322 0.546862982823 0.928594124328
 -3.30215882479 -1.52905500794 -0.255131326056 0.235792725569 0.484225801176 0.733718577472
 -3.13695953254 -1.38299983527 -0.211600914329 0.240841880831 0.463195137283 0.710500496267
 -3.05750410939 -1.37529916387 -0.379088018487 0.234086923963 0.524331561501 0.723997448556
 -3.09812297078 -1.58620815809 -0.491675269835 0.267225534656 0.644975819804 0.655595284937
 -3.01680945606 -1.68112089980 -0.521041212413 0.200725399527 0.608063845009 0.747547906425
 -2.88181954106 -1.65034929328 -0.592831894925 0.107741474143 0.584166320657 0.829411630001
 -3.02426320074 -1.78795397572 -0.696064452672 0.0679875616176 0.570624620470 0.894387310624
 -2.99183915992 -1.78371861358 -0.738514923502 -0.0238525986660 0.494404123235 0.988804506113
 -3.16498751665 -1.81527943844 -0.528009857137 0.170553247435 0.579169463671 0.804106456989
 -3.01607116288 -1.74548642460 -0.471105824935 0.190441607453 0.529429237958 0.808433078581
 -2.85605639862 -1.62755195945 -0.610634165722 0.0616983469116 0.495370897110 0.915626702662
 -3.20495842470 -1.98342949614 -0.875301163004 0.00758393473969 0.625620232480 0.927463472825
 -3.51224009239 -2.27946446535 -1.20448740491 -0.183528821728 0.691622059349 1.00748529104
 -3.81399053375 -2.53839448454 -1.33116831786 -0.235520191132 0.666820975570 1.06353218203
 -4.11839736200 -2.71333905166 -1.29425369546 -0.194529742330 0.704377536528 1.02872729540
 -4.34389519494 -2.95517855404 -1.56481181477 -0.308835940877 0.695930498526 1.09391522632
 -4.42723865209 -3.05958929729 -1.83401244763 -0.650583987216 0.431539520381 1.31372565826
 -4.65420138298 -3.34608407110 -2.07609576642 -0.798842529830 0.441973208403 1.34135296941
 -4.87487311623 -3.55091505178 -2.21234916949 -0.858773328759 0.463032040366 1.34590365416
 -5.07085803098 -3.68811793392 -2.23362144753 -0.805748150725 0.447451946088 1.34820026488
 -5.30073691816 -3.85431909215 -2.28657953866 -0.696160444332 0.600356879926 1.26721399146
 -5.33739943503 -3.86818434882 -2.31806558950 -0.813690132825 0.358937299453 1.38649558192
 -5.50823937999 -4.01865011618 -2.39819728129 -0.760641701720 0.574893557067 1.29274716610
 -5.60530958656 -4.10761655495 -2.41072730308 -0.639429337486 0.657126871596 1.23351896640
# log_selcoffs_fsh[2]:
 -1.70610297576 -0.960845378782 -0.294463013401 0.179952252236 0.406128978011 0.413141269438 0.392860825542
 -1.72159540229 -0.979786972410 -0.314633196567 0.169639057061 0.406094064299 0.434774379217 0.395641224314
 -1.74778442819 -1.00565065290 -0.337005895552 0.156077021521 0.414498513673 0.446574156656 0.405900543912
 -1.78138975294 -1.03648919990 -0.361522530190 0.139881960531 0.407613396170 0.466756312822 0.426643702727
 -1.82263329755 -1.06864693024 -0.386266740291 0.125879400585 0.402533777163 0.475413126716 0.455463794705
 -1.87462343125 -1.10857445772 -0.417011537487 0.104685561824 0.394758120154 0.488510574057 0.490584990843
 -1.93850029579 -1.15698897385 -0.455810379479 0.0740383850368 0.386151407444 0.509509470207 0.527732713577
 -2.01720227931 -1.20924458853 -0.491420209686 0.0493302150170 0.378899549385 0.526069084373 0.561489866114
 -2.11228478146 -1.26441092418 -0.522182134251 0.0268782177464 0.370150229257 0.541025408197 0.593573369910
 -2.22446700405 -1.31656290357 -0.540365003259 0.0135918520800 0.356338702167 0.548404023218 0.625414000656
 -2.36217077472 -1.36549430734 -0.538225645714 0.0189029338017 0.348545444259 0.542250869378 0.647514407377
 -2.53565725427 -1.40988276589 -0.521772896373 0.0380527652693 0.347057070151 0.535512654930 0.652920661716
 -2.74879732493 -1.43095681337 -0.480213750446 0.0426541770130 0.346971865783 0.528795003799 0.653898786468
 -3.03919443604 -1.79679353921 -0.723696171089 0.00513215188728 0.408219016918 0.568676933150 0.706127252718
 -3.15374473186 -2.02065745005 -0.996366082783 -0.266467113112 0.316047292750 0.639909504480 0.884360501927
 -3.20804470739 -1.98705897743 -0.896529491600 -0.112205527061 0.338367545258 0.605638595028 0.826604459647
 -3.21817459995 -2.00991416086 -0.933366694201 0.00976929229841 0.463223431410 0.600423046631 0.698556983986
 -3.03457472582 -1.86574504310 -0.811477091675 -0.0455455203278 0.371141839866 0.604476821803 0.750360562707
 -2.85758791534 -1.70680233316 -0.568956997182 0.0305141743078 0.365515170179 0.535222729962 0.700600737278
 -2.53523120535 -1.42176616198 -0.264317825464 0.176791301217 0.242712248121 0.402151684213 0.667120187835
 -2.46616561945 -1.47263915161 -0.604114229662 -0.0195142394530 0.331519245051 0.645678241299 0.619594385339
 -2.35837237774 -1.29724527363 -0.555443566431 -0.0204457795947 0.424193846425 0.567777904892 0.579901688607
 -2.45983153612 -1.29841953437 -0.586055558907 0.0328405135448 0.504995847265 0.582325281679 0.472817859180
 -2.54435521029 -1.03154741808 -0.260294937180 0.181089957447 0.432213068639 0.436775594422 0.410321450314
 -2.78068275842 -1.02207598416 -0.0485309042648 0.277166205647 0.449928296873 0.388615109649 0.233495145699
 -3.02529922369 -1.22352320098 -0.186377644151 0.228842015553 0.560926734371 0.483994844676 0.178415935825
 -3.36249553425 -1.67307329060 -0.352454401538 0.260852421586 0.630493425950 0.507150046188 0.213170816445
 -3.70436228353 -1.99369156541 -0.298659360261 0.430006156330 0.636479325335 0.377873002200 0.191545581358
 -3.92707665592 -2.21120782528 -0.509646359472 0.278637831079 0.602648657275 0.518625540442 0.366048437094
 -4.06880852310 -2.46526573008 -0.976773249663 -0.00627954654215 0.495255245651 0.763471138331 0.554473012951
 -4.22403739777 -2.63983016939 -1.19500214135 -0.166406566322 0.515119140292 0.803099578815 0.619658934268
 -4.42627567421 -2.71486792032 -1.09561040759 -0.0710165389621 0.527437805599 0.799937588029 0.551617319388
 -4.49123808405 -2.60180916208 -0.709922304638 0.0789568521345 0.459243612744 0.632274754646 0.629169099695
 -4.50662467051 -2.64468034027 -0.899679778669 0.00619395460970 0.454599919930 0.673647741252 0.677069337248
# log_selcoffs_fsh[3]:
 -3.82251499294 -2.77545528740 -1.81457122216 -1.04220737187 -0.511090805311 -0.141657902176 0.127998215909 0.353876011791 0.565920874267 0.765659618602 0.900101755858
 -4.35159125354 -3.24407731110 -2.23634362495 -1.42345450746 -0.825556930105 -0.410979215073 0.0126427363519 0.411923686001 0.749866822301 0.883110915604 0.892742307136
 -4.95625697072 -3.71900081699 -2.55843932327 -1.61251643515 -0.819687817607 -0.269555009449 0.185023503810 0.600137364773 0.795417199737 0.801407967215 0.702080338481
 -5.29441193697 -3.68375213713 -2.06357067558 -1.04831226652 -0.417897839500 -0.184990081616 0.0652025640092 0.319400435203 0.593130814678 0.799186322881 0.926529295446
 -5.52481337052 -3.91481594790 -2.34372041529 -1.26086398760 -0.602829501816 -0.224610324435 0.192319032498 0.422473980514 0.641545939958 0.769863438071 0.897689537286
 -5.74909041644 -4.17197459875 -2.72752725419 -1.56650510066 -0.800396521047 -0.171022885104 0.185882464333 0.512860842181 0.794401354539 0.776581968474 0.767232731982
 -5.96746788122 -4.15336531383 -2.44481282836 -1.27273506399 -0.475544678335 -0.00463666168174 0.247631856728 0.430917646328 0.708845223747 0.772354329208 0.684026925341
 -6.19069378862 -4.53409044643 -3.00336661787 -1.73162218916 -0.626779755065 -0.0175591862952 0.238360743888 0.478211428499 0.800856041269 0.787313049679 0.660835811595
 -6.42222394836 -4.73714228713 -2.96312931933 -1.22945097792 0.0205581811842 0.256275576676 0.0554427603473 0.209071147529 0.574849995108 0.736920000711 0.777822078367
 -6.64712464027 -5.06788624829 -3.48069467014 -1.99261853379 -0.840087785969 -0.249427228816 0.109311159660 0.708839778350 0.951140562127 0.768789837522 0.543141419966
 -6.82417047785 -5.33017995283 -3.85243463369 -2.43762985731 -1.18638465354 -0.235783324460 0.311400635241 0.849692028768 0.929963756249 0.699571103893 0.430892421433
 -6.98828142199 -5.51772739879 -4.07152144246 -2.64745827566 -1.30679892613 -0.255041526800 0.370062876801 0.881829409347 0.979391517551 0.667745951079 0.326275940772
 -7.18098664511 -5.64820712338 -4.11691514479 -2.58023684193 -1.13146916586 0.0260635965339 0.743156603410 1.05049926996 0.838762771644 0.341881356987 -0.137008117807
 -7.32621206886 -5.68428637440 -4.00677745719 -2.25385330222 -0.520468806517 0.543810999913 0.737327514698 0.855728598730 0.710454538441 0.213033245032 -0.174133553754
 -7.43811475787 -5.67152164427 -3.80417569300 -1.85043588303 -0.314795217151 0.567839494543 0.725881377056 0.758130518471 0.636750899095 0.252276493663 -0.0576092188845
 -7.50383633038 -5.68979687681 -3.87957902287 -2.10641633646 -0.492480140302 0.570604301627 0.838370657754 0.777797684190 0.566163039899 0.228052312035 -0.0342025211173
 -7.57687461496 -5.69715256208 -3.81323307235 -1.93364241213 -0.237614290064 0.851866837992 0.899346284361 0.637181131891 0.336750673008 0.0628909110315 -0.125029414252
 -7.62804909844 -5.66402059867 -3.70741102478 -1.89432698060 -0.451467990500 0.488853185942 0.870126881720 0.762438470985 0.575707920064 0.234261193523 -0.0193132086659
 -7.68536382938 -5.66177232565 -3.55292373348 -1.51949209560 -0.118467450830 0.623328431891 0.788822072246 0.668673979893 0.483207344715 0.230925761311 -0.0390404222852
# log_sel_spl_fsh[1]:
 0.00000000000 0.00000000000 0.00000000000 0.00000000000
 0.00000000000 0.00000000000 0.00000000000 0.00000000000
 0.00000000000 0.00000000000 0.00000000000 0.00000000000
 0.00000000000 0.00000000000 0.00000000000 0.00000000000
 0.00000000000 0.00000000000 0.00000000000 0.00000000000
 0.00000000000 0.00000000000 0.00000000000 0.00000000000
 0.00000000000 0.00000000000 0.00000000000 0.00000000000
 0.00000000000 0.00000000000 0.00000000000 0.00000000000
 0.00000000000 0.00000000000 0.00000000000 0.00000000000
 0.00000000000 0.00000000000 0.00000000000 0.00000000000
 0.00000000000 0.00000000000 0.00000000000 0.00000000000
 0.00000000000 0.00000000000 0.00000000000 0.00000000000
 0.00000000000 0.00000000000 0.00000000000 0.00000000000
 0.00000000000 0.00000000000 0.00000000000 0.00000000000
 0.00000000000 0.00000000000 0.00000000000 0.00000000000
 0.00000000000 0.00000000000 0.00000000000 0.00000000000
 0.00000000000 0.00000000000 0.00000000000 0.00000000000
 0.00000000000 0.00000000000 0.00000000000 0.00000000000
 0.00000000000 0.00000000000 0.00000000000 0.00000000000
 0.00000000000 0.00000000000 0.00000000000 0.00000000000
 0.00000000000 0.00000000000 0.00000000000 0.00000000000
 0.00000000000 0.00000000000 0.00000000000 0.00000000000
 0.00000000000 0.00000000000 0.00000000000 0.00000000000
 0.00000000000 0.00000000000 0.00000000000 0.00000000000
 0.00000000000 0.00000000000 0.00000000000 0.00000000000
 0.00000000000 0.00000000000 0.00000000000 0.00000000000
 0.00000000000 0.00000000000 0.00000000000 0.00000000000
 0.00000000000 0.00000000000 0.00000000000 0.00000000000
 0.00000000000 0.00000000000 0.00000000000 0.00000000000
 0.00000000000 0.00000000000 0.00000000000 0.00000000000
 0.00000000000 0.00000000000 0.00000000000 0.00000000000
 0.00000000000 0.00000000000 0.00000000000 0.00000000000
 0.00000000000 0.00000000000 0.00000000000 0.00000000000
 0.00000000000 0.00000000000 0.00000000000 0.00000000000
# log_sel_spl_fsh[2]:
 0.00000000000 0.00000000000 0.00000000000 0.00000000000
 0.00000000000 0.00000000000 0.00000000000 0.00000000000
 0.00000000000 0.00000000000 0.00000000000 0.00000000000
 0.00000000000 0.00000000000 0.00000000000 0.00000000000
 0.00000000000 0.00000000000 0.00000000000 0.00000000000
 0.00000000000 0.00000000000 0.00000000000 0.00000000000
 0.00000000000 0.00000000000 0.00000000000 0.00000000000
 0.00000000000 0.00000000000 0.00000000000 0.00000000000
 0.00000000000 0.00000000000 0.00000000000 0.00000000000
 0.00000000000 0.00000000000 0.00000000000 0.00000000000
 0.00000000000 0.00000000000 0.00000000000 0.00000000000
 0.00000000000 0.00000000000 0.00000000000 0.00000000000
 0.00000000000 0.00000000000 0.00000000000 0.00000000000
 0.00000000000 0.00000000000 0.00000000000 0.00000000000
 0.00000000000 0.00000000000 0.00000000000 0.00000000000
 0.00000000000 0.00000000000 0.00000000000 0.00000000000
 0.00000000000 0.00000000000 0.00000000000 0.00000000000
 0.00000000000 0.00000000000 0.00000000000 0.00000000000
 0.00000000000 0.00000000000 0.00000000000 0.00000000000
 0.00000000000 0.00000000000 0.00000000000 0.00000000000
 0.00000000000 0.00000000000 0.00000000000 0.00000000000
 0.00000000000 0.00000000000 0.00000000000 0.00000000000
 0.00000000000 0.00000000000 0.00000000000 0.00000000000
 0.00000000000 0.00000000000 0.00000000000 0.00000000000
 0.00000000000 0.00000000000 0.00000000000 0.00000000000
 0.00000000000 0.00000000000 0.00000000000 0.00000000000
 0.00000000000 0.00000000000 0.00000000000 0.00000000000
 0.00000000000 0.00000000000 0.00000000000 0.00000000000
 0.00000000000 0.00000000000 0.00000000000 0.00000000000
 0.00000000000 0.00000000000 0.00000000000 0.00000000000
 0.00000000000 0.00000000000 0.00000000000 0.00000000000
 0.00000000000 0.00000000000 0.00000000000 0.00000000000
 0.00000000000 0.00000000000 0.00000000000 0.00000000000
 0.00000000000 0.00000000000 0.00000000000 0.00000000000
# log_sel_spl_fsh[3]:
 0.00000000000 0.00000000000 0.00000000000 0.00000000000
 0.00000000000 0.00000000000 0.00000000000 0.00000000000
 0.00000000000 0.00000000000 0.00000000000 0.00000000000
 0.00000000000 0.00000000000 0.00000000000 0.00000000000
 0.00000000000 0.00000000000 0.00000000000 0.00000000000
 0.00000000000 0.00000000000 0.00000000000 0.00000000000
 0.00000000000 0.00000000000 0.00000000000 0.00000000000
 0.00000000000 0.00000000000 0.00000000000 0.00000000000
 0.00000000000 0.00000000000 0.00000000000 0.00000000000
 0.00000000000 0.00000000000 0.00000000000 0.00000000000
 0.00000000000 0.00000000000 0.00000000000 0.00000000000
 0.00000000000 0.00000000000 0.00000000000 0.00000000000
 0.00000000000 0.00000000000 0.00000000000 0.00000000000
 0.00000000000 0.00000000000 0.00000000000 0.00000000000
 0.00000000000 0.00000000000 0.00000000000 0.00000000000
 0.00000000000 0.00000000000 0.00000000000 0.00000000000
 0.00000000000 0.00000000000 0.00000000000 0.00000000000
 0.00000000000 0.00000000000 0.00000000000 0.00000000000
 0.00000000000 0.00000000000 0.00000000000 0.00000000000
# logsel_slope_fsh[1]:
 0.00000000000 0.00000000000 0.00000000000 0.00000000000 0.00000000000 0.00000000000 0.00000000000 0.00000000000 0.00000000000 0.00000000000 0.00000000000 0.00000000000 0.00000000000 0.00000000000 0.00000000000 0.00000000000 0.00000000000 0.00000000000 0.00000000000 0.00000000000 0.00000000000 0.00000000000 0.00000000000 0.00000000000 0.00000000000 0.00000000000 0.00000000000 0.00000000000 0.00000000000 0.00000000000 0.00000000000 0.00000000000 0.00000000000 0.00000000000
# logsel_slope_fsh[2]:
 0.00000000000 0.00000000000 0.00000000000 0.00000000000 0.00000000000 0.00000000000 0.00000000000 0.00000000000 0.00000000000 0.00000000000 0.00000000000 0.00000000000 0.00000000000 0.00000000000 0.00000000000 0.00000000000 0.00000000000 0.00000000000 0.00000000000 0.00000000000 0.00000000000 0.00000000000 0.00000000000 0.00000000000 0.00000000000 0.00000000000 0.00000000000 0.00000000000 0.00000000000 0.00000000000 0.00000000000 0.00000000000 0.00000000000 0.00000000000
# logsel_slope_fsh[3]:
 0.00000000000 0.00000000000 0.00000000000 0.00000000000 0.00000000000 0.00000000000 0.00000000000 0.00000000000 0.00000000000 0.00000000000 0.00000000000 0.00000000000 0.00000000000 0.00000000000 0.00000000000 0.00000000000 0.00000000000 0.00000000000 0.00000000000
# sel50_fsh[1]:
 0.00000000000 0.00000000000 0.00000000000 0.00000000000 0.00000000000 0.00000000000 0.00000000000 0.00000000000 0.00000000000 0.00000000000 0.00000000000 0.00000000000 0.00000000000 0.00000000000 0.00000000000 0.00000000000 0.00000000000 0.00000000000 0.00000000000 0.00000000000 0.00000000000 0.00000000000 0.00000000000 0.00000000000 0.00000000000 0.00000000000 0.00000000000 0.00000000000 0.00000000000 0.00000000000 0.00000000000 0.00000000000 0.00000000000 0.00000000000
# sel50_fsh[2]:
 0.00000000000 0.00000000000 0.00000000000 0.00000000000 0.00000000000 0.00000000000 0.00000000000 0.00000000000 0.00000000000 0.00000000000 0.00000000000 0.00000000000 0.00000000000 0.00000000000 0.00000000000 0.00000000000 0.00000000000 0.00000000000 0.00000000000 0.00000000000 0.00000000000 0.00000000000 0.00000000000 0.00000000000 0.00000000000 0.00000000000 0.00000000000 0.00000000000 0.00000000000 0.00000000000 0.00000000000 0.00000000000 0.00000000000 0.00000000000
# sel50_fsh[3]:
 0.00000000000 0.00000000000 0.00000000000 0.00000000000 0.00000000000 0.00000000000 0.00000000000 0.00000000000 0.00000000000 0.00000000000 0.00000000000 0.00000000000 0.00000000000 0.00000000000 0.00000000000 0.00000000000 0.00000000000 0.00000000000 0.00000000000
# logsel_p1_fsh[1]:
 0.00000000000 0.00000000000 0.00000000000 0.00000000000 0.00000000000 0.00000000000 0.00000000000 0.00000000000 0.00000000000 0.00000000000 0.00000000000 0.00000000000 0.00000000000 0.00000000000 0.00000000000 0.00000000000 0.00000000000 0.00000000000 0.00000000000 0.00000000000 0.00000000000 0.00000000000 0.00000000000 0.00000000000 0.00000000000 0.00000000000 0.00000000000 0.00000000000 0.00000000000 0.00000000000 0.00000000000 0.00000000000 0.00000000000 0.00000000000
# logsel_p1_fsh[2]:
 0.00000000000 0.00000000000 0.00000000000 0.00000000000 0.00000000000 0.00000000000 0.00000000000 0.00000000000 0.00000000000 0.00000000000 0.00000000000 0.00000000000 0.00000000000 0.00000000000 0.00000000000 0.00000000000 0.00000000000 0.00000000000 0.00000000000 0.00000000000 0.00000000000 0.00000000000 0.00000000000 0.00000000000 0.00000000000 0.00000000000 0.00000000000 0.00000000000 0.00000000000 0.00000000000 0.00000000000 0.00000000000 0.00000000000 0.00000000000
# logsel_p1_fsh[3]:
 0.00000000000 0.00000000000 0.00000000000 0.00000000000 0.00000000000 0.00000000000 0.00000000000 0.00000000000 0.00000000000 0.00000000000 0.00000000000 0.00000000000 0.00000000000 0.00000000000 0.00000000000 0.00000000000 0.00000000000 0.00000000000 0.00000000000
# logsel_p2_fsh[1]:
 0.00000000000 0.00000000000 0.00000000000 0.00000000000 0.00000000000 0.00000000000 0.00000000000 0.00000000000 0.00000000000 0.00000000000 0.00000000000 0.00000000000 0.00000000000 0.00000000000 0.00000000000 0.00000000000 0.00000000000 0.00000000000 0.00000000000 0.00000000000 0.00000000000 0.00000000000 0.00000000000 0.00000000000 0.00000000000 0.00000000000 0.00000000000 0.00000000000 0.00000000000 0.00000000000 0.00000000000 0.00000000000 0.00000000000 0.00000000000
# logsel_p2_fsh[2]:
 0.00000000000 0.00000000000 0.00000000000 0.00000000000 0.00000000000 0.00000000000 0.00000000000 0.00000000000 0.00000000000 0.00000000000 0.00000000000 0.00000000000 0.00000000000 0.00000000000 0.00000000000 0.00000000000 0.00000000000 0.00000000000 0.00000000000 0.00000000000 0.00000000000 0.00000000000 0.00000000000 0.00000000000 0.00000000000 0.00000000000 0.00000000000 0.00000000000 0.00000000000 0.00000000000 0.00000000000 0.00000000000 0.00000000000 0.00000000000
# logsel_p2_fsh[3]:
 0.00000000000 0.00000000000 0.00000000000 0.00000000000 0.00000000000 0.00000000000 0.00000000000 0.00000000000 0.00000000000 0.00000000000 0.00000000000 0.00000000000 0.00000000000 0.00000000000 0.00000000000 0.00000000000 0.00000000000 0.00000000000 0.00000000000
# logsel_p3_fsh[1]:
 0.00000000000 0.00000000000 0.00000000000 0.00000000000 0.00000000000 0.00000000000 0.00000000000 0.00000000000 0.00000000000 0.00000000000 0.00000000000 0.00000000000 0.00000000000 0.00000000000 0.00000000000 0.00000000000 0.00000000000 0.00000000000 0.00000000000 0.00000000000 0.00000000000 0.00000000000 0.00000000000 0.00000000000 0.00000000000 0.00000000000 0.00000000000 0.00000000000 0.00000000000 0.00000000000 0.00000000000 0.00000000000 0.00000000000 0.00000000000
# logsel_p3_fsh[2]:
 0.00000000000 0.00000000000 0.00000000000 0.00000000000 0.00000000000 0.00000000000 0.00000000000 0.00000000000 0.00000000000 0.00000000000 0.00000000000 0.00000000000 0.00000000000 0.00000000000 0.00000000000 0.00000000000 0.00000000000 0.00000000000 0.00000000000 0.00000000000 0.00000000000 0.00000000000 0.00000000000 0.00000000000 0.00000000000 0.00000000000 0.00000000000 0.00000000000 0.00000000000 0.00000000000 0.00000000000 0.00000000000 0.00000000000 0.00000000000
# logsel_p3_fsh[3]:
 0.00000000000 0.00000000000 0.00000000000 0.00000000000 0.00000000000 0.00000000000 0.00000000000 0.00000000000 0.00000000000 0.00000000000 0.00000000000 0.00000000000 0.00000000000 0.00000000000 0.00000000000 0.00000000000 0.00000000000 0.00000000000 0.00000000000
# rec_dev_future:
 0.00000000000 0.00000000000 0.00000000000 0.00000000000 0.00000000000 0.00000000000 0.00000000000 0.00000000000 0.00000000000 0.00000000000 0.00000000000 0.00000000000 0.00000000000 0.00000000000 0.00000000000 0.00000000000 0.00000000000 0.00000000000 0.00000000000 0.00000000000
# log_q_ind[1]:
-11.5749518031
# log_q_ind[2]:
-11.4662065441
# log_q_power_ind[1]:
0.00000000000
# log_q_power_ind[2]:
0.00000000000
# log_selcoffs_ind[1]:
 0.00000000000 0.00000000000 0.00000000000 0.00000000000 0.00000000000 0.00000000000 0.00000000000 0.00000000000 0.00000000000 0.00000000000
# log_selcoffs_ind[2]:
 0.00000000000 0.00000000000 0.00000000000 0.00000000000 0.00000000000 0.00000000000 0.00000000000 0.00000000000 0.00000000000 0.00000000000
# logsel_slope_ind[1]:
 0.00000000000
# logsel_slope_ind[2]:
 0.00000000000
# sel50_ind[1]:
 0.00000000000
# sel50_ind[2]:
 0.00000000000
# logsel_p1_ind[1]:
 0.00000000000
# logsel_p1_ind[2]:
 0.00000000000
# sel_p2_ind[1]:
 0.00000000000
# sel_p2_ind[2]:
 0.00000000000
# logsel_p3_ind[1]:
 0.00000000000
# logsel_p3_ind[2]:
 0.00000000000
