# Number of parameters = 869 Objective function value = 498.595677351868  Maximum gradient component = 0.000163761698692047
# Mest[1]:
0.270000000000
# log_Linf[1]:
4.38701417618
# log_k[1]:
-1.83258146375
# log_Lo[1]:
2.75684036527
# log_sdage[1]:
-2.40794560865
# mean_log_rec[1]:
8.25717190452
# steepness[1]:
0.610000000000
# log_Rzero[1]:
8.09845615304
# rec_dev:
 -0.266291636172 -0.322202557817 -0.387285164514 -0.182820177404 0.258136511875 0.192520279454 0.471881173037 0.387516765542 0.341912680221 0.262084594017 0.395590987852 0.257474821829 0.723861157059 0.944857648296 0.927631821496 0.802598050336 0.707000782943 0.721613152844 0.672528797382 0.613876585420 0.599557960437 0.414629309034 0.247946898489 0.205594891961 0.355822493230 0.496421928109 0.414878280010 0.336796367838 0.206900233806 0.101188973439 0.0163838746479 -0.0821727809464 -0.0236619320377 -0.0868336951116 -0.115698180630 -0.0506183017711 -0.0490740415796 -0.133276761937 -0.313908451899 -0.509627701826 -0.588356927623 -0.680784878334 -0.593355728529 -0.602337579718 -0.664861189896 -0.700461836608 -0.717044675497 -0.627171471225 -0.601585513011 -0.369315945755 -0.248930372036 -0.252642947031 -0.0265147313898
# log_sigmar[1]:
-0.223143551314
# fmort:
 -1.49008565958 -1.61443649348 -1.58723792855 -1.47530160403 -2.09180967003 -2.24911987581 -2.17929479031 -2.22686152498 -1.68585110469 -1.42589458742 -1.91981291192 -1.65524844864 -1.98669264223 -2.40638779933 -1.92356964587 -1.99919649413 -1.77815826576 -1.75546679928 -1.76861340065 -1.82925647690 -1.91056466527 -1.90901429591 -2.25512379336 -2.19791851532 -2.43935151356 -2.66864819386 -2.49065487497 -3.56240182601 -2.22254039041 -2.69983862207 -3.56952878350 -3.56478521796 -2.52438348194 -2.81762451124 -2.92498868082 -3.59398652864 -4.78688075819 -4.35694476148 -5.12480167171 -5.40112205270 -4.91118893521 -3.94736721812 -3.82235677816 -4.03076384719
 -12.5565039538 -12.4199617785 -12.3203521802 -12.2400415549 -5.24979632139 -5.23316806636 -4.19362840846 -4.14514585460 -3.42494229340 -2.69340493341 -3.51440669192 -2.52428331991 -2.55194128353 -2.71531095481 -3.08278012545 -4.67669292603 -4.10420471233 -4.05891720562 -3.80074857767 -3.60086738537 -3.11535694878 -3.51956849942 -3.25092281404 -2.41794207387 -3.87344269430 -2.42910736769 -1.62590919242 -2.30136738456 -2.30807820239 -2.07441850189 -2.26153952652 -1.77759854156 -1.80932219407 -2.81959871210 -3.09704214042 -2.55607499800 -2.95087951079 -2.70236636084 -2.89890325615 -2.83625173208 -2.89352619433 -3.07052073102 -2.65472657618 -2.96904422605
 -12.5478033628 -12.3536171392 -12.2085131555 -12.0781105973 -12.0287303155 -12.0884837529 -12.1878429634 -12.2988494467 -12.3548837458 -3.76676067927 -1.15897788969 -0.901281184388 -0.982179648141 -1.13849591984 -1.89457121734 -2.45529229892 -3.13433522916 -2.58746086361 -2.76938723337 -2.98305800950 -2.86507750336 -2.43260490777 -2.11670869136 -2.45033107445 -2.29806267245 -1.69352702177 -1.29245038506 -2.43186337249 -2.66513118328 -2.22638083576 -2.07978747990 -1.97030960144 -2.56785841493 -2.59203512800 -2.30138198717 -2.95198927315 -4.46926412996 -3.21371275572 -3.08036567537 -3.13706373184 -3.11694982996 -2.79703398902 -3.16222129561 -3.46385290741
# log_selcoffs_fsh[1]:
 -2.61594886602 -1.69861165023 -0.697015580410 0.0272191251433 0.495496883237 0.946621386561
 -2.83438509049 -1.74391131392 -0.811681633817 -0.0564610204885 0.504331468532 1.00111637732
 -3.06462021621 -1.79781002018 -0.817359606693 -0.0790822036320 0.513723897950 1.01182012597
 -3.17471263857 -1.82400111441 -0.737558547193 -0.0529044441384 0.527554218509 0.984054840232
 -3.20495551287 -1.80842155664 -0.691302279177 -0.0739738759331 0.474475585796 1.01477263909
 -3.35220086984 -1.93907811212 -0.836340284523 -0.0954161664178 0.417347610171 1.08550615629
 -3.45965921584 -2.20173996140 -1.14064073825 -0.221636613988 0.491917242817 1.13194378226
 -3.48220430723 -2.16446883737 -1.08350073994 -0.129991376677 0.537727947483 1.07357656907
 -3.41333069060 -2.17926828621 -1.17893383458 -0.217336703883 0.612820155929 1.06334772798
 -3.37292619563 -1.75671972129 -0.682540853202 0.0204242057197 0.532571163715 0.941501902544
 -3.29530544335 -1.52202058923 -0.256578944031 0.231363684215 0.477867750091 0.740998441516
 -3.12814565021 -1.36541493369 -0.200054256653 0.243830732057 0.457627888754 0.705960151095
 -3.05721200796 -1.36275031423 -0.361547044402 0.246969836793 0.528295727785 0.705198248371
 -3.10326633865 -1.58489502923 -0.484123089832 0.281599931644 0.652106856103 0.636080360882
 -3.02752138541 -1.68831149208 -0.528000979648 0.205522971880 0.622784192549 0.734611654344
 -2.90043071566 -1.66158624327 -0.601147674028 0.105748230702 0.594037438495 0.825994862278
 -3.05803465556 -1.81069085860 -0.709625882726 0.0630876755438 0.577204189480 0.896691407873
 -3.04201289488 -1.82109234060 -0.764855750450 -0.0379444836536 0.495142446919 1.00118807192
 -3.23402722582 -1.86905127872 -0.563572920244 0.152787254858 0.581627423711 0.825549557933
 -3.10515101505 -1.82561728756 -0.522146909730 0.177269408116 0.542073371693 0.827370826746
 -2.93970129402 -1.71894283786 -0.687613640134 0.0256599318228 0.502292317703 0.950340908039
 -3.27160263341 -2.06294803194 -0.959976081516 -0.0545226694828 0.615020720922 0.976610978113
 -3.56489850209 -2.33854018857 -1.27173191162 -0.250735658277 0.660855082976 1.05786345015
 -3.86669417360 -2.58433710247 -1.37408672839 -0.278008080731 0.641200924529 1.09677911043
 -4.17237227949 -2.75283565405 -1.31595773624 -0.210290669241 0.691124477568 1.04602445171
 -4.39759782324 -2.99530677533 -1.58439828406 -0.307769375094 0.695081753100 1.09649112417
 -4.47108136845 -3.09558148366 -1.85817493467 -0.657044359154 0.438368250101 1.31340171788
 -4.68051935471 -3.37140202998 -2.09881087692 -0.815722415991 0.438486855399 1.34575953929
 -4.88339746180 -3.56188722667 -2.22819442666 -0.877473342402 0.448466273124 1.35443721191
 -5.06567280309 -3.68694302407 -2.23840179067 -0.819949641656 0.434292215714 1.35523944643
 -5.28174848914 -3.84078343893 -2.27922230289 -0.694969764793 0.590761410325 1.27161950551
 -5.30750262154 -3.84289023032 -2.30266194498 -0.805865204045 0.363479945951 1.38343894577
 -5.46427101334 -3.97247721720 -2.36331569530 -0.748762437819 0.579867063738 1.28759984300
 -5.55281796816 -4.03819373999 -2.34164845144 -0.606300306928 0.656385592858 1.22646259083
# log_selcoffs_fsh[2]:
 -1.72754850327 -1.00709625133 -0.354672134304 0.133743791232 0.404092926800 0.451321162074 0.434486702137
 -1.73489466765 -1.01419106951 -0.363412223934 0.126577687344 0.394410270252 0.463102692686 0.443494353063
 -1.75338187083 -1.02560652928 -0.368865411958 0.121426878920 0.396363039693 0.462285490115 0.453303165684
 -1.78560509696 -1.04610813013 -0.375053260054 0.123192746700 0.392170219934 0.469617740752 0.459368943632
 -1.82802830355 -1.07471434816 -0.391310513594 0.121058184878 0.394930447637 0.472551967205 0.472905874508
 -1.87915401819 -1.11207002499 -0.418721924843 0.103782642418 0.391538667954 0.485777644137 0.498629510782
 -1.94008512985 -1.15754606354 -0.455519430363 0.0738847933131 0.383960506725 0.507598147980 0.531725837956
 -2.01515895081 -1.20631738145 -0.488527218842 0.0506234445811 0.377440909193 0.523418299970 0.562817972450
 -2.10660742316 -1.25773774643 -0.516390480466 0.0293769342726 0.369069390635 0.538172140276 0.592392360268
 -2.21493635056 -1.30576367415 -0.531439298064 0.0168858160617 0.354421334342 0.545290268535 0.623058197283
 -2.34904235021 -1.34996157458 -0.524998558086 0.0238002894726 0.345494637843 0.537566024052 0.644546832900
 -2.52169699538 -1.38986043288 -0.500973555821 0.0497880308303 0.345197714207 0.527773928302 0.645087701525
 -2.73981973715 -1.41178953361 -0.457390022436 0.0575344417828 0.354069769151 0.526624083994 0.632066563683
 -3.03869977340 -1.78895931120 -0.708771478056 0.0248690211300 0.423481717408 0.572284364504 0.676996704957
 -3.16240439786 -2.02370670511 -0.996049447831 -0.255273532874 0.339361106523 0.653333704893 0.856746064444
 -3.22880161191 -1.99909519867 -0.903178713993 -0.110513615174 0.357066453601 0.623786327856 0.801630685711
 -3.25150054772 -2.03186749390 -0.944806743871 0.00875094898831 0.475430875756 0.611927399634 0.683076741706
 -3.08239187947 -1.90106044148 -0.834311433803 -0.0526386625480 0.378330037876 0.614709038182 0.748052479361
 -2.92577383362 -1.75773347379 -0.597790527060 0.0244915782259 0.379155810414 0.544734988003 0.700083006381
 -2.62286601474 -1.49672904187 -0.306319645837 0.177859991925 0.271305524634 0.428089602311 0.655827149679
 -2.55543470019 -1.56460464339 -0.677090326761 -0.0419928035749 0.360720386135 0.685194537562 0.603047837410
 -2.42315135613 -1.36850563702 -0.624517532645 -0.0592989401024 0.442597900134 0.608446621737 0.579197335249
 -2.50322020425 -1.33643324916 -0.624297233820 0.00253903368665 0.509454316433 0.616544109489 0.470203555579
 -2.58528440952 -1.04490812391 -0.263611292377 0.185356866617 0.455461072712 0.442026320155 0.384053557158
 -2.81886593036 -1.03130071595 -0.0338410589556 0.290229355724 0.458361593890 0.385728518272 0.205515612448
 -3.06119782922 -1.24016435236 -0.177266956048 0.253347534437 0.570246704036 0.472005462887 0.153609256601
 -3.39199838032 -1.69589956915 -0.361745817724 0.270109771421 0.645230222516 0.500162242455 0.199622811840
 -3.71137526575 -2.01040639119 -0.318387368395 0.414363962390 0.634186506173 0.390270534832 0.213517276455
 -3.91203606762 -2.21338924688 -0.530745645377 0.252862620413 0.581476880735 0.528403761136 0.412041808395
 -4.04094263937 -2.45828975800 -0.985133712611 -0.0310022986788 0.469525444465 0.758215751134 0.598987949302
 -4.18057418945 -2.62476728206 -1.19734548851 -0.178344877938 0.487247316840 0.794720584595 0.658531570992
 -4.36330921468 -2.68440635369 -1.09595198624 -0.0792278872789 0.514736312190 0.787660363954 0.581940103041
 -4.40637384886 -2.54038210494 -0.691331335132 0.0656634882058 0.442991536995 0.625109654132 0.649392924439
 -4.40404096855 -2.53369238317 -0.817946886903 0.0151263879445 0.423488043886 0.650352823741 0.697304698662
# log_selcoffs_fsh[3]:
 -4.77827913515 -2.83259914140 -1.45060923481 -0.550484637880 -0.163506337220 0.141491697845 0.237353469939 0.300627327766 0.401906578851 0.554215872459 0.818297531458
 -4.95698469109 -3.35671245855 -2.04169354181 -1.13221407442 -0.580393781486 -0.262109411164 0.0625705520782 0.375125661624 0.664445647159 0.827725632964 0.886086679469
 -5.31026815189 -3.82677467339 -2.54368243877 -1.58740743284 -0.813226409069 -0.277833324013 0.172968919549 0.588377823867 0.771855299380 0.804785372883 0.741705404605
 -5.55626021307 -3.77386559688 -2.04723954308 -0.993978838642 -0.344445118314 -0.108101349631 0.150684002853 0.407382599787 0.639081225112 0.750032362743 0.784136958985
 -5.73961841130 -4.00102464708 -2.32722494028 -1.18189744252 -0.485882318874 -0.0883169716617 0.320366561318 0.525790713582 0.686566386564 0.690878357604 0.689049766101
 -5.92661417848 -4.27547745159 -2.76078305976 -1.52955947595 -0.703130026919 -0.0359492433014 0.309768909496 0.583424007593 0.796185747504 0.705778409168 0.613056604292
 -6.09970487257 -4.27504058543 -2.57126882001 -1.39346704844 -0.554484455133 -0.0373237822939 0.243685034328 0.403029945403 0.697115898370 0.814536533071 0.733849743664
 -6.31147197981 -4.66088890638 -3.14227689803 -1.87620226592 -0.742762041011 -0.0765538636449 0.208254861216 0.464232943728 0.792513091390 0.823388447198 0.732753868599
 -6.53060780528 -4.85095569623 -3.08002723643 -1.34211203849 -0.0746593511382 0.188153347219 0.00347805634952 0.166615191550 0.566755328706 0.788451986876 0.875918924043
 -6.73949120318 -5.16824266685 -3.58601723360 -2.10331477042 -0.955263609614 -0.360211305162 0.00564375874448 0.627745008198 0.924878883560 0.842146450794 0.712545178948
 -6.89479196798 -5.41540562095 -3.94518761102 -2.53038627087 -1.28600780496 -0.350852963235 0.181913391350 0.727521582887 0.893281077583 0.802551579578 0.678688516457
 -7.04155296302 -5.59683591784 -4.16976891903 -2.74917753096 -1.40006536947 -0.358170203556 0.250831152810 0.770142056908 0.939312010460 0.772779060901 0.588497988838
 -7.19766817759 -5.70236556099 -4.21690740819 -2.72578565440 -1.31008749834 -0.190326590943 0.502822563637 0.880540774013 0.876991402351 0.650793276692 0.359690420949
 -7.34329497234 -5.73609452618 -4.09615469105 -2.37457193586 -0.652925155122 0.431752993016 0.646384662389 0.792722559488 0.733569147769 0.390130745736 0.138242353870
 -7.44896228196 -5.70675721277 -3.86261308299 -1.92717466436 -0.395705657647 0.498358491767 0.691412708919 0.746880470328 0.650551114605 0.328573383103 0.0932884137740
 -7.50602859928 -5.70533658820 -3.90381246347 -2.13066665457 -0.511471900108 0.570810610329 0.845337488367 0.782169763585 0.558480399934 0.217649006765 -0.0184226195582
 -7.55531472579 -5.67899571411 -3.80558724300 -1.94424045636 -0.267921015092 0.808739248818 0.888320726268 0.655501406853 0.372252471703 0.0983607028954 -0.0952322920394
 -7.59240099069 -5.61270266606 -3.65691456371 -1.86780405335 -0.442594416474 0.500048036124 0.887364061759 0.773810998237 0.563275816471 0.202188893102 -0.0542724048071
 -7.64786175670 -5.57542645595 -3.42767159301 -1.39800750929 -0.0319659487879 0.704386336344 0.860067279234 0.681114414164 0.388632520933 0.0714930949251 -0.178450430129
# log_sel_spl_fsh[1]:
 0.00000000000 0.00000000000 0.00000000000 0.00000000000
 0.00000000000 0.00000000000 0.00000000000 0.00000000000
 0.00000000000 0.00000000000 0.00000000000 0.00000000000
 0.00000000000 0.00000000000 0.00000000000 0.00000000000
 0.00000000000 0.00000000000 0.00000000000 0.00000000000
 0.00000000000 0.00000000000 0.00000000000 0.00000000000
 0.00000000000 0.00000000000 0.00000000000 0.00000000000
 0.00000000000 0.00000000000 0.00000000000 0.00000000000
 0.00000000000 0.00000000000 0.00000000000 0.00000000000
 0.00000000000 0.00000000000 0.00000000000 0.00000000000
 0.00000000000 0.00000000000 0.00000000000 0.00000000000
 0.00000000000 0.00000000000 0.00000000000 0.00000000000
 0.00000000000 0.00000000000 0.00000000000 0.00000000000
 0.00000000000 0.00000000000 0.00000000000 0.00000000000
 0.00000000000 0.00000000000 0.00000000000 0.00000000000
 0.00000000000 0.00000000000 0.00000000000 0.00000000000
 0.00000000000 0.00000000000 0.00000000000 0.00000000000
 0.00000000000 0.00000000000 0.00000000000 0.00000000000
 0.00000000000 0.00000000000 0.00000000000 0.00000000000
 0.00000000000 0.00000000000 0.00000000000 0.00000000000
 0.00000000000 0.00000000000 0.00000000000 0.00000000000
 0.00000000000 0.00000000000 0.00000000000 0.00000000000
 0.00000000000 0.00000000000 0.00000000000 0.00000000000
 0.00000000000 0.00000000000 0.00000000000 0.00000000000
 0.00000000000 0.00000000000 0.00000000000 0.00000000000
 0.00000000000 0.00000000000 0.00000000000 0.00000000000
 0.00000000000 0.00000000000 0.00000000000 0.00000000000
 0.00000000000 0.00000000000 0.00000000000 0.00000000000
 0.00000000000 0.00000000000 0.00000000000 0.00000000000
 0.00000000000 0.00000000000 0.00000000000 0.00000000000
 0.00000000000 0.00000000000 0.00000000000 0.00000000000
 0.00000000000 0.00000000000 0.00000000000 0.00000000000
 0.00000000000 0.00000000000 0.00000000000 0.00000000000
 0.00000000000 0.00000000000 0.00000000000 0.00000000000
# log_sel_spl_fsh[2]:
 0.00000000000 0.00000000000 0.00000000000 0.00000000000
 0.00000000000 0.00000000000 0.00000000000 0.00000000000
 0.00000000000 0.00000000000 0.00000000000 0.00000000000
 0.00000000000 0.00000000000 0.00000000000 0.00000000000
 0.00000000000 0.00000000000 0.00000000000 0.00000000000
 0.00000000000 0.00000000000 0.00000000000 0.00000000000
 0.00000000000 0.00000000000 0.00000000000 0.00000000000
 0.00000000000 0.00000000000 0.00000000000 0.00000000000
 0.00000000000 0.00000000000 0.00000000000 0.00000000000
 0.00000000000 0.00000000000 0.00000000000 0.00000000000
 0.00000000000 0.00000000000 0.00000000000 0.00000000000
 0.00000000000 0.00000000000 0.00000000000 0.00000000000
 0.00000000000 0.00000000000 0.00000000000 0.00000000000
 0.00000000000 0.00000000000 0.00000000000 0.00000000000
 0.00000000000 0.00000000000 0.00000000000 0.00000000000
 0.00000000000 0.00000000000 0.00000000000 0.00000000000
 0.00000000000 0.00000000000 0.00000000000 0.00000000000
 0.00000000000 0.00000000000 0.00000000000 0.00000000000
 0.00000000000 0.00000000000 0.00000000000 0.00000000000
 0.00000000000 0.00000000000 0.00000000000 0.00000000000
 0.00000000000 0.00000000000 0.00000000000 0.00000000000
 0.00000000000 0.00000000000 0.00000000000 0.00000000000
 0.00000000000 0.00000000000 0.00000000000 0.00000000000
 0.00000000000 0.00000000000 0.00000000000 0.00000000000
 0.00000000000 0.00000000000 0.00000000000 0.00000000000
 0.00000000000 0.00000000000 0.00000000000 0.00000000000
 0.00000000000 0.00000000000 0.00000000000 0.00000000000
 0.00000000000 0.00000000000 0.00000000000 0.00000000000
 0.00000000000 0.00000000000 0.00000000000 0.00000000000
 0.00000000000 0.00000000000 0.00000000000 0.00000000000
 0.00000000000 0.00000000000 0.00000000000 0.00000000000
 0.00000000000 0.00000000000 0.00000000000 0.00000000000
 0.00000000000 0.00000000000 0.00000000000 0.00000000000
 0.00000000000 0.00000000000 0.00000000000 0.00000000000
# log_sel_spl_fsh[3]:
 0.00000000000 0.00000000000 0.00000000000 0.00000000000
 0.00000000000 0.00000000000 0.00000000000 0.00000000000
 0.00000000000 0.00000000000 0.00000000000 0.00000000000
 0.00000000000 0.00000000000 0.00000000000 0.00000000000
 0.00000000000 0.00000000000 0.00000000000 0.00000000000
 0.00000000000 0.00000000000 0.00000000000 0.00000000000
 0.00000000000 0.00000000000 0.00000000000 0.00000000000
 0.00000000000 0.00000000000 0.00000000000 0.00000000000
 0.00000000000 0.00000000000 0.00000000000 0.00000000000
 0.00000000000 0.00000000000 0.00000000000 0.00000000000
 0.00000000000 0.00000000000 0.00000000000 0.00000000000
 0.00000000000 0.00000000000 0.00000000000 0.00000000000
 0.00000000000 0.00000000000 0.00000000000 0.00000000000
 0.00000000000 0.00000000000 0.00000000000 0.00000000000
 0.00000000000 0.00000000000 0.00000000000 0.00000000000
 0.00000000000 0.00000000000 0.00000000000 0.00000000000
 0.00000000000 0.00000000000 0.00000000000 0.00000000000
 0.00000000000 0.00000000000 0.00000000000 0.00000000000
 0.00000000000 0.00000000000 0.00000000000 0.00000000000
# logsel_slope_fsh[1]:
 0.00000000000 0.00000000000 0.00000000000 0.00000000000 0.00000000000 0.00000000000 0.00000000000 0.00000000000 0.00000000000 0.00000000000 0.00000000000 0.00000000000 0.00000000000 0.00000000000 0.00000000000 0.00000000000 0.00000000000 0.00000000000 0.00000000000 0.00000000000 0.00000000000 0.00000000000 0.00000000000 0.00000000000 0.00000000000 0.00000000000 0.00000000000 0.00000000000 0.00000000000 0.00000000000 0.00000000000 0.00000000000 0.00000000000 0.00000000000
# logsel_slope_fsh[2]:
 0.00000000000 0.00000000000 0.00000000000 0.00000000000 0.00000000000 0.00000000000 0.00000000000 0.00000000000 0.00000000000 0.00000000000 0.00000000000 0.00000000000 0.00000000000 0.00000000000 0.00000000000 0.00000000000 0.00000000000 0.00000000000 0.00000000000 0.00000000000 0.00000000000 0.00000000000 0.00000000000 0.00000000000 0.00000000000 0.00000000000 0.00000000000 0.00000000000 0.00000000000 0.00000000000 0.00000000000 0.00000000000 0.00000000000 0.00000000000
# logsel_slope_fsh[3]:
 0.00000000000 0.00000000000 0.00000000000 0.00000000000 0.00000000000 0.00000000000 0.00000000000 0.00000000000 0.00000000000 0.00000000000 0.00000000000 0.00000000000 0.00000000000 0.00000000000 0.00000000000 0.00000000000 0.00000000000 0.00000000000 0.00000000000
# sel50_fsh[1]:
 0.00000000000 0.00000000000 0.00000000000 0.00000000000 0.00000000000 0.00000000000 0.00000000000 0.00000000000 0.00000000000 0.00000000000 0.00000000000 0.00000000000 0.00000000000 0.00000000000 0.00000000000 0.00000000000 0.00000000000 0.00000000000 0.00000000000 0.00000000000 0.00000000000 0.00000000000 0.00000000000 0.00000000000 0.00000000000 0.00000000000 0.00000000000 0.00000000000 0.00000000000 0.00000000000 0.00000000000 0.00000000000 0.00000000000 0.00000000000
# sel50_fsh[2]:
 0.00000000000 0.00000000000 0.00000000000 0.00000000000 0.00000000000 0.00000000000 0.00000000000 0.00000000000 0.00000000000 0.00000000000 0.00000000000 0.00000000000 0.00000000000 0.00000000000 0.00000000000 0.00000000000 0.00000000000 0.00000000000 0.00000000000 0.00000000000 0.00000000000 0.00000000000 0.00000000000 0.00000000000 0.00000000000 0.00000000000 0.00000000000 0.00000000000 0.00000000000 0.00000000000 0.00000000000 0.00000000000 0.00000000000 0.00000000000
# sel50_fsh[3]:
 0.00000000000 0.00000000000 0.00000000000 0.00000000000 0.00000000000 0.00000000000 0.00000000000 0.00000000000 0.00000000000 0.00000000000 0.00000000000 0.00000000000 0.00000000000 0.00000000000 0.00000000000 0.00000000000 0.00000000000 0.00000000000 0.00000000000
# logsel_p1_fsh[1]:
 0.00000000000 0.00000000000 0.00000000000 0.00000000000 0.00000000000 0.00000000000 0.00000000000 0.00000000000 0.00000000000 0.00000000000 0.00000000000 0.00000000000 0.00000000000 0.00000000000 0.00000000000 0.00000000000 0.00000000000 0.00000000000 0.00000000000 0.00000000000 0.00000000000 0.00000000000 0.00000000000 0.00000000000 0.00000000000 0.00000000000 0.00000000000 0.00000000000 0.00000000000 0.00000000000 0.00000000000 0.00000000000 0.00000000000 0.00000000000
# logsel_p1_fsh[2]:
 0.00000000000 0.00000000000 0.00000000000 0.00000000000 0.00000000000 0.00000000000 0.00000000000 0.00000000000 0.00000000000 0.00000000000 0.00000000000 0.00000000000 0.00000000000 0.00000000000 0.00000000000 0.00000000000 0.00000000000 0.00000000000 0.00000000000 0.00000000000 0.00000000000 0.00000000000 0.00000000000 0.00000000000 0.00000000000 0.00000000000 0.00000000000 0.00000000000 0.00000000000 0.00000000000 0.00000000000 0.00000000000 0.00000000000 0.00000000000
# logsel_p1_fsh[3]:
 0.00000000000 0.00000000000 0.00000000000 0.00000000000 0.00000000000 0.00000000000 0.00000000000 0.00000000000 0.00000000000 0.00000000000 0.00000000000 0.00000000000 0.00000000000 0.00000000000 0.00000000000 0.00000000000 0.00000000000 0.00000000000 0.00000000000
# logsel_p2_fsh[1]:
 0.00000000000 0.00000000000 0.00000000000 0.00000000000 0.00000000000 0.00000000000 0.00000000000 0.00000000000 0.00000000000 0.00000000000 0.00000000000 0.00000000000 0.00000000000 0.00000000000 0.00000000000 0.00000000000 0.00000000000 0.00000000000 0.00000000000 0.00000000000 0.00000000000 0.00000000000 0.00000000000 0.00000000000 0.00000000000 0.00000000000 0.00000000000 0.00000000000 0.00000000000 0.00000000000 0.00000000000 0.00000000000 0.00000000000 0.00000000000
# logsel_p2_fsh[2]:
 0.00000000000 0.00000000000 0.00000000000 0.00000000000 0.00000000000 0.00000000000 0.00000000000 0.00000000000 0.00000000000 0.00000000000 0.00000000000 0.00000000000 0.00000000000 0.00000000000 0.00000000000 0.00000000000 0.00000000000 0.00000000000 0.00000000000 0.00000000000 0.00000000000 0.00000000000 0.00000000000 0.00000000000 0.00000000000 0.00000000000 0.00000000000 0.00000000000 0.00000000000 0.00000000000 0.00000000000 0.00000000000 0.00000000000 0.00000000000
# logsel_p2_fsh[3]:
 0.00000000000 0.00000000000 0.00000000000 0.00000000000 0.00000000000 0.00000000000 0.00000000000 0.00000000000 0.00000000000 0.00000000000 0.00000000000 0.00000000000 0.00000000000 0.00000000000 0.00000000000 0.00000000000 0.00000000000 0.00000000000 0.00000000000
# logsel_p3_fsh[1]:
 0.00000000000 0.00000000000 0.00000000000 0.00000000000 0.00000000000 0.00000000000 0.00000000000 0.00000000000 0.00000000000 0.00000000000 0.00000000000 0.00000000000 0.00000000000 0.00000000000 0.00000000000 0.00000000000 0.00000000000 0.00000000000 0.00000000000 0.00000000000 0.00000000000 0.00000000000 0.00000000000 0.00000000000 0.00000000000 0.00000000000 0.00000000000 0.00000000000 0.00000000000 0.00000000000 0.00000000000 0.00000000000 0.00000000000 0.00000000000
# logsel_p3_fsh[2]:
 0.00000000000 0.00000000000 0.00000000000 0.00000000000 0.00000000000 0.00000000000 0.00000000000 0.00000000000 0.00000000000 0.00000000000 0.00000000000 0.00000000000 0.00000000000 0.00000000000 0.00000000000 0.00000000000 0.00000000000 0.00000000000 0.00000000000 0.00000000000 0.00000000000 0.00000000000 0.00000000000 0.00000000000 0.00000000000 0.00000000000 0.00000000000 0.00000000000 0.00000000000 0.00000000000 0.00000000000 0.00000000000 0.00000000000 0.00000000000
# logsel_p3_fsh[3]:
 0.00000000000 0.00000000000 0.00000000000 0.00000000000 0.00000000000 0.00000000000 0.00000000000 0.00000000000 0.00000000000 0.00000000000 0.00000000000 0.00000000000 0.00000000000 0.00000000000 0.00000000000 0.00000000000 0.00000000000 0.00000000000 0.00000000000
# rec_dev_future:
 0.00000000000 0.00000000000 0.00000000000 0.00000000000 0.00000000000 0.00000000000 0.00000000000 0.00000000000 0.00000000000 0.00000000000 0.00000000000 0.00000000000 0.00000000000 0.00000000000 0.00000000000 0.00000000000 0.00000000000 0.00000000000 0.00000000000 0.00000000000
# log_q_ind[1]:
-9.44080626441
# log_q_power_ind[1]:
0.00000000000
# log_selcoffs_ind[1]:
 -5.94303776936 -4.30951203903 -2.76924435823 -1.48538346760 -0.469163782793 0.228300058629 0.567142325172 0.799695583126 0.798295990045 0.471868971807
# logsel_slope_ind[1]:
 0.00000000000
# sel50_ind[1]:
 0.00000000000
# logsel_p1_ind[1]:
 0.00000000000
# sel_p2_ind[1]:
 0.00000000000
# logsel_p3_ind[1]:
 0.00000000000
