# Number of parameters = 813 Objective function value = 408.314185828070  Maximum gradient component = 7.33208194859596e-05
# Mest[1]:
0.270000000000
# log_Linf[1]:
4.38701417618
# log_k[1]:
-1.83258146375
# log_Lo[1]:
2.75684036527
# log_sdage[1]:
-2.40794560865
# mean_log_rec[1]:
8.29153283104
# steepness[1]:
0.610000000000
# log_Rzero[1]:
8.14090877290
# rec_dev:
 -0.309550881704 -0.369175241043 -0.437182022675 -0.241621113776 0.189738709089 0.121403394683 0.389280161601 0.295473069099 0.232883801036 0.153565479650 0.279879131777 0.148726957948 0.650871550664 0.918037313817 0.972775118428 0.895294295784 0.757497360613 0.710431758046 0.624983621047 0.549286392673 0.525588688688 0.335543771504 0.162871067597 0.128575692654 0.294130001210 0.451695105417 0.386046066902 0.318654138257 0.193237483253 0.0919363536624 0.0138665603613 -0.0740238029598 -0.00300632851327 -0.0568532926213 -0.0760925803435 -0.0125823772866 -0.0230893394764 -0.120254007403 -0.299322303233 -0.477143493779 -0.518981170436 -0.570807118559 -0.440460297472 -0.414262515560 -0.427371946285 -0.609454462467 -0.744438049519 -0.763393295062 -0.352364455800 -0.392097452850 -0.189738787547
# log_sigmar[1]:
-0.223143551314
# fmort:
 -1.47785853347 -1.58439328527 -1.53668921835 -1.40015653463 -1.99781949599 -2.14674196315 -2.07929914578 -2.14106756815 -1.62364224455 -1.43238757979 -1.97286212794 -1.75898580568 -2.11476402823 -2.53230366059 -2.01567204428 -2.06660396973 -1.81475380674 -1.75249746714 -1.73984668662 -1.80115200056 -1.88666334986 -1.89566077455 -2.25370649298 -2.20872850273 -2.45917692506 -2.70220893700 -2.55076153973 -3.64937759349 -2.32679910261 -2.83025254146 -3.72097790134 -3.72794025035 -2.67902443338 -2.96926138491 -3.07566428399 -3.78187543575 -4.99591477256 -4.59099389007 -5.39103507056 -5.70327132236 -5.24656138009 -4.27147469431
 -12.5339698824 -12.3793538226 -12.2603350051 -12.1587374833 -5.15451136354 -5.13937379343 -4.11416313278 -4.08921177416 -3.39470923425 -2.70112108197 -3.55158421290 -2.57672247812 -2.58632286791 -2.72784227743 -3.07698533460 -4.66373729281 -4.08280891709 -4.02518583130 -3.75508260030 -3.55303770373 -3.07368919607 -3.48501600223 -3.23404020986 -2.41707605935 -3.88474612612 -2.46358440641 -1.68642750350 -2.38566927746 -2.40658431183 -2.18645372078 -2.37974213850 -1.87008734117 -1.90091274883 -2.93767400698 -3.22593664764 -2.71161279456 -3.16436428501 -2.96190246481 -3.19077421629 -3.16708596719 -3.23008858394 -3.39211557932
 -12.5430857001 -12.3357765386 -12.1753865239 -12.0246135248 -11.9569254083 -12.0092033996 -12.1121369052 -12.2402265043 -12.3250926654 -3.77669397266 -1.25462111895 -1.01374704832 -1.08911508379 -1.24095325749 -1.98255033421 -2.53061249909 -3.19335513833 -2.62022371374 -2.78247612467 -2.98931359748 -2.87021859836 -2.44477447064 -2.14008929696 -2.48101125208 -2.34335666384 -1.75728951825 -1.37776322849 -2.55233571155 -2.79745188468 -2.38062285949 -2.25695335597 -2.16357084700 -2.79441342834 -2.83170673589 -2.50672512786 -3.18709470526 -4.70272280171 -3.46134592215 -3.36644120624 -3.46761413510 -3.47155187137 -3.19373517224
# log_selcoffs_fsh[1]:
 -2.68549481979 -1.75845341935 -0.740149387238 0.0108283881290 0.493215165315 0.968503102456
 -2.82073814927 -1.70998591250 -0.780164210844 -0.0579768985659 0.475650864566 1.01105752530
 -3.01362963359 -1.72036819411 -0.741776429509 -0.0409566882546 0.498815939301 0.989161434512
 -3.11151877703 -1.73300676876 -0.647572814357 0.00423275451467 0.530640221422 0.936539597423
 -3.14193770479 -1.72080889867 -0.603111364281 -0.0123071576453 0.487716975685 0.961038748448
 -3.29643176656 -1.86367563089 -0.760279965163 -0.0392627897667 0.434443053797 1.04195275099
 -3.42144009568 -2.14802253691 -1.08018708973 -0.171078947325 0.513143039193 1.09787847563
 -3.46848623065 -2.14084862091 -1.05025417174 -0.0934022717231 0.557704539877 1.04519262889
 -3.41689265586 -2.18130830194 -1.17400195532 -0.203263763346 0.627652758875 1.04938461803
 -3.38532232685 -1.77616426276 -0.699544952651 0.0145814885736 0.537578138766 0.945263507687
 -3.31188322450 -1.54746453846 -0.280920938708 0.219049940863 0.480779724481 0.757740025115
 -3.14711147267 -1.39026293748 -0.224798065640 0.227503846795 0.458184433751 0.728839442052
 -3.07836275078 -1.38458675099 -0.381013237254 0.231275874131 0.524540834726 0.727780338426
 -3.12692960791 -1.60501904671 -0.498856038738 0.271072465775 0.648780552628 0.654126051530
 -3.05237425312 -1.70840243933 -0.540652586417 0.198443393556 0.620930938646 0.746246111017
 -2.92163816993 -1.68064916708 -0.613946998690 0.0998080357550 0.593461011462 0.834425125213
 -3.07100851874 -1.82465451119 -0.721058032218 0.0575316526184 0.577317028332 0.902452632478
 -3.04237639731 -1.82516883983 -0.769135581878 -0.0401642046783 0.495702250729 1.00261239508
 -3.21906634629 -1.85820155109 -0.558078699019 0.156247553456 0.581872966748 0.821208271767
 -3.07649586029 -1.79656970822 -0.502939551081 0.183095075137 0.540738784245 0.817600613659
 -2.90709669113 -1.67561229811 -0.647502389578 0.0468155497944 0.500853474193 0.930889011838
 -3.24571595890 -2.01982045314 -0.908234273281 -0.0142416468195 0.623698313943 0.945255003602
 -3.54631298164 -2.30415491124 -1.22277588176 -0.200978814915 0.682774375780 1.02231530790
 -3.84897243014 -2.56049712853 -1.33845157026 -0.235320203759 0.665236051285 1.06605923096
 -4.15054736006 -2.73905349582 -1.30008097029 -0.183450165687 0.713284037952 1.02030030540
 -4.35956900286 -2.98095639241 -1.58004324566 -0.297868999957 0.711012105984 1.08250192485
 -4.40962553719 -3.07110533221 -1.85501547956 -0.652678692857 0.449624171750 1.30742638597
 -4.58685566006 -3.32690748500 -2.08766253713 -0.815287984102 0.443200717039 1.34279632892
 -4.75575855155 -3.48356418341 -2.19460320921 -0.868736234406 0.448047748180 1.35184851889
 -4.91237214124 -3.58084841021 -2.16420529793 -0.783201317446 0.442077171226 1.34471037870
 -5.12036484938 -3.73824470412 -2.18670446729 -0.585684886440 0.625088169620 1.23337886048
 -5.15554813883 -3.80187432968 -2.27515387492 -0.649219889376 0.556964749513 1.28129561972
# log_selcoffs_fsh[2]:
 -1.83131464690 -1.07405466298 -0.385496723079 0.129072646426 0.407038374023 0.461935511913 0.464228504623
 -1.84347173331 -1.09044323693 -0.405003219125 0.117054121597 0.404903940436 0.480940800123 0.468600477917
 -1.86419093114 -1.11240488319 -0.426659131287 0.100244440525 0.409279655097 0.491843865353 0.480586438307
 -1.89189381185 -1.13835454121 -0.448083001649 0.0839334313865 0.398922672292 0.508852243821 0.500084670054
 -1.92701842863 -1.16531610507 -0.468714708419 0.0723164107530 0.392625356545 0.513061898686 0.525042920124
 -1.97199382964 -1.19913631631 -0.495154871673 0.0525690369208 0.384052022710 0.522203171479 0.555008235755
 -2.02785826452 -1.23976393244 -0.527060047815 0.0257369605640 0.373746236376 0.537784272254 0.586198847494
 -2.09735870818 -1.28344805309 -0.555778506799 0.00444198369457 0.365294952805 0.549340880056 0.614651468568
 -2.18207970029 -1.32891346968 -0.579377698701 -0.0156275473570 0.354504810232 0.560692407592 0.642026470487
 -2.28263915737 -1.36943614599 -0.588488553994 -0.0257239501988 0.337802636498 0.563578420770 0.670468499228
 -2.40892337981 -1.40511982881 -0.574091580393 -0.0139933414358 0.328517853768 0.551349442458 0.688601078704
 -2.57402113281 -1.43650621141 -0.541981280944 0.0169178214093 0.328836808415 0.538549171364 0.685360953562
 -2.78412068382 -1.44951682361 -0.490270558951 0.0290328986441 0.337379071487 0.534287318295 0.669935824411
 -3.07801302067 -1.82073454345 -0.734320394576 0.00320915494419 0.408009777749 0.574570770181 0.707447953739
 -3.19853344116 -2.05258706607 -1.01727502570 -0.271047321953 0.327831866832 0.651116306441 0.875877194810
 -3.25746527594 -2.02340236194 -0.921200175963 -0.122401072731 0.349520269593 0.623250169147 0.816739210058
 -3.27200687550 -2.05047030232 -0.959425193350 0.000330023307641 0.472857761126 0.614874132280 0.691122866853
 -3.09064202097 -1.90991736661 -0.841874992566 -0.0577799842271 0.377363694743 0.618537712133 0.750013614430
 -2.91781954244 -1.75139773123 -0.595621264674 0.0243607734254 0.376616710978 0.544630359885 0.700728761054
 -2.60189364975 -1.47386073048 -0.292705452809 0.177368590514 0.264448735870 0.420929709740 0.657739936859
 -2.53051820638 -1.52893951692 -0.645681555280 -0.0325314469404 0.348440229208 0.671451105721 0.608345389893
 -2.41064005743 -1.33889494736 -0.590679106476 -0.0405299185270 0.432300411154 0.588795819892 0.582919429788
 -2.50799338787 -1.32665675919 -0.606155719750 0.0144484709333 0.501762803689 0.599659328655 0.482475614106
 -2.60618599029 -1.05994398627 -0.266542921525 0.185688296923 0.446224086273 0.438696195163 0.403164837708
 -2.85034590771 -1.06480742270 -0.0538080346063 0.288005196680 0.462575033877 0.393029198161 0.220246050030
 -3.08404354429 -1.28030167319 -0.209963144454 0.239165163532 0.575240047995 0.489004130226 0.171615947338
 -3.38638586008 -1.72020560451 -0.393855569749 0.252965245989 0.643086106313 0.516681255117 0.219980721528
 -3.66886177384 -2.00507544648 -0.334391978413 0.407224555649 0.642194120495 0.399770438405 0.206445669096
 -3.83530900261 -2.14445306007 -0.512221123118 0.259106130417 0.591128654566 0.532664943525 0.376274615133
 -3.94757210914 -2.32016485057 -0.856455038830 0.00861483071932 0.481527360451 0.748300578327 0.540680048214
 -4.11470576484 -2.45960391404 -0.951089063739 -0.0149900496788 0.508185520019 0.757829603758 0.548610328934
 -4.34949012576 -2.59278854911 -0.737510570257 0.207063590216 0.601413760774 0.669231224538 0.355209504162
# log_selcoffs_fsh[3]:
 -4.78130719638 -2.84784361291 -1.46989095852 -0.551811188409 -0.127351506065 0.202677978670 0.270690095911 0.303692474145 0.405310519860 0.541129456962 0.760456163405
 -4.95038702163 -3.35347045700 -2.03303797627 -1.10495435963 -0.528755340523 -0.199798889623 0.115183364679 0.405984336878 0.668315148235 0.797462773455 0.830232968508
 -5.28752531438 -3.80722086646 -2.52350514852 -1.56299249974 -0.781818437723 -0.239695090262 0.210680817157 0.613618528508 0.777070476333 0.780161084508 0.693183612532
 -5.51642518560 -3.73670516079 -2.01291771977 -0.960371380772 -0.312418561127 -0.0740936685392 0.185773607596 0.434096317628 0.643698012404 0.724196843308 0.732964184101
 -5.68244091587 -3.94439175715 -2.27768237446 -1.14405318361 -0.455545075407 -0.0639223718389 0.345255206645 0.548141084805 0.689961526601 0.666652069293 0.641999124286
 -5.85748276188 -4.19913484283 -2.68719001873 -1.47511325176 -0.672671121609 -0.0190614572288 0.324638253088 0.599559672057 0.802850931531 0.687525070310 0.570027982981
 -6.02795710579 -4.18706681853 -2.47450267013 -1.30894505752 -0.502769499893 -0.0132836028845 0.256858302043 0.423669007953 0.706837279892 0.789611281297 0.686074885798
 -6.24296388759 -4.57132350853 -3.03652368551 -1.77043433295 -0.662684565488 -0.0346218665854 0.233006170194 0.482013512633 0.801514883990 0.796274818938 0.673002222569
 -6.47491647109 -4.77301313239 -2.97882089560 -1.22439459052 0.0345233366962 0.265114882080 0.0539653555533 0.197914051060 0.569113606683 0.738472857805 0.776000581445
 -6.68556455412 -5.09775317243 -3.49615810259 -1.99419257036 -0.841398482582 -0.264031227190 0.0742570660990 0.666728802238 0.928455639251 0.796172201134 0.617653784306
 -6.84491712243 -5.35965283172 -3.88222244433 -2.45935553180 -1.20875578388 -0.274359827053 0.252981817018 0.778728391339 0.899138383203 0.754788214759 0.575660574915
 -6.99257531996 -5.55009255070 -4.12386566751 -2.69852238544 -1.33878136046 -0.284321143358 0.325885412922 0.823979825549 0.941680590222 0.717744408352 0.481261966321
 -7.14545028831 -5.65808962958 -4.18083419219 -2.69399990107 -1.27207274370 -0.139740198631 0.562130008841 0.925329422753 0.877579467015 0.589321844361 0.245336530600
 -7.28725346204 -5.68373121089 -4.05533078447 -2.34838136096 -0.632607334882 0.460995559227 0.683422371184 0.822831124742 0.730851100192 0.334582750680 0.0338394616089
 -7.39551484883 -5.64371080132 -3.79679690131 -1.88276278012 -0.366882216675 0.519890130227 0.714866493532 0.766175574673 0.649514585005 0.286248541043 0.00501748092333
 -7.45935232964 -5.64361605022 -3.80777166554 -2.01549791375 -0.456124616719 0.594995015107 0.850297039982 0.782049838252 0.553584491262 0.187877096397 -0.0820533754456
 -7.50794177484 -5.66054823975 -3.74017212165 -1.75792054169 -0.115084259281 0.789305978955 0.853835433131 0.643844122860 0.414366208980 0.0824680568887 -0.156816704530
# log_sel_spl_fsh[1]:
 0.00000000000 0.00000000000 0.00000000000 0.00000000000
 0.00000000000 0.00000000000 0.00000000000 0.00000000000
 0.00000000000 0.00000000000 0.00000000000 0.00000000000
 0.00000000000 0.00000000000 0.00000000000 0.00000000000
 0.00000000000 0.00000000000 0.00000000000 0.00000000000
 0.00000000000 0.00000000000 0.00000000000 0.00000000000
 0.00000000000 0.00000000000 0.00000000000 0.00000000000
 0.00000000000 0.00000000000 0.00000000000 0.00000000000
 0.00000000000 0.00000000000 0.00000000000 0.00000000000
 0.00000000000 0.00000000000 0.00000000000 0.00000000000
 0.00000000000 0.00000000000 0.00000000000 0.00000000000
 0.00000000000 0.00000000000 0.00000000000 0.00000000000
 0.00000000000 0.00000000000 0.00000000000 0.00000000000
 0.00000000000 0.00000000000 0.00000000000 0.00000000000
 0.00000000000 0.00000000000 0.00000000000 0.00000000000
 0.00000000000 0.00000000000 0.00000000000 0.00000000000
 0.00000000000 0.00000000000 0.00000000000 0.00000000000
 0.00000000000 0.00000000000 0.00000000000 0.00000000000
 0.00000000000 0.00000000000 0.00000000000 0.00000000000
 0.00000000000 0.00000000000 0.00000000000 0.00000000000
 0.00000000000 0.00000000000 0.00000000000 0.00000000000
 0.00000000000 0.00000000000 0.00000000000 0.00000000000
 0.00000000000 0.00000000000 0.00000000000 0.00000000000
 0.00000000000 0.00000000000 0.00000000000 0.00000000000
 0.00000000000 0.00000000000 0.00000000000 0.00000000000
 0.00000000000 0.00000000000 0.00000000000 0.00000000000
 0.00000000000 0.00000000000 0.00000000000 0.00000000000
 0.00000000000 0.00000000000 0.00000000000 0.00000000000
 0.00000000000 0.00000000000 0.00000000000 0.00000000000
 0.00000000000 0.00000000000 0.00000000000 0.00000000000
 0.00000000000 0.00000000000 0.00000000000 0.00000000000
 0.00000000000 0.00000000000 0.00000000000 0.00000000000
# log_sel_spl_fsh[2]:
 0.00000000000 0.00000000000 0.00000000000 0.00000000000
 0.00000000000 0.00000000000 0.00000000000 0.00000000000
 0.00000000000 0.00000000000 0.00000000000 0.00000000000
 0.00000000000 0.00000000000 0.00000000000 0.00000000000
 0.00000000000 0.00000000000 0.00000000000 0.00000000000
 0.00000000000 0.00000000000 0.00000000000 0.00000000000
 0.00000000000 0.00000000000 0.00000000000 0.00000000000
 0.00000000000 0.00000000000 0.00000000000 0.00000000000
 0.00000000000 0.00000000000 0.00000000000 0.00000000000
 0.00000000000 0.00000000000 0.00000000000 0.00000000000
 0.00000000000 0.00000000000 0.00000000000 0.00000000000
 0.00000000000 0.00000000000 0.00000000000 0.00000000000
 0.00000000000 0.00000000000 0.00000000000 0.00000000000
 0.00000000000 0.00000000000 0.00000000000 0.00000000000
 0.00000000000 0.00000000000 0.00000000000 0.00000000000
 0.00000000000 0.00000000000 0.00000000000 0.00000000000
 0.00000000000 0.00000000000 0.00000000000 0.00000000000
 0.00000000000 0.00000000000 0.00000000000 0.00000000000
 0.00000000000 0.00000000000 0.00000000000 0.00000000000
 0.00000000000 0.00000000000 0.00000000000 0.00000000000
 0.00000000000 0.00000000000 0.00000000000 0.00000000000
 0.00000000000 0.00000000000 0.00000000000 0.00000000000
 0.00000000000 0.00000000000 0.00000000000 0.00000000000
 0.00000000000 0.00000000000 0.00000000000 0.00000000000
 0.00000000000 0.00000000000 0.00000000000 0.00000000000
 0.00000000000 0.00000000000 0.00000000000 0.00000000000
 0.00000000000 0.00000000000 0.00000000000 0.00000000000
 0.00000000000 0.00000000000 0.00000000000 0.00000000000
 0.00000000000 0.00000000000 0.00000000000 0.00000000000
 0.00000000000 0.00000000000 0.00000000000 0.00000000000
 0.00000000000 0.00000000000 0.00000000000 0.00000000000
 0.00000000000 0.00000000000 0.00000000000 0.00000000000
# log_sel_spl_fsh[3]:
 0.00000000000 0.00000000000 0.00000000000 0.00000000000
 0.00000000000 0.00000000000 0.00000000000 0.00000000000
 0.00000000000 0.00000000000 0.00000000000 0.00000000000
 0.00000000000 0.00000000000 0.00000000000 0.00000000000
 0.00000000000 0.00000000000 0.00000000000 0.00000000000
 0.00000000000 0.00000000000 0.00000000000 0.00000000000
 0.00000000000 0.00000000000 0.00000000000 0.00000000000
 0.00000000000 0.00000000000 0.00000000000 0.00000000000
 0.00000000000 0.00000000000 0.00000000000 0.00000000000
 0.00000000000 0.00000000000 0.00000000000 0.00000000000
 0.00000000000 0.00000000000 0.00000000000 0.00000000000
 0.00000000000 0.00000000000 0.00000000000 0.00000000000
 0.00000000000 0.00000000000 0.00000000000 0.00000000000
 0.00000000000 0.00000000000 0.00000000000 0.00000000000
 0.00000000000 0.00000000000 0.00000000000 0.00000000000
 0.00000000000 0.00000000000 0.00000000000 0.00000000000
 0.00000000000 0.00000000000 0.00000000000 0.00000000000
# logsel_slope_fsh[1]:
 0.00000000000 0.00000000000 0.00000000000 0.00000000000 0.00000000000 0.00000000000 0.00000000000 0.00000000000 0.00000000000 0.00000000000 0.00000000000 0.00000000000 0.00000000000 0.00000000000 0.00000000000 0.00000000000 0.00000000000 0.00000000000 0.00000000000 0.00000000000 0.00000000000 0.00000000000 0.00000000000 0.00000000000 0.00000000000 0.00000000000 0.00000000000 0.00000000000 0.00000000000 0.00000000000 0.00000000000 0.00000000000
# logsel_slope_fsh[2]:
 0.00000000000 0.00000000000 0.00000000000 0.00000000000 0.00000000000 0.00000000000 0.00000000000 0.00000000000 0.00000000000 0.00000000000 0.00000000000 0.00000000000 0.00000000000 0.00000000000 0.00000000000 0.00000000000 0.00000000000 0.00000000000 0.00000000000 0.00000000000 0.00000000000 0.00000000000 0.00000000000 0.00000000000 0.00000000000 0.00000000000 0.00000000000 0.00000000000 0.00000000000 0.00000000000 0.00000000000 0.00000000000
# logsel_slope_fsh[3]:
 0.00000000000 0.00000000000 0.00000000000 0.00000000000 0.00000000000 0.00000000000 0.00000000000 0.00000000000 0.00000000000 0.00000000000 0.00000000000 0.00000000000 0.00000000000 0.00000000000 0.00000000000 0.00000000000 0.00000000000
# sel50_fsh[1]:
 0.00000000000 0.00000000000 0.00000000000 0.00000000000 0.00000000000 0.00000000000 0.00000000000 0.00000000000 0.00000000000 0.00000000000 0.00000000000 0.00000000000 0.00000000000 0.00000000000 0.00000000000 0.00000000000 0.00000000000 0.00000000000 0.00000000000 0.00000000000 0.00000000000 0.00000000000 0.00000000000 0.00000000000 0.00000000000 0.00000000000 0.00000000000 0.00000000000 0.00000000000 0.00000000000 0.00000000000 0.00000000000
# sel50_fsh[2]:
 0.00000000000 0.00000000000 0.00000000000 0.00000000000 0.00000000000 0.00000000000 0.00000000000 0.00000000000 0.00000000000 0.00000000000 0.00000000000 0.00000000000 0.00000000000 0.00000000000 0.00000000000 0.00000000000 0.00000000000 0.00000000000 0.00000000000 0.00000000000 0.00000000000 0.00000000000 0.00000000000 0.00000000000 0.00000000000 0.00000000000 0.00000000000 0.00000000000 0.00000000000 0.00000000000 0.00000000000 0.00000000000
# sel50_fsh[3]:
 0.00000000000 0.00000000000 0.00000000000 0.00000000000 0.00000000000 0.00000000000 0.00000000000 0.00000000000 0.00000000000 0.00000000000 0.00000000000 0.00000000000 0.00000000000 0.00000000000 0.00000000000 0.00000000000 0.00000000000
# logsel_p1_fsh[1]:
 0.00000000000 0.00000000000 0.00000000000 0.00000000000 0.00000000000 0.00000000000 0.00000000000 0.00000000000 0.00000000000 0.00000000000 0.00000000000 0.00000000000 0.00000000000 0.00000000000 0.00000000000 0.00000000000 0.00000000000 0.00000000000 0.00000000000 0.00000000000 0.00000000000 0.00000000000 0.00000000000 0.00000000000 0.00000000000 0.00000000000 0.00000000000 0.00000000000 0.00000000000 0.00000000000 0.00000000000 0.00000000000
# logsel_p1_fsh[2]:
 0.00000000000 0.00000000000 0.00000000000 0.00000000000 0.00000000000 0.00000000000 0.00000000000 0.00000000000 0.00000000000 0.00000000000 0.00000000000 0.00000000000 0.00000000000 0.00000000000 0.00000000000 0.00000000000 0.00000000000 0.00000000000 0.00000000000 0.00000000000 0.00000000000 0.00000000000 0.00000000000 0.00000000000 0.00000000000 0.00000000000 0.00000000000 0.00000000000 0.00000000000 0.00000000000 0.00000000000 0.00000000000
# logsel_p1_fsh[3]:
 0.00000000000 0.00000000000 0.00000000000 0.00000000000 0.00000000000 0.00000000000 0.00000000000 0.00000000000 0.00000000000 0.00000000000 0.00000000000 0.00000000000 0.00000000000 0.00000000000 0.00000000000 0.00000000000 0.00000000000
# logsel_p2_fsh[1]:
 0.00000000000 0.00000000000 0.00000000000 0.00000000000 0.00000000000 0.00000000000 0.00000000000 0.00000000000 0.00000000000 0.00000000000 0.00000000000 0.00000000000 0.00000000000 0.00000000000 0.00000000000 0.00000000000 0.00000000000 0.00000000000 0.00000000000 0.00000000000 0.00000000000 0.00000000000 0.00000000000 0.00000000000 0.00000000000 0.00000000000 0.00000000000 0.00000000000 0.00000000000 0.00000000000 0.00000000000 0.00000000000
# logsel_p2_fsh[2]:
 0.00000000000 0.00000000000 0.00000000000 0.00000000000 0.00000000000 0.00000000000 0.00000000000 0.00000000000 0.00000000000 0.00000000000 0.00000000000 0.00000000000 0.00000000000 0.00000000000 0.00000000000 0.00000000000 0.00000000000 0.00000000000 0.00000000000 0.00000000000 0.00000000000 0.00000000000 0.00000000000 0.00000000000 0.00000000000 0.00000000000 0.00000000000 0.00000000000 0.00000000000 0.00000000000 0.00000000000 0.00000000000
# logsel_p2_fsh[3]:
 0.00000000000 0.00000000000 0.00000000000 0.00000000000 0.00000000000 0.00000000000 0.00000000000 0.00000000000 0.00000000000 0.00000000000 0.00000000000 0.00000000000 0.00000000000 0.00000000000 0.00000000000 0.00000000000 0.00000000000
# logsel_p3_fsh[1]:
 0.00000000000 0.00000000000 0.00000000000 0.00000000000 0.00000000000 0.00000000000 0.00000000000 0.00000000000 0.00000000000 0.00000000000 0.00000000000 0.00000000000 0.00000000000 0.00000000000 0.00000000000 0.00000000000 0.00000000000 0.00000000000 0.00000000000 0.00000000000 0.00000000000 0.00000000000 0.00000000000 0.00000000000 0.00000000000 0.00000000000 0.00000000000 0.00000000000 0.00000000000 0.00000000000 0.00000000000 0.00000000000
# logsel_p3_fsh[2]:
 0.00000000000 0.00000000000 0.00000000000 0.00000000000 0.00000000000 0.00000000000 0.00000000000 0.00000000000 0.00000000000 0.00000000000 0.00000000000 0.00000000000 0.00000000000 0.00000000000 0.00000000000 0.00000000000 0.00000000000 0.00000000000 0.00000000000 0.00000000000 0.00000000000 0.00000000000 0.00000000000 0.00000000000 0.00000000000 0.00000000000 0.00000000000 0.00000000000 0.00000000000 0.00000000000 0.00000000000 0.00000000000
# logsel_p3_fsh[3]:
 0.00000000000 0.00000000000 0.00000000000 0.00000000000 0.00000000000 0.00000000000 0.00000000000 0.00000000000 0.00000000000 0.00000000000 0.00000000000 0.00000000000 0.00000000000 0.00000000000 0.00000000000 0.00000000000 0.00000000000
# rec_dev_future:
 0.00000000000 0.00000000000 0.00000000000 0.00000000000 0.00000000000 0.00000000000 0.00000000000 0.00000000000 0.00000000000 0.00000000000 0.00000000000 0.00000000000 0.00000000000 0.00000000000 0.00000000000 0.00000000000 0.00000000000 0.00000000000 0.00000000000 0.00000000000
# log_q_ind[1]:
-11.9708339712
# log_q_power_ind[1]:
0.00000000000
# log_selcoffs_ind[1]:
 -5.69238708595 -4.11088504842 -2.62980860979 -1.40683003382 -0.437328793626 0.232709355809 0.563054646483 0.802515851043 0.789356856467 0.448713250651
# logsel_slope_ind[1]:
 0.00000000000
# sel50_ind[1]:
 0.00000000000
# logsel_p1_ind[1]:
 0.00000000000
# sel_p2_ind[1]:
 0.00000000000
# logsel_p3_ind[1]:
 0.00000000000
