# Number of parameters = 785 Objective function value = 393.638125842788  Maximum gradient component = 6.30317430320939e-05
# Mest[1]:
0.270000000000
# log_Linf[1]:
4.38701417618
# log_k[1]:
-1.83258146375
# log_Lo[1]:
2.75684036527
# log_sdage[1]:
-2.40794560865
# mean_log_rec[1]:
8.28560224354
# steepness[1]:
0.610000000000
# log_Rzero[1]:
8.16985931770
# rec_dev:
 -0.309942713265 -0.369697904026 -0.437869883231 -0.241467860918 0.192246481686 0.125422813216 0.396192969481 0.305597338252 0.247180556901 0.169182281944 0.295619422390 0.164905592808 0.668644577654 0.934461833861 0.983073745813 0.899544263123 0.759683474966 0.712419379983 0.629308232617 0.557589752113 0.533932212704 0.342224165737 0.169124347687 0.137444906551 0.304228897411 0.459701514082 0.392456225368 0.325627097234 0.201237418038 0.100098938425 0.0227453549110 -0.0632962965012 0.00912776284807 -0.0441719858880 -0.0620912748059 0.00350049795986 -0.00281703031500 -0.0929617012549 -0.261383439563 -0.426550069746 -0.455955261218 -0.500154334554 -0.374134115677 -0.342439486191 -0.411436857928 -0.642923491598 -0.819446910674 -0.781329107419 -0.648484526058 -0.260234043378
# log_sigmar[1]:
-0.223143551314
# fmort:
 -1.48749731774 -1.59437454555 -1.54740157203 -1.41304831774 -2.01281980898 -2.16293103971 -2.09624598444 -2.15827398633 -1.64080884459 -1.44832061342 -1.99047573285 -1.77805326953 -2.13578765647 -2.55410096744 -2.03755118493 -2.08818815723 -1.83342328943 -1.76990835341 -1.75669275696 -1.81608556136 -1.89963930345 -1.90685571896 -2.26444731725 -2.21944097746 -2.47017743989 -2.71342065342 -2.56395668169 -3.66428477105 -2.34042515434 -2.84719469712 -3.74141643345 -3.75314928286 -2.71260611824 -3.01447515917 -3.13300764000 -3.85199276194 -5.07502172568 -4.67762057370 -5.48081559952 -5.78387461695 -5.31950805962
 -12.5387632605 -12.3838597455 -12.2654660938 -12.1651457255 -5.16146357975 -5.14579521651 -4.11942456443 -4.09341162736 -3.39863527649 -2.70510148597 -3.55573830717 -2.58078708264 -2.59077643851 -2.73335902925 -3.08436713939 -4.67301224838 -4.09316873320 -4.03631163218 -3.76675402658 -3.56514935119 -3.08606436069 -3.49713331323 -3.24673694694 -2.42982200682 -3.89749222603 -2.47281854078 -1.69516310385 -2.39629256816 -2.41811080664 -2.19818477366 -2.39540059278 -1.89074675082 -1.93371840528 -2.98485304607 -3.28581206309 -2.78507609600 -3.24617984835 -3.05244041228 -3.28666652295 -3.26443278277 -3.27436952250
 -12.5525787113 -12.3436608912 -12.1828322552 -12.0332446963 -11.9668444126 -12.0196421555 -12.1224695830 -12.2495461110 -12.3333751192 -3.78482246691 -1.26198258870 -1.02116681634 -1.09672932746 -1.24848855051 -1.99056576145 -2.53870640233 -3.20176656584 -2.62901919547 -2.79103618415 -2.99671838453 -2.87337692745 -2.45009093925 -2.14492849151 -2.48647820526 -2.34704562581 -1.76398867935 -1.38901679355 -2.56855500641 -2.81628176038 -2.39991401221 -2.27803909029 -2.18966719831 -2.83160462471 -2.87865356908 -2.56472197430 -3.25949079126 -4.78531221145 -3.56041242425 -3.48671515513 -3.61989579566 -3.54693170196
# log_selcoffs_fsh[1]:
 -2.67626281361 -1.75137137836 -0.734917518262 0.0133456227196 0.493439192911 0.965737651804
 -2.81240442903 -1.70123248194 -0.770859561974 -0.0505884165321 0.477902059429 1.00485399364
 -3.00453656014 -1.71102891144 -0.731662088267 -0.0321801969475 0.501509609351 0.981743459849
 -3.10116810057 -1.72264166588 -0.638012345296 0.0124677424647 0.533393422396 0.928541399237
 -3.13042754627 -1.70873773525 -0.592535611625 -0.00509073109058 0.489909343930 0.953660782789
 -3.28472683021 -1.85096599116 -0.748196135499 -0.0310988410717 0.435967692666 1.03546155966
 -3.41058580574 -2.13667327393 -1.06852697342 -0.161441325192 0.516452156721 1.09139631528
 -3.45868761241 -2.13154962781 -1.04123908845 -0.0849173368820 0.561793254992 1.03831569408
 -3.40725631536 -2.17229114677 -1.16628118930 -0.196612544467 0.631724982978 1.04347559890
 -3.37671407592 -1.76748755443 -0.691947252685 0.0198495045945 0.539908047148 0.939453108005
 -3.30508259988 -1.54034930674 -0.273971668031 0.223825915541 0.481233959732 0.751284420085
 -3.14173647322 -1.38490662464 -0.219587542152 0.231808739719 0.459118591908 0.722724565985
 -3.07376833577 -1.38004815867 -0.376986240219 0.234450247776 0.525539067300 0.723034826200
 -3.12334546462 -1.60112951797 -0.495085587194 0.273682768048 0.649198194183 0.650239568162
 -3.04986348630 -1.70536036378 -0.537132319454 0.201295320410 0.621206992788 0.743054318133
 -2.92021429128 -1.67855609233 -0.611329728869 0.102462782788 0.594492681851 0.831516097105
 -3.07031101983 -1.82277966315 -0.718754497639 0.0595939098109 0.578201741499 0.900333444227
 -3.04285190114 -1.82364924044 -0.766484517772 -0.0379675206445 0.496342515341 1.00091706402
 -3.22170407963 -1.85824977605 -0.556121513713 0.158486531409 0.582452727539 0.819153304030
 -3.08026450565 -1.79835185630 -0.502495792876 0.184034317161 0.540998553779 0.816993691594
 -2.91147135974 -1.67972268905 -0.648590730353 0.0478979131130 0.501737548928 0.930487352023
 -3.24748835712 -2.02549820253 -0.912123305102 -0.0138373138356 0.625417562176 0.944779278826
 -3.54017581896 -2.30825894628 -1.22920154911 -0.202998744435 0.684192628360 1.02266003761
 -3.82838217792 -2.55835626678 -1.34508014473 -0.240081677235 0.664721236527 1.06808171720
 -4.10984161432 -2.72572762448 -1.30368377506 -0.189139644038 0.711724220701 1.02295049445
 -4.29392268338 -2.95138940102 -1.57550416566 -0.302044168414 0.708566619152 1.08410598974
 -4.31319790431 -3.02058717333 -1.83758029609 -0.651450812242 0.447242095151 1.30653466992
 -4.45499145585 -3.24765477961 -2.05351660467 -0.806052906811 0.442398524835 1.33977336944
 -4.58612177149 -3.37244988957 -2.13678440270 -0.853360995192 0.447654527023 1.34725451398
 -4.69878870480 -3.43352087450 -2.07980848595 -0.757891471908 0.423360440591 1.34493270153
 -4.83423171134 -3.53068465334 -2.05748651644 -0.559638647681 0.529470205835 1.27131540745
# log_selcoffs_fsh[2]:
 -1.84445618609 -1.08931836229 -0.400963712945 0.117806798622 0.404452192295 0.469333525113 0.478301790489
 -1.85635719916 -1.10535870433 -0.420136955033 0.105774708784 0.402090765182 0.488180409572 0.482329302317
 -1.87645625888 -1.12669722988 -0.441322921213 0.0891140140253 0.406121657164 0.498734588526 0.493936562638
 -1.90334714820 -1.15176726834 -0.462090975873 0.0730726004277 0.395707411438 0.515158080876 0.512669184273
 -1.93749572077 -1.17757467822 -0.481616885646 0.0619723065343 0.389388325214 0.518820220076 0.536535601372
 -1.98139602872 -1.20995891769 -0.506397477510 0.0435127198321 0.380893650947 0.526920971507 0.565016387466
 -2.03623652014 -1.24911215613 -0.536524697683 0.0182911369123 0.371126153203 0.541411145042 0.594259755459
 -2.10452093576 -1.29117507675 -0.563412678264 -0.00150008929022 0.363165931357 0.552129316126 0.620878809634
 -2.18786630448 -1.33483669459 -0.585015949622 -0.0199054829894 0.352948474494 0.562616307184 0.646442389203
 -2.28699210268 -1.37346015471 -0.592033003170 -0.0282462202045 0.336997577709 0.564730028519 0.673016064979
 -2.41186645842 -1.40719248928 -0.575522474133 -0.0147162034835 0.328606030635 0.551915303028 0.689196166457
 -2.57576196521 -1.43664391405 -0.541245747772 0.0180472591430 0.330087856090 0.538664045138 0.683672323831
 -2.78499269702 -1.44754258838 -0.486790003779 0.0327050282290 0.339910192322 0.533626161819 0.665444833041
 -3.07832941215 -1.81807967841 -0.730050921186 0.00715487650766 0.410424945609 0.574168036072 0.702825634380
 -3.19845060552 -2.04986481216 -1.01287365040 -0.266839845715 0.330004037143 0.650708416364 0.872790437726
 -3.25846845478 -2.02195509072 -0.918203230388 -0.118987538531 0.351627625887 0.622841043432 0.813817504363
 -3.27383784707 -2.04998183072 -0.958095318984 0.00131463912813 0.473139328544 0.614721264694 0.690291809487
 -3.09374048625 -1.91031255155 -0.841323839808 -0.0582437618426 0.375827856337 0.617875895827 0.751837855406
 -2.92423592299 -1.75377336357 -0.595887125608 0.0239065071883 0.374921286212 0.543895563303 0.703258492453
 -2.61215674313 -1.47903567554 -0.294558622554 0.175764082824 0.262451674794 0.420532236719 0.662102261214
 -2.54485443901 -1.53799928697 -0.649801476692 -0.0350364107398 0.345828863090 0.671462914097 0.614496913568
 -2.42762258529 -1.35229006364 -0.598226150967 -0.0435379761507 0.430311753729 0.589541411435 0.590574963049
 -2.52347469386 -1.34255772425 -0.617343069241 0.00897160441039 0.500085371229 0.601584664973 0.492489258050
 -2.61395953617 -1.07429037756 -0.278690402697 0.179333176049 0.444272593070 0.443499919109 0.415095923250
 -2.84569638930 -1.07219324849 -0.0635558997298 0.283074008003 0.462561420201 0.397479530160 0.229378624882
 -3.06279919162 -1.27526715014 -0.213402519746 0.235190292669 0.574405706904 0.491132019472 0.174513591735
 -3.34263446441 -1.70033772170 -0.385826189611 0.254060190079 0.641568844759 0.515505890939 0.214266307495
 -3.60593346583 -1.96497329544 -0.317082720029 0.416221878643 0.642790591706 0.392786234173 0.186731150818
 -3.76067533523 -2.09603895766 -0.471532188095 0.275826638499 0.598696057113 0.523567463010 0.339568401970
 -3.86729840328 -2.29674916131 -0.821461984314 0.0576102421634 0.503148780429 0.744418883100 0.482593441105
 -4.03489838674 -2.52946359864 -1.00224133603 0.0485009974257 0.584001591234 0.764500746772 0.434853697487
# log_selcoffs_fsh[3]:
 -4.78491135551 -2.85623831856 -1.48245894952 -0.567164350214 -0.144152815350 0.192103782032 0.271462466323 0.310381282002 0.411975717044 0.546325822448 0.765411083365
 -4.95327959313 -3.36034157601 -2.04516835452 -1.12205786562 -0.546347475578 -0.208863959238 0.115632511124 0.410597534668 0.672719894628 0.800183392032 0.831548015897
 -5.29000534644 -3.80954788970 -2.52601978090 -1.56650222064 -0.786194891125 -0.242697188124 0.210787421247 0.615236001894 0.778684893612 0.780524776436 0.692146438232
 -5.51869563208 -3.73637416427 -2.01013784483 -0.956821471787 -0.310061448913 -0.0725743868824 0.187281239490 0.435319720677 0.643654096126 0.722720966848 0.730341938325
 -5.68492410973 -3.94425760339 -2.27482011183 -1.13998788277 -0.451943769573 -0.0614411976089 0.347603019484 0.550067122779 0.690074390446 0.664274036458 0.637538543759
 -5.85971557928 -4.20061420655 -2.68690877065 -1.47347496367 -0.671353391255 -0.0179135806233 0.326785110099 0.602332366417 0.803988601299 0.685596083697 0.564980149253
 -6.02859968434 -4.19009943160 -2.47761697552 -1.30977357521 -0.503076027386 -0.0133563127222 0.258651086070 0.428123397404 0.710034365549 0.787771102448 0.680625451868
 -6.23970129555 -4.57387325002 -3.04187424011 -1.77396703994 -0.663467932933 -0.0344801250777 0.235391907623 0.485989093274 0.804862948940 0.794927867787 0.666443825953
 -6.46517141096 -4.77234361004 -2.98424457262 -1.22983602431 0.0330865775597 0.267590802055 0.0595497282864 0.205623248488 0.574463892720 0.736618582193 0.766362856210
 -6.66628679685 -5.09029137497 -3.49823837074 -2.00002857234 -0.845494579306 -0.264791911738 0.0785008659430 0.673806680413 0.933112052065 0.793203472274 0.606525579156
 -6.81376925358 -5.34114682960 -3.87560094378 -2.46114232582 -1.21292114939 -0.276698303172 0.255099671121 0.785621797447 0.903710223066 0.752217389943 0.563957962398
 -6.94765874200 -5.51664556654 -4.10222643924 -2.68849343590 -1.33636816686 -0.282967989347 0.329319665129 0.828443557866 0.944136145717 0.714546046875 0.470337009153
 -7.08782509455 -5.60690979924 -4.13923582019 -2.66515773691 -1.25737521832 -0.133333761737 0.567078724157 0.929903015677 0.878101970486 0.581703369342 0.229215226507
 -7.22049939546 -5.61605560771 -3.98724061516 -2.28998814022 -0.592287221353 0.483327697868 0.695768276559 0.825367235012 0.720514300806 0.308464447084 -0.00350813450814
 -7.32231247471 -5.56877642907 -3.70350650606 -1.76703766867 -0.271116100230 0.587952550583 0.742579789463 0.755740224697 0.606314425696 0.219073431748 -0.0746131757853
 -7.37303092980 -5.58105288063 -3.72139531452 -1.80808764018 -0.146738083549 0.818556392050 0.878317651305 0.681109903999 0.390232829952 0.0238703913050 -0.232824875155
# log_sel_spl_fsh[1]:
 0.00000000000 0.00000000000 0.00000000000 0.00000000000
 0.00000000000 0.00000000000 0.00000000000 0.00000000000
 0.00000000000 0.00000000000 0.00000000000 0.00000000000
 0.00000000000 0.00000000000 0.00000000000 0.00000000000
 0.00000000000 0.00000000000 0.00000000000 0.00000000000
 0.00000000000 0.00000000000 0.00000000000 0.00000000000
 0.00000000000 0.00000000000 0.00000000000 0.00000000000
 0.00000000000 0.00000000000 0.00000000000 0.00000000000
 0.00000000000 0.00000000000 0.00000000000 0.00000000000
 0.00000000000 0.00000000000 0.00000000000 0.00000000000
 0.00000000000 0.00000000000 0.00000000000 0.00000000000
 0.00000000000 0.00000000000 0.00000000000 0.00000000000
 0.00000000000 0.00000000000 0.00000000000 0.00000000000
 0.00000000000 0.00000000000 0.00000000000 0.00000000000
 0.00000000000 0.00000000000 0.00000000000 0.00000000000
 0.00000000000 0.00000000000 0.00000000000 0.00000000000
 0.00000000000 0.00000000000 0.00000000000 0.00000000000
 0.00000000000 0.00000000000 0.00000000000 0.00000000000
 0.00000000000 0.00000000000 0.00000000000 0.00000000000
 0.00000000000 0.00000000000 0.00000000000 0.00000000000
 0.00000000000 0.00000000000 0.00000000000 0.00000000000
 0.00000000000 0.00000000000 0.00000000000 0.00000000000
 0.00000000000 0.00000000000 0.00000000000 0.00000000000
 0.00000000000 0.00000000000 0.00000000000 0.00000000000
 0.00000000000 0.00000000000 0.00000000000 0.00000000000
 0.00000000000 0.00000000000 0.00000000000 0.00000000000
 0.00000000000 0.00000000000 0.00000000000 0.00000000000
 0.00000000000 0.00000000000 0.00000000000 0.00000000000
 0.00000000000 0.00000000000 0.00000000000 0.00000000000
 0.00000000000 0.00000000000 0.00000000000 0.00000000000
 0.00000000000 0.00000000000 0.00000000000 0.00000000000
# log_sel_spl_fsh[2]:
 0.00000000000 0.00000000000 0.00000000000 0.00000000000
 0.00000000000 0.00000000000 0.00000000000 0.00000000000
 0.00000000000 0.00000000000 0.00000000000 0.00000000000
 0.00000000000 0.00000000000 0.00000000000 0.00000000000
 0.00000000000 0.00000000000 0.00000000000 0.00000000000
 0.00000000000 0.00000000000 0.00000000000 0.00000000000
 0.00000000000 0.00000000000 0.00000000000 0.00000000000
 0.00000000000 0.00000000000 0.00000000000 0.00000000000
 0.00000000000 0.00000000000 0.00000000000 0.00000000000
 0.00000000000 0.00000000000 0.00000000000 0.00000000000
 0.00000000000 0.00000000000 0.00000000000 0.00000000000
 0.00000000000 0.00000000000 0.00000000000 0.00000000000
 0.00000000000 0.00000000000 0.00000000000 0.00000000000
 0.00000000000 0.00000000000 0.00000000000 0.00000000000
 0.00000000000 0.00000000000 0.00000000000 0.00000000000
 0.00000000000 0.00000000000 0.00000000000 0.00000000000
 0.00000000000 0.00000000000 0.00000000000 0.00000000000
 0.00000000000 0.00000000000 0.00000000000 0.00000000000
 0.00000000000 0.00000000000 0.00000000000 0.00000000000
 0.00000000000 0.00000000000 0.00000000000 0.00000000000
 0.00000000000 0.00000000000 0.00000000000 0.00000000000
 0.00000000000 0.00000000000 0.00000000000 0.00000000000
 0.00000000000 0.00000000000 0.00000000000 0.00000000000
 0.00000000000 0.00000000000 0.00000000000 0.00000000000
 0.00000000000 0.00000000000 0.00000000000 0.00000000000
 0.00000000000 0.00000000000 0.00000000000 0.00000000000
 0.00000000000 0.00000000000 0.00000000000 0.00000000000
 0.00000000000 0.00000000000 0.00000000000 0.00000000000
 0.00000000000 0.00000000000 0.00000000000 0.00000000000
 0.00000000000 0.00000000000 0.00000000000 0.00000000000
 0.00000000000 0.00000000000 0.00000000000 0.00000000000
# log_sel_spl_fsh[3]:
 0.00000000000 0.00000000000 0.00000000000 0.00000000000
 0.00000000000 0.00000000000 0.00000000000 0.00000000000
 0.00000000000 0.00000000000 0.00000000000 0.00000000000
 0.00000000000 0.00000000000 0.00000000000 0.00000000000
 0.00000000000 0.00000000000 0.00000000000 0.00000000000
 0.00000000000 0.00000000000 0.00000000000 0.00000000000
 0.00000000000 0.00000000000 0.00000000000 0.00000000000
 0.00000000000 0.00000000000 0.00000000000 0.00000000000
 0.00000000000 0.00000000000 0.00000000000 0.00000000000
 0.00000000000 0.00000000000 0.00000000000 0.00000000000
 0.00000000000 0.00000000000 0.00000000000 0.00000000000
 0.00000000000 0.00000000000 0.00000000000 0.00000000000
 0.00000000000 0.00000000000 0.00000000000 0.00000000000
 0.00000000000 0.00000000000 0.00000000000 0.00000000000
 0.00000000000 0.00000000000 0.00000000000 0.00000000000
 0.00000000000 0.00000000000 0.00000000000 0.00000000000
# logsel_slope_fsh[1]:
 0.00000000000 0.00000000000 0.00000000000 0.00000000000 0.00000000000 0.00000000000 0.00000000000 0.00000000000 0.00000000000 0.00000000000 0.00000000000 0.00000000000 0.00000000000 0.00000000000 0.00000000000 0.00000000000 0.00000000000 0.00000000000 0.00000000000 0.00000000000 0.00000000000 0.00000000000 0.00000000000 0.00000000000 0.00000000000 0.00000000000 0.00000000000 0.00000000000 0.00000000000 0.00000000000 0.00000000000
# logsel_slope_fsh[2]:
 0.00000000000 0.00000000000 0.00000000000 0.00000000000 0.00000000000 0.00000000000 0.00000000000 0.00000000000 0.00000000000 0.00000000000 0.00000000000 0.00000000000 0.00000000000 0.00000000000 0.00000000000 0.00000000000 0.00000000000 0.00000000000 0.00000000000 0.00000000000 0.00000000000 0.00000000000 0.00000000000 0.00000000000 0.00000000000 0.00000000000 0.00000000000 0.00000000000 0.00000000000 0.00000000000 0.00000000000
# logsel_slope_fsh[3]:
 0.00000000000 0.00000000000 0.00000000000 0.00000000000 0.00000000000 0.00000000000 0.00000000000 0.00000000000 0.00000000000 0.00000000000 0.00000000000 0.00000000000 0.00000000000 0.00000000000 0.00000000000 0.00000000000
# sel50_fsh[1]:
 0.00000000000 0.00000000000 0.00000000000 0.00000000000 0.00000000000 0.00000000000 0.00000000000 0.00000000000 0.00000000000 0.00000000000 0.00000000000 0.00000000000 0.00000000000 0.00000000000 0.00000000000 0.00000000000 0.00000000000 0.00000000000 0.00000000000 0.00000000000 0.00000000000 0.00000000000 0.00000000000 0.00000000000 0.00000000000 0.00000000000 0.00000000000 0.00000000000 0.00000000000 0.00000000000 0.00000000000
# sel50_fsh[2]:
 0.00000000000 0.00000000000 0.00000000000 0.00000000000 0.00000000000 0.00000000000 0.00000000000 0.00000000000 0.00000000000 0.00000000000 0.00000000000 0.00000000000 0.00000000000 0.00000000000 0.00000000000 0.00000000000 0.00000000000 0.00000000000 0.00000000000 0.00000000000 0.00000000000 0.00000000000 0.00000000000 0.00000000000 0.00000000000 0.00000000000 0.00000000000 0.00000000000 0.00000000000 0.00000000000 0.00000000000
# sel50_fsh[3]:
 0.00000000000 0.00000000000 0.00000000000 0.00000000000 0.00000000000 0.00000000000 0.00000000000 0.00000000000 0.00000000000 0.00000000000 0.00000000000 0.00000000000 0.00000000000 0.00000000000 0.00000000000 0.00000000000
# logsel_p1_fsh[1]:
 0.00000000000 0.00000000000 0.00000000000 0.00000000000 0.00000000000 0.00000000000 0.00000000000 0.00000000000 0.00000000000 0.00000000000 0.00000000000 0.00000000000 0.00000000000 0.00000000000 0.00000000000 0.00000000000 0.00000000000 0.00000000000 0.00000000000 0.00000000000 0.00000000000 0.00000000000 0.00000000000 0.00000000000 0.00000000000 0.00000000000 0.00000000000 0.00000000000 0.00000000000 0.00000000000 0.00000000000
# logsel_p1_fsh[2]:
 0.00000000000 0.00000000000 0.00000000000 0.00000000000 0.00000000000 0.00000000000 0.00000000000 0.00000000000 0.00000000000 0.00000000000 0.00000000000 0.00000000000 0.00000000000 0.00000000000 0.00000000000 0.00000000000 0.00000000000 0.00000000000 0.00000000000 0.00000000000 0.00000000000 0.00000000000 0.00000000000 0.00000000000 0.00000000000 0.00000000000 0.00000000000 0.00000000000 0.00000000000 0.00000000000 0.00000000000
# logsel_p1_fsh[3]:
 0.00000000000 0.00000000000 0.00000000000 0.00000000000 0.00000000000 0.00000000000 0.00000000000 0.00000000000 0.00000000000 0.00000000000 0.00000000000 0.00000000000 0.00000000000 0.00000000000 0.00000000000 0.00000000000
# logsel_p2_fsh[1]:
 0.00000000000 0.00000000000 0.00000000000 0.00000000000 0.00000000000 0.00000000000 0.00000000000 0.00000000000 0.00000000000 0.00000000000 0.00000000000 0.00000000000 0.00000000000 0.00000000000 0.00000000000 0.00000000000 0.00000000000 0.00000000000 0.00000000000 0.00000000000 0.00000000000 0.00000000000 0.00000000000 0.00000000000 0.00000000000 0.00000000000 0.00000000000 0.00000000000 0.00000000000 0.00000000000 0.00000000000
# logsel_p2_fsh[2]:
 0.00000000000 0.00000000000 0.00000000000 0.00000000000 0.00000000000 0.00000000000 0.00000000000 0.00000000000 0.00000000000 0.00000000000 0.00000000000 0.00000000000 0.00000000000 0.00000000000 0.00000000000 0.00000000000 0.00000000000 0.00000000000 0.00000000000 0.00000000000 0.00000000000 0.00000000000 0.00000000000 0.00000000000 0.00000000000 0.00000000000 0.00000000000 0.00000000000 0.00000000000 0.00000000000 0.00000000000
# logsel_p2_fsh[3]:
 0.00000000000 0.00000000000 0.00000000000 0.00000000000 0.00000000000 0.00000000000 0.00000000000 0.00000000000 0.00000000000 0.00000000000 0.00000000000 0.00000000000 0.00000000000 0.00000000000 0.00000000000 0.00000000000
# logsel_p3_fsh[1]:
 0.00000000000 0.00000000000 0.00000000000 0.00000000000 0.00000000000 0.00000000000 0.00000000000 0.00000000000 0.00000000000 0.00000000000 0.00000000000 0.00000000000 0.00000000000 0.00000000000 0.00000000000 0.00000000000 0.00000000000 0.00000000000 0.00000000000 0.00000000000 0.00000000000 0.00000000000 0.00000000000 0.00000000000 0.00000000000 0.00000000000 0.00000000000 0.00000000000 0.00000000000 0.00000000000 0.00000000000
# logsel_p3_fsh[2]:
 0.00000000000 0.00000000000 0.00000000000 0.00000000000 0.00000000000 0.00000000000 0.00000000000 0.00000000000 0.00000000000 0.00000000000 0.00000000000 0.00000000000 0.00000000000 0.00000000000 0.00000000000 0.00000000000 0.00000000000 0.00000000000 0.00000000000 0.00000000000 0.00000000000 0.00000000000 0.00000000000 0.00000000000 0.00000000000 0.00000000000 0.00000000000 0.00000000000 0.00000000000 0.00000000000 0.00000000000
# logsel_p3_fsh[3]:
 0.00000000000 0.00000000000 0.00000000000 0.00000000000 0.00000000000 0.00000000000 0.00000000000 0.00000000000 0.00000000000 0.00000000000 0.00000000000 0.00000000000 0.00000000000 0.00000000000 0.00000000000 0.00000000000
# rec_dev_future:
 0.00000000000 0.00000000000 0.00000000000 0.00000000000 0.00000000000 0.00000000000 0.00000000000 0.00000000000 0.00000000000 0.00000000000 0.00000000000 0.00000000000 0.00000000000 0.00000000000 0.00000000000 0.00000000000 0.00000000000 0.00000000000 0.00000000000 0.00000000000
# log_q_ind[1]:
-12.0015680503
# log_q_power_ind[1]:
0.00000000000
# log_selcoffs_ind[1]:
 -5.59082842527 -4.02972478906 -2.57213542561 -1.37783281654 -0.434387396557 0.215424828132 0.547175561588 0.802641121962 0.794042719521 0.463626424434
# logsel_slope_ind[1]:
 0.00000000000
# sel50_ind[1]:
 0.00000000000
# logsel_p1_ind[1]:
 0.00000000000
# sel_p2_ind[1]:
 0.00000000000
# logsel_p3_ind[1]:
 0.00000000000
