# Number of parameters = 673 Objective function value = 295.283850946806  Maximum gradient component = 5.28485088190462e-05
# Mest[1]:
0.270000000000
# log_Linf[1]:
4.38701417618
# log_k[1]:
-1.83258146375
# log_Lo[1]:
2.75684036527
# log_sdage[1]:
-2.40794560865
# mean_log_rec[1]:
8.30523575082
# steepness[1]:
0.610000000000
# log_Rzero[1]:
8.17701456202
# rec_dev:
 -0.328839987194 -0.389942623206 -0.459069123762 -0.266665122163 0.162095943216 0.0920840921362 0.354697703086 0.257707024089 0.189298841369 0.118101987554 0.266180681391 0.150790180725 0.676828247576 0.951314738836 0.967689710570 0.872050599402 0.738053028770 0.699370529076 0.622248466440 0.553507715917 0.508116729491 0.297757555273 0.127650168698 0.109336763338 0.281693131563 0.425036922563 0.358386065443 0.300950624531 0.184826270705 0.0803111477254 0.00449407928768 -0.0762491780004 -0.000865458391862 -0.0541192119845 -0.0679661180289 0.00927973209128 0.0300023759711 -0.0303844072409 -0.186510812892 -0.377805958525 -0.508741394162 -0.756100839074 -0.759640832750 -0.745180212258 -1.03793799024 -0.526859803526
# log_sigmar[1]:
-0.223143551314
# fmort:
 -1.47935035000 -1.57781172636 -1.52202264375 -1.37790425270 -1.97286596821 -2.12548144793 -2.06690376840 -2.13834931729 -1.63099728831 -1.44500822089 -1.99413641523 -1.78522054867 -2.15038790749 -2.57743670648 -2.06771614744 -2.12035514592 -1.85457491327 -1.77961024950 -1.75906020263 -1.81379913059 -1.89180338350 -1.89077249779 -2.24497016219 -2.19736188200 -2.44881618687 -2.69306373830 -2.53957920332 -3.64622635849 -2.32903365735 -2.84597548552 -3.75649618801 -3.78864525946 -2.78103097118 -3.12145766010 -3.25870662472 -3.97784303737 -5.15166163152
 -12.5265432124 -12.3633406379 -12.2370783771 -12.1303371106 -5.12649403444 -5.11668592430 -4.09786576098 -4.07928608452 -3.38943981612 -2.69841104691 -3.55156808553 -2.57856070290 -2.59124646131 -2.73642786775 -3.08852201164 -4.67641145299 -4.09393469808 -4.03263657693 -3.75822788507 -3.55307306630 -3.07145806838 -3.47773801690 -3.22427348109 -2.40099706571 -3.87073915041 -2.44446902019 -1.65583686429 -2.36204822208 -2.39293673519 -2.18701565401 -2.40102569793 -1.92065293552 -2.00404019444 -3.08222471053 -3.38082267284 -2.84672994560 -3.18777591657
 -12.5452241919 -12.3259402475 -12.1537536732 -11.9926862799 -11.9197683894 -11.9746426023 -12.0846115389 -12.2197791566 -12.3091659522 -3.76467191787 -1.24598274026 -1.00640043598 -1.08588499170 -1.24237041329 -1.98587323774 -2.53251570076 -3.19305069574 -2.61700208615 -2.77369104855 -2.97370132744 -2.84077713500 -2.41788123526 -2.10939815776 -2.44977203384 -2.30942342966 -1.70568833298 -1.30420481827 -2.48077977414 -2.74652324059 -2.34821890691 -2.23760971838 -2.16949430152 -2.84938467030 -2.94120192823 -2.68213386909 -3.43447981904 -4.86595043419
# log_selcoffs_fsh[1]:
 -2.69704978834 -1.77796625259 -0.757525140924 -0.00925421714058 0.485161455601 0.985653868122
 -2.82394413251 -1.71488659444 -0.781412543388 -0.0567544465630 0.477791374883 1.00998160589
 -2.99875009422 -1.71127801492 -0.735448669267 -0.0360077786889 0.500541396418 0.984315118898
 -3.08055807407 -1.70500108634 -0.633136520460 0.00983379386716 0.528990951890 0.929905273109
 -3.10557856063 -1.67797851838 -0.570389113181 -0.00302399827786 0.482744593486 0.949976296243
 -3.26438069289 -1.82047930879 -0.714435423355 -0.0128841144811 0.430184795737 1.02447148095
 -3.39775213843 -2.11632229345 -1.04061613149 -0.133493985816 0.525488406577 1.07381516573
 -3.45100979246 -2.12116611548 -1.02709477371 -0.0647165799717 0.577870294974 1.01912784947
 -3.40045453978 -2.16307160209 -1.15879873157 -0.187850596527 0.642815045104 1.03220247562
 -3.37349260080 -1.76025152914 -0.683398854940 0.0227936368685 0.541993263302 0.934658805213
 -3.30925608860 -1.54145305681 -0.268996374531 0.229847514097 0.479502969947 0.747427603226
 -3.15118156881 -1.39460536019 -0.225289601324 0.233996005206 0.464649277872 0.720707479170
 -3.08295788357 -1.39019739278 -0.388465129140 0.227809275767 0.528436598777 0.729927124494
 -3.13278630952 -1.61056388236 -0.504682652377 0.262808156729 0.646237781257 0.664751244086
 -3.06168543135 -1.71705107041 -0.547415074015 0.191483986988 0.613386180370 0.759605925500
 -2.93539540188 -1.69358862969 -0.625414455372 0.0907044814328 0.588642574549 0.846514185607
 -3.08702443457 -1.83853750698 -0.733860370201 0.0453898749824 0.570616862792 0.916077282096
 -3.06103182135 -1.84138053852 -0.782354613085 -0.0541193044679 0.485370477380 1.01709071726
 -3.23742418890 -1.87817078844 -0.571660000973 0.146235308968 0.574193567643 0.837295866459
 -3.08315792143 -1.82140305874 -0.523473410488 0.170316601168 0.534790358314 0.836016209577
 -2.88181564436 -1.69769706174 -0.677432390885 0.0309091912095 0.497241474731 0.946770088167
 -3.15282268634 -2.00952454057 -0.937254062874 -0.0371174238997 0.619580373109 0.959274798287
 -3.35332231451 -2.22520969815 -1.22322198096 -0.226885127347 0.668424675539 1.03479643799
 -3.53719911581 -2.38102344585 -1.27570279799 -0.243234527797 0.638520676022 1.07207995086
 -3.73255818511 -2.45028084104 -1.14874632909 -0.144152186947 0.691514112376 0.997049224526
 -3.85155257780 -2.59605549583 -1.33278358438 -0.182953744181 0.717925865433 1.01431030990
 -3.80732331443 -2.59444918303 -1.54808591845 -0.456590801103 0.546247693856 1.20304733351
# log_selcoffs_fsh[2]:
 -1.88570664377 -1.12405706071 -0.427483195312 0.102947608691 0.403331296855 0.480347776153 0.500350062267
 -1.89781581393 -1.14030964824 -0.446941105486 0.0903472286492 0.400693797035 0.500337375248 0.503263591662
 -1.91734508288 -1.16128723968 -0.468160909223 0.0734251153391 0.404478901485 0.510544204234 0.514535035174
 -1.94324653907 -1.18537176722 -0.488576367296 0.0568670431109 0.393322621805 0.526633870572 0.532975777993
 -1.97639603987 -1.20992612579 -0.506734913696 0.0459708699435 0.386373492855 0.529553718702 0.556124606626
 -2.01940782004 -1.24112819165 -0.529811164411 0.0293192783730 0.377577057451 0.535994056953 0.583246570794
 -2.07392608333 -1.27985791680 -0.559449407761 0.00490396941248 0.368891619248 0.550057293479 0.609933465517
 -2.14153858863 -1.32130534483 -0.585807723595 -0.0144260678563 0.361464909648 0.560774650353 0.634429413775
 -2.22343559645 -1.36365768916 -0.606309747804 -0.0321256950404 0.351118253031 0.570376783020 0.658921270776
 -2.32070231286 -1.40067626779 -0.612022264518 -0.0396481950910 0.335028469037 0.571236130136 0.684888209308
 -2.44378029930 -1.43303525516 -0.594789876526 -0.0254811637893 0.327045153555 0.557874742136 0.700244582285
 -2.60622266006 -1.46148297695 -0.560988490300 0.00647081055105 0.329715514178 0.545929423097 0.693334238491
 -2.81244176993 -1.46895217394 -0.505352691809 0.0206051601257 0.338137867218 0.540087902742 0.676597036617
 -3.10383646884 -1.83781312270 -0.746555227607 -0.00859967644803 0.401736083730 0.578213773652 0.719427125684
 -3.22373115358 -2.07059405757 -1.03000026345 -0.282756166635 0.314410519071 0.647474872181 0.893313058874
 -3.28499243320 -2.04451865663 -0.937640640660 -0.135711391947 0.337057740755 0.617817346718 0.838448725717
 -3.30124568740 -2.07354880754 -0.979765580183 -0.0198839175384 0.455252567062 0.612348646441 0.722891313776
 -3.12262480310 -1.93625751555 -0.865644237356 -0.0848894651519 0.350888446090 0.612799072257 0.791363409090
 -2.95588817184 -1.78460744358 -0.621913405871 -0.000887303081448 0.351105696531 0.540174403516 0.745327681930
 -2.63764694978 -1.51546348573 -0.325096505629 0.151209948340 0.242685104427 0.421373503415 0.705246280647
 -2.54434997093 -1.57354413897 -0.689887393054 -0.0646053818727 0.326638287028 0.675362824334 0.654432970795
 -2.36453743320 -1.36187719641 -0.638675445477 -0.0795786267665 0.409554778492 0.595037064003 0.630785433561
 -2.35921946149 -1.28692081093 -0.632427406356 -0.0319195356070 0.468239409140 0.603819441097 0.532526485516
 -2.33529185216 -0.917091635487 -0.233371154267 0.157588099439 0.397988310978 0.419743311548 0.425657860309
 -2.49561848132 -0.804798145474 0.0734440921970 0.305343506317 0.414144064479 0.315438569074 0.142489926928
 -2.68412887270 -0.946973204647 0.0453109658017 0.346483240304 0.543838207899 0.343374194877 -0.0501729885245
 -2.96577733253 -1.40558348949 -0.0459015409852 0.516119973641 0.673256514477 0.259472816751 -0.203650451076
# log_selcoffs_fsh[3]:
 -4.84547494779 -2.91096911930 -1.53141011150 -0.610003795811 -0.181883594170 0.164658434139 0.271265074532 0.327390706272 0.427815813468 0.557072847758 0.782539827229
 -5.01827469306 -3.43011096953 -2.12201701164 -1.20638551259 -0.628482601700 -0.264534364780 0.0980349186483 0.416773928094 0.688987513921 0.821478355965 0.856690421944
 -5.35969968697 -3.88960493025 -2.61437196630 -1.66080468029 -0.880420292276 -0.323019405475 0.160483287030 0.606690749517 0.797566339496 0.815383984128 0.734515723843
 -5.58182279021 -3.81700900981 -2.10042014282 -1.05028570020 -0.405516160946 -0.159767928586 0.123974758750 0.410902751078 0.663048035982 0.775465572084 0.802251037519
 -5.73454883409 -4.02134479343 -2.36245489758 -1.22418564009 -0.532125209664 -0.134892310500 0.292088740784 0.525802533100 0.705955839192 0.713727394621 0.708568077657
 -5.88063162499 -4.26830455633 -2.77822938966 -1.56034332342 -0.747362270780 -0.0800822638025 0.285106788730 0.586772424093 0.817790466515 0.722890651391 0.620784008649
 -5.99766950133 -4.23173230967 -2.56989525238 -1.40961995019 -0.588907388020 -0.0792230288205 0.220282693547 0.418044488742 0.724766472258 0.824752906009 0.728735478537
 -6.14023089116 -4.56518000867 -3.10825546476 -1.87613001984 -0.761155179238 -0.105919963903 0.197689062772 0.480874674144 0.823199025961 0.826165734307 0.705354674448
 -6.28127501820 -4.68556254261 -2.98876896523 -1.30202726588 -0.0642959208451 0.188847850872 0.0176174513781 0.203070418966 0.600276084878 0.780370891594 0.821167242032
 -6.40455078584 -4.92395386719 -3.42260072187 -2.00254629630 -0.902097092400 -0.341517613373 0.0242263982481 0.660196154721 0.947188121218 0.819736356001 0.641329313219
 -6.47497578369 -5.10851047080 -3.72955153897 -2.37802928936 -1.18615976905 -0.299110203240 0.211925744260 0.760162720635 0.908966118620 0.773858646495 0.590148029116
 -6.53013230046 -5.25494312764 -3.96511622045 -2.58627746020 -1.22277162198 -0.184758040222 0.393718955525 0.817885915592 0.882956118233 0.702133660586 0.463139847028
# log_sel_spl_fsh[1]:
 0.00000000000 0.00000000000 0.00000000000 0.00000000000
 0.00000000000 0.00000000000 0.00000000000 0.00000000000
 0.00000000000 0.00000000000 0.00000000000 0.00000000000
 0.00000000000 0.00000000000 0.00000000000 0.00000000000
 0.00000000000 0.00000000000 0.00000000000 0.00000000000
 0.00000000000 0.00000000000 0.00000000000 0.00000000000
 0.00000000000 0.00000000000 0.00000000000 0.00000000000
 0.00000000000 0.00000000000 0.00000000000 0.00000000000
 0.00000000000 0.00000000000 0.00000000000 0.00000000000
 0.00000000000 0.00000000000 0.00000000000 0.00000000000
 0.00000000000 0.00000000000 0.00000000000 0.00000000000
 0.00000000000 0.00000000000 0.00000000000 0.00000000000
 0.00000000000 0.00000000000 0.00000000000 0.00000000000
 0.00000000000 0.00000000000 0.00000000000 0.00000000000
 0.00000000000 0.00000000000 0.00000000000 0.00000000000
 0.00000000000 0.00000000000 0.00000000000 0.00000000000
 0.00000000000 0.00000000000 0.00000000000 0.00000000000
 0.00000000000 0.00000000000 0.00000000000 0.00000000000
 0.00000000000 0.00000000000 0.00000000000 0.00000000000
 0.00000000000 0.00000000000 0.00000000000 0.00000000000
 0.00000000000 0.00000000000 0.00000000000 0.00000000000
 0.00000000000 0.00000000000 0.00000000000 0.00000000000
 0.00000000000 0.00000000000 0.00000000000 0.00000000000
 0.00000000000 0.00000000000 0.00000000000 0.00000000000
 0.00000000000 0.00000000000 0.00000000000 0.00000000000
 0.00000000000 0.00000000000 0.00000000000 0.00000000000
 0.00000000000 0.00000000000 0.00000000000 0.00000000000
# log_sel_spl_fsh[2]:
 0.00000000000 0.00000000000 0.00000000000 0.00000000000
 0.00000000000 0.00000000000 0.00000000000 0.00000000000
 0.00000000000 0.00000000000 0.00000000000 0.00000000000
 0.00000000000 0.00000000000 0.00000000000 0.00000000000
 0.00000000000 0.00000000000 0.00000000000 0.00000000000
 0.00000000000 0.00000000000 0.00000000000 0.00000000000
 0.00000000000 0.00000000000 0.00000000000 0.00000000000
 0.00000000000 0.00000000000 0.00000000000 0.00000000000
 0.00000000000 0.00000000000 0.00000000000 0.00000000000
 0.00000000000 0.00000000000 0.00000000000 0.00000000000
 0.00000000000 0.00000000000 0.00000000000 0.00000000000
 0.00000000000 0.00000000000 0.00000000000 0.00000000000
 0.00000000000 0.00000000000 0.00000000000 0.00000000000
 0.00000000000 0.00000000000 0.00000000000 0.00000000000
 0.00000000000 0.00000000000 0.00000000000 0.00000000000
 0.00000000000 0.00000000000 0.00000000000 0.00000000000
 0.00000000000 0.00000000000 0.00000000000 0.00000000000
 0.00000000000 0.00000000000 0.00000000000 0.00000000000
 0.00000000000 0.00000000000 0.00000000000 0.00000000000
 0.00000000000 0.00000000000 0.00000000000 0.00000000000
 0.00000000000 0.00000000000 0.00000000000 0.00000000000
 0.00000000000 0.00000000000 0.00000000000 0.00000000000
 0.00000000000 0.00000000000 0.00000000000 0.00000000000
 0.00000000000 0.00000000000 0.00000000000 0.00000000000
 0.00000000000 0.00000000000 0.00000000000 0.00000000000
 0.00000000000 0.00000000000 0.00000000000 0.00000000000
 0.00000000000 0.00000000000 0.00000000000 0.00000000000
# log_sel_spl_fsh[3]:
 0.00000000000 0.00000000000 0.00000000000 0.00000000000
 0.00000000000 0.00000000000 0.00000000000 0.00000000000
 0.00000000000 0.00000000000 0.00000000000 0.00000000000
 0.00000000000 0.00000000000 0.00000000000 0.00000000000
 0.00000000000 0.00000000000 0.00000000000 0.00000000000
 0.00000000000 0.00000000000 0.00000000000 0.00000000000
 0.00000000000 0.00000000000 0.00000000000 0.00000000000
 0.00000000000 0.00000000000 0.00000000000 0.00000000000
 0.00000000000 0.00000000000 0.00000000000 0.00000000000
 0.00000000000 0.00000000000 0.00000000000 0.00000000000
 0.00000000000 0.00000000000 0.00000000000 0.00000000000
 0.00000000000 0.00000000000 0.00000000000 0.00000000000
# logsel_slope_fsh[1]:
 0.00000000000 0.00000000000 0.00000000000 0.00000000000 0.00000000000 0.00000000000 0.00000000000 0.00000000000 0.00000000000 0.00000000000 0.00000000000 0.00000000000 0.00000000000 0.00000000000 0.00000000000 0.00000000000 0.00000000000 0.00000000000 0.00000000000 0.00000000000 0.00000000000 0.00000000000 0.00000000000 0.00000000000 0.00000000000 0.00000000000 0.00000000000
# logsel_slope_fsh[2]:
 0.00000000000 0.00000000000 0.00000000000 0.00000000000 0.00000000000 0.00000000000 0.00000000000 0.00000000000 0.00000000000 0.00000000000 0.00000000000 0.00000000000 0.00000000000 0.00000000000 0.00000000000 0.00000000000 0.00000000000 0.00000000000 0.00000000000 0.00000000000 0.00000000000 0.00000000000 0.00000000000 0.00000000000 0.00000000000 0.00000000000 0.00000000000
# logsel_slope_fsh[3]:
 0.00000000000 0.00000000000 0.00000000000 0.00000000000 0.00000000000 0.00000000000 0.00000000000 0.00000000000 0.00000000000 0.00000000000 0.00000000000 0.00000000000
# sel50_fsh[1]:
 0.00000000000 0.00000000000 0.00000000000 0.00000000000 0.00000000000 0.00000000000 0.00000000000 0.00000000000 0.00000000000 0.00000000000 0.00000000000 0.00000000000 0.00000000000 0.00000000000 0.00000000000 0.00000000000 0.00000000000 0.00000000000 0.00000000000 0.00000000000 0.00000000000 0.00000000000 0.00000000000 0.00000000000 0.00000000000 0.00000000000 0.00000000000
# sel50_fsh[2]:
 0.00000000000 0.00000000000 0.00000000000 0.00000000000 0.00000000000 0.00000000000 0.00000000000 0.00000000000 0.00000000000 0.00000000000 0.00000000000 0.00000000000 0.00000000000 0.00000000000 0.00000000000 0.00000000000 0.00000000000 0.00000000000 0.00000000000 0.00000000000 0.00000000000 0.00000000000 0.00000000000 0.00000000000 0.00000000000 0.00000000000 0.00000000000
# sel50_fsh[3]:
 0.00000000000 0.00000000000 0.00000000000 0.00000000000 0.00000000000 0.00000000000 0.00000000000 0.00000000000 0.00000000000 0.00000000000 0.00000000000 0.00000000000
# logsel_p1_fsh[1]:
 0.00000000000 0.00000000000 0.00000000000 0.00000000000 0.00000000000 0.00000000000 0.00000000000 0.00000000000 0.00000000000 0.00000000000 0.00000000000 0.00000000000 0.00000000000 0.00000000000 0.00000000000 0.00000000000 0.00000000000 0.00000000000 0.00000000000 0.00000000000 0.00000000000 0.00000000000 0.00000000000 0.00000000000 0.00000000000 0.00000000000 0.00000000000
# logsel_p1_fsh[2]:
 0.00000000000 0.00000000000 0.00000000000 0.00000000000 0.00000000000 0.00000000000 0.00000000000 0.00000000000 0.00000000000 0.00000000000 0.00000000000 0.00000000000 0.00000000000 0.00000000000 0.00000000000 0.00000000000 0.00000000000 0.00000000000 0.00000000000 0.00000000000 0.00000000000 0.00000000000 0.00000000000 0.00000000000 0.00000000000 0.00000000000 0.00000000000
# logsel_p1_fsh[3]:
 0.00000000000 0.00000000000 0.00000000000 0.00000000000 0.00000000000 0.00000000000 0.00000000000 0.00000000000 0.00000000000 0.00000000000 0.00000000000 0.00000000000
# logsel_p2_fsh[1]:
 0.00000000000 0.00000000000 0.00000000000 0.00000000000 0.00000000000 0.00000000000 0.00000000000 0.00000000000 0.00000000000 0.00000000000 0.00000000000 0.00000000000 0.00000000000 0.00000000000 0.00000000000 0.00000000000 0.00000000000 0.00000000000 0.00000000000 0.00000000000 0.00000000000 0.00000000000 0.00000000000 0.00000000000 0.00000000000 0.00000000000 0.00000000000
# logsel_p2_fsh[2]:
 0.00000000000 0.00000000000 0.00000000000 0.00000000000 0.00000000000 0.00000000000 0.00000000000 0.00000000000 0.00000000000 0.00000000000 0.00000000000 0.00000000000 0.00000000000 0.00000000000 0.00000000000 0.00000000000 0.00000000000 0.00000000000 0.00000000000 0.00000000000 0.00000000000 0.00000000000 0.00000000000 0.00000000000 0.00000000000 0.00000000000 0.00000000000
# logsel_p2_fsh[3]:
 0.00000000000 0.00000000000 0.00000000000 0.00000000000 0.00000000000 0.00000000000 0.00000000000 0.00000000000 0.00000000000 0.00000000000 0.00000000000 0.00000000000
# logsel_p3_fsh[1]:
 0.00000000000 0.00000000000 0.00000000000 0.00000000000 0.00000000000 0.00000000000 0.00000000000 0.00000000000 0.00000000000 0.00000000000 0.00000000000 0.00000000000 0.00000000000 0.00000000000 0.00000000000 0.00000000000 0.00000000000 0.00000000000 0.00000000000 0.00000000000 0.00000000000 0.00000000000 0.00000000000 0.00000000000 0.00000000000 0.00000000000 0.00000000000
# logsel_p3_fsh[2]:
 0.00000000000 0.00000000000 0.00000000000 0.00000000000 0.00000000000 0.00000000000 0.00000000000 0.00000000000 0.00000000000 0.00000000000 0.00000000000 0.00000000000 0.00000000000 0.00000000000 0.00000000000 0.00000000000 0.00000000000 0.00000000000 0.00000000000 0.00000000000 0.00000000000 0.00000000000 0.00000000000 0.00000000000 0.00000000000 0.00000000000 0.00000000000
# logsel_p3_fsh[3]:
 0.00000000000 0.00000000000 0.00000000000 0.00000000000 0.00000000000 0.00000000000 0.00000000000 0.00000000000 0.00000000000 0.00000000000 0.00000000000 0.00000000000
# rec_dev_future:
 0.00000000000 0.00000000000 0.00000000000 0.00000000000 0.00000000000 0.00000000000 0.00000000000 0.00000000000 0.00000000000 0.00000000000 0.00000000000 0.00000000000 0.00000000000 0.00000000000 0.00000000000 0.00000000000 0.00000000000 0.00000000000 0.00000000000 0.00000000000
# log_q_ind[1]:
-12.0776055702
# log_q_power_ind[1]:
0.00000000000
# log_selcoffs_ind[1]:
 -5.36846417479 -3.85694991919 -2.46155198433 -1.36322528329 -0.564690576630 -0.0359825984197 0.358823493134 0.734996687580 0.888833969277 0.765684301062
# logsel_slope_ind[1]:
 0.00000000000
# sel50_ind[1]:
 0.00000000000
# logsel_p1_ind[1]:
 0.00000000000
# sel_p2_ind[1]:
 0.00000000000
# logsel_p3_ind[1]:
 0.00000000000
