# Number of parameters = 841 Objective function value = 425.462088375588  Maximum gradient component = 0.000139502778348650
# Mest[1]:
0.270000000000
# log_Linf[1]:
4.38701417618
# log_k[1]:
-1.83258146375
# log_Lo[1]:
2.75684036527
# log_sdage[1]:
-2.40794560865
# mean_log_rec[1]:
8.27645482948
# steepness[1]:
0.610000000000
# log_Rzero[1]:
8.16077305963
# rec_dev:
 -0.308556763592 -0.367990744806 -0.435794474984 -0.238647002607 0.195688771518 0.127281350889 0.394588194427 0.298946912354 0.232867128066 0.153349317189 0.281090235029 0.149051737305 0.650663709814 0.921399662927 0.983122801415 0.912674602408 0.777173396369 0.730350223290 0.641887882731 0.561975936339 0.538152864398 0.349336512735 0.175721811259 0.138506750842 0.303979921101 0.464025964639 0.399772592083 0.331514034084 0.205529767086 0.104124686341 0.0254304592602 -0.0645610074002 0.00524800335207 -0.0488139445746 -0.0691774870062 -0.00725637554612 -0.0212540770557 -0.124800939099 -0.313710023741 -0.503052580934 -0.558849964723 -0.619895105159 -0.505988496574 -0.486475759274 -0.494207313102 -0.506892418672 -0.509654472105 -0.423880606753 -0.391067741664 -0.484289832633 -0.413060461124 -0.154618887350
# log_sigmar[1]:
-0.223143551314
# fmort:
 -1.47689144783 -1.57937135812 -1.52719577382 -1.38555562771 -1.97900171520 -2.12554941127 -2.05687397689 -2.11836094342 -1.60145577872 -1.41222935645 -1.95083959936 -1.73543223860 -2.08896091911 -2.50568366850 -1.98901614211 -2.04051371403 -1.79230949740 -1.73131678091 -1.71887813806 -1.78231006167 -1.87020235852 -1.88118398112 -2.23944910751 -2.19430220260 -2.44439107967 -2.68725798306 -2.53328039941 -3.63019602429 -2.30986533737 -2.81011621366 -3.69781706322 -3.70071616920 -2.64450187723 -2.92385785640 -3.01856361489 -3.71135389620 -4.91509494741 -4.49858414212 -5.28528418912 -5.58997758180 -5.13868737284 -4.22602710153 -4.12670695598
 -12.5339150581 -12.3771183984 -12.2551955174 -12.1505808202 -5.14484597880 -5.13003476846 -4.10636963822 -4.08312318882 -3.38941783950 -2.69610850448 -3.54644677214 -2.57174845001 -2.58086639736 -2.72110288871 -3.06794771835 -4.65230884851 -4.06988735470 -4.01106563692 -3.74005881643 -3.53734002577 -3.05760445745 -3.46897670341 -3.21719791683 -2.39995553519 -3.86753686757 -2.45104245034 -1.67446395813 -2.37173820848 -2.39220045293 -2.17291203186 -2.36286623706 -1.84949333753 -1.86900905273 -2.89125721802 -3.16618431315 -2.63624209612 -3.07579076346 -2.85771119272 -3.07933935627 -3.05376287695 -3.15082301793 -3.36301629621 -2.99163969776
 -12.5463229523 -12.3358428884 -12.1718010637 -12.0166199549 -11.9453972190 -11.9959431716 -12.0986516047 -12.2281683081 -12.3147003091 -3.76696823105 -1.24636851491 -1.00568611415 -1.08098355152 -1.23302405162 -1.97406049196 -2.52200949125 -3.18416457102 -2.61027386361 -2.77250418800 -2.98057473618 -2.86650279318 -2.43832084798 -2.13397430437 -2.47389951092 -2.33854744113 -1.74862416004 -1.36266281500 -2.53096905963 -2.77316778413 -2.35673837986 -2.23233848861 -2.13465385530 -2.75504458707 -2.78292665644 -2.44820342595 -3.11417488355 -4.62055120220 -3.36436467644 -3.25269757915 -3.34585572664 -3.37457445307 -3.12542340061 -3.44771436656
# log_selcoffs_fsh[1]:
 -2.69873281263 -1.76873213532 -0.747597011128 0.00674704325149 0.492686715749 0.972738942420
 -2.83229391644 -1.72162724377 -0.792157815929 -0.0675070790347 0.472686784283 1.01901373233
 -3.02553887846 -1.73246947646 -0.754552033336 -0.0520174041971 0.495358957251 0.998423781935
 -3.12433222337 -1.74605920839 -0.659782774829 -0.00607719832178 0.527169693561 0.946446747077
 -3.15560355862 -1.73536589824 -0.616360652140 -0.0216108244403 0.484966125336 0.970174524845
 -3.31015765799 -1.87840317451 -0.774723478563 -0.0496018871036 0.432154786717 1.04999702937
 -3.43445840236 -2.16117118614 -1.09351645691 -0.182549897184 0.508743816030 1.10564980136
 -3.48067760595 -2.15215264382 -1.06066579182 -0.102888396957 0.552846978150 1.05303321145
 -3.42908491715 -2.19267840312 -1.18363723456 -0.210936787394 0.623362149495 1.05597936981
 -3.39613335898 -1.78695292659 -0.709173842870 0.00784626185212 0.535111666288 0.952221835987
 -3.32057184152 -1.55622211326 -0.289394847457 0.212962639008 0.479979625399 0.765858454226
 -3.15455647433 -1.39736342169 -0.231234648810 0.222371511652 0.456960411314 0.736321526883
 -3.08519450630 -1.39105687198 -0.386566563066 0.227356845523 0.523682122210 0.733603146668
 -3.13261485321 -1.61080546664 -0.504260199957 0.267380412854 0.648507326929 0.659329942000
 -3.05690721790 -1.71322697676 -0.545833223046 0.194361206840 0.620448333246 0.750957818395
 -2.92523333799 -1.68465048463 -0.618172198750 0.0958693648784 0.592064373088 0.838795419707
 -3.07408082464 -1.82873174605 -0.725191388661 0.0542318950417 0.576088578378 0.905886101422
 -3.04432336733 -1.82914470561 -0.774010654890 -0.0439136437811 0.494715293498 1.00561681067
 -3.21835103121 -1.86044185801 -0.562155862578 0.152452669008 0.580976176421 0.825019749439
 -3.07409237114 -1.79705392666 -0.505509080828 0.180884911674 0.540419253188 0.819682693581
 -2.90266544972 -1.67340157611 -0.648731713138 0.0441976820986 0.499757125310 0.932674684360
 -3.24118628820 -2.01491617264 -0.906545733972 -0.0164502320889 0.621453589658 0.947137020316
 -3.54562293258 -2.29891546477 -1.21814988512 -0.200854814242 0.680603585377 1.02313557617
 -3.85708245288 -2.55839338622 -1.33271767017 -0.232391398537 0.665081916850 1.06484733247
 -4.17106752565 -2.74345924919 -1.29523820108 -0.179358978436 0.713900310333 1.01835569377
 -4.39672546436 -2.99542266645 -1.58022109874 -0.294075229889 0.712005478708 1.08127703467
 -4.46833947824 -3.10166547127 -1.86418303533 -0.653198868104 0.450679928683 1.30800283484
 -4.67229644491 -3.38192119507 -2.11444872298 -0.822204664512 0.442671858796 1.34537973268
 -4.86384912925 -3.57091085556 -2.25152224701 -0.892795722683 0.446702428072 1.35744518859
 -5.02971549964 -3.68908582578 -2.26253878052 -0.842696935742 0.429875347152 1.36014669203
 -5.22415467144 -3.83210017457 -2.29770496531 -0.711430538026 0.583110626772 1.27812923567
 -5.23146763228 -3.83169026454 -2.32480766361 -0.810418254190 0.375105780485 1.38011572565
 -5.38555493987 -3.97441299335 -2.42192696361 -0.750191234517 0.645747668687 1.25509969593
# log_selcoffs_fsh[2]:
 -1.81855541399 -1.05775620271 -0.367970054544 0.142422475998 0.410393214599 0.453287468657 0.447513416961
 -1.83097184131 -1.07453691657 -0.387890482838 0.130333055163 0.408491283084 0.472549250719 0.452328133300
 -1.85236109523 -1.09720135380 -0.410095852504 0.113312592510 0.413204284958 0.483885327067 0.464828837975
 -1.88096053489 -1.12416502642 -0.432303909664 0.0966886285893 0.402924475113 0.501546320901 0.485284264716
 -1.91718637455 -1.15248909666 -0.454289868938 0.0843990662471 0.396681888914 0.506461093203 0.511551894884
 -1.96333797131 -1.18795738936 -0.482698279179 0.0630627301977 0.387961748577 0.516906684023 0.543342300578
 -2.02031890260 -1.23026460143 -0.516670396869 0.0343395547701 0.377002223386 0.533759518607 0.576890296885
 -2.09118072772 -1.27581409386 -0.547527970619 0.0112717474012 0.367962991121 0.546293191285 0.607541901815
 -2.17745566636 -1.32335984906 -0.573459852320 -0.0107775513620 0.356464298193 0.558659549968 0.637095578854
 -2.27963972274 -1.36608112589 -0.585016013149 -0.0229574495179 0.338816305752 0.562438659010 0.667798928752
 -2.40753100925 -1.40405031098 -0.573105748385 -0.0133218789640 0.328439208820 0.550835809783 0.688296983460
 -2.57401700198 -1.43775965892 -0.543631970101 0.0154342683867 0.327425847221 0.538497165262 0.687782974717
 -2.78504573563 -1.45325532545 -0.495348354326 0.0243623981663 0.334401346377 0.535156898534 0.675810600422
 -3.07971613495 -1.82546625120 -0.740598165696 -0.00230268250269 0.405032635194 0.575409160227 0.713512133658
 -3.20089992285 -2.05755223044 -1.02390008843 -0.277112997091 0.324687228115 0.651954506497 0.880233156339
 -3.25875872692 -2.02699747473 -0.926164702673 -0.127517316890 0.346475803578 0.623940344024 0.821163423040
 -3.27281877477 -2.05326644638 -0.962587430975 -0.00180128402206 0.472197321905 0.615459398169 0.692977726390
 -3.09058140731 -1.91209711066 -0.844436389153 -0.0583764186301 0.379002484519 0.619964145834 0.748568599138
 -2.91436657651 -1.75158259438 -0.597355895636 0.0236390520281 0.378415781777 0.546337415473 0.698727039897
 -2.59445836777 -1.47122809760 -0.292763573583 0.178116638609 0.266860295097 0.422550634184 0.653782829503
 -2.51887917645 -1.52252626673 -0.643686632447 -0.0309843004131 0.351615508512 0.672610582307 0.601985069047
 -2.39554763160 -1.32784149688 -0.585155349008 -0.0385048923180 0.434914924589 0.589416661727 0.574821890483
 -2.49288475173 -1.31251633999 -0.596872856178 0.0190705557179 0.504136897010 0.599138604897 0.471438072586
 -2.59631854177 -1.04552870526 -0.255836484742 0.191263001432 0.448985643386 0.435010551956 0.390147447343
 -2.84954483584 -1.05430393589 -0.0437810164689 0.291740708809 0.462202438719 0.389002480313 0.210828195002
 -3.10091054902 -1.27678861614 -0.203407767346 0.242683904930 0.574263184362 0.485945424346 0.168827728668
 -3.43221424548 -1.73531051819 -0.392111408116 0.253154677833 0.642426808839 0.515074332758 0.225361903487
 -3.75295381315 -2.05544649826 -0.347592126215 0.406060884067 0.639347457668 0.402416811820 0.223588835319
 -3.94570823871 -2.25503802450 -0.566807531610 0.246214692744 0.592427179473 0.540829358492 0.407783764510
 -4.05667012536 -2.48345459827 -1.01284183818 -0.0464950761049 0.480626176579 0.771422014743 0.588651874982
 -4.17498363032 -2.62483200258 -1.20317293161 -0.183396142103 0.492293662261 0.809326535862 0.640292124781
 -4.33693164099 -2.65618509405 -1.07192410408 -0.0719232387130 0.532767601374 0.792723006828 0.548532327384
 -4.39422957148 -2.49075861438 -0.634654878575 0.0503141759937 0.481055107708 0.652347051306 0.579565358453
# log_selcoffs_fsh[3]:
 -4.77930874690 -2.83867983707 -1.45458817737 -0.532722180242 -0.106064841726 0.216561992361 0.270751826950 0.295743806006 0.396537967218 0.533765475547 0.753461838491
 -4.94966497315 -3.34673998782 -2.01863964744 -1.08318033429 -0.505275777098 -0.186644416220 0.115760155510 0.399785609034 0.661828698012 0.793466539852 0.828408114672
 -5.28778280000 -3.80694179168 -2.52229566636 -1.55978189609 -0.776569635382 -0.235297487287 0.211414750137 0.611907785199 0.774754655920 0.779413143970 0.694313674690
 -5.51735390511 -3.74048081992 -2.01922737962 -0.967048154851 -0.316786639044 -0.0762857931718 0.184337783497 0.433087938495 0.644081151466 0.726244042742 0.736335994705
 -5.68324621540 -3.94847697849 -2.28471363653 -1.15176292032 -0.461789374880 -0.0677072501042 0.342547418490 0.546206323819 0.690241288811 0.669928789737 0.647745078538
 -5.85823173282 -4.20150365715 -2.69157593112 -1.48010417148 -0.675975982097 -0.0209616474462 0.322325384829 0.596614242665 0.801694726230 0.690038392922 0.576312554253
 -6.02942367325 -4.18731869243 -2.47521026571 -1.31132451641 -0.504120228340 -0.0133484404496 0.255359505851 0.418884495518 0.703263573404 0.791871634404 0.692632483361
 -6.24691157630 -4.57106578296 -3.03447260770 -1.77002167291 -0.663772849452 -0.0350358156078 0.230911151795 0.477932960176 0.797779150961 0.797840784591 0.680559635721
 -6.48326148057 -4.77413629224 -2.97561392249 -1.22191888066 0.0337770500074 0.261709288812 0.0481259000113 0.189938170357 0.563580200946 0.740948777091 0.787315157424
 -6.70140503395 -5.10322733588 -3.49410651806 -1.99042484205 -0.839609224520 -0.264514588245 0.0695035368716 0.659288240486 0.923621907323 0.799599893640 0.630092825612
 -6.87136122926 -5.37266109820 -3.88463097658 -2.45620958243 -1.20565003224 -0.272967115200 0.250695920971 0.771604099433 0.894397982876 0.757536306766 0.587987018068
 -7.03304391337 -5.57497558715 -4.13490903988 -2.70118038090 -1.33894739878 -0.286686289569 0.321656135967 0.819671504381 0.939702421719 0.720920223566 0.491409302463
 -7.20190015293 -5.69963217357 -4.20564068195 -2.70399362855 -1.27602997338 -0.142833396894 0.557688716343 0.921645288763 0.877625209248 0.594436962617 0.255240427351
 -7.35679209792 -5.74739512066 -4.10325282495 -2.37257271964 -0.640218075016 0.453570822983 0.677862938778 0.820467964617 0.734811313338 0.344351799728 0.0468086524291
 -7.47136748726 -5.72946818534 -3.88203038260 -1.93755107676 -0.386778991400 0.515263219533 0.710647314784 0.766822218442 0.654614283106 0.296601087628 0.0200928440188
 -7.53504373115 -5.73783464138 -3.92781514783 -2.13659403116 -0.503919453304 0.594258962132 0.863162940049 0.787886937224 0.551243283632 0.188862477008 -0.0725934886894
 -7.58705708218 -5.73054260545 -3.84268709111 -1.93264661143 -0.228046000409 0.832598822253 0.909024412803 0.654560588836 0.347137673461 0.0535186363491 -0.152582384013
 -7.61413857303 -5.70527508940 -3.75198733463 -1.84558181916 -0.294171809256 0.608708127932 0.895566247831 0.742054004783 0.515041458212 0.127167712721 -0.135490297144
# log_sel_spl_fsh[1]:
 0.00000000000 0.00000000000 0.00000000000 0.00000000000
 0.00000000000 0.00000000000 0.00000000000 0.00000000000
 0.00000000000 0.00000000000 0.00000000000 0.00000000000
 0.00000000000 0.00000000000 0.00000000000 0.00000000000
 0.00000000000 0.00000000000 0.00000000000 0.00000000000
 0.00000000000 0.00000000000 0.00000000000 0.00000000000
 0.00000000000 0.00000000000 0.00000000000 0.00000000000
 0.00000000000 0.00000000000 0.00000000000 0.00000000000
 0.00000000000 0.00000000000 0.00000000000 0.00000000000
 0.00000000000 0.00000000000 0.00000000000 0.00000000000
 0.00000000000 0.00000000000 0.00000000000 0.00000000000
 0.00000000000 0.00000000000 0.00000000000 0.00000000000
 0.00000000000 0.00000000000 0.00000000000 0.00000000000
 0.00000000000 0.00000000000 0.00000000000 0.00000000000
 0.00000000000 0.00000000000 0.00000000000 0.00000000000
 0.00000000000 0.00000000000 0.00000000000 0.00000000000
 0.00000000000 0.00000000000 0.00000000000 0.00000000000
 0.00000000000 0.00000000000 0.00000000000 0.00000000000
 0.00000000000 0.00000000000 0.00000000000 0.00000000000
 0.00000000000 0.00000000000 0.00000000000 0.00000000000
 0.00000000000 0.00000000000 0.00000000000 0.00000000000
 0.00000000000 0.00000000000 0.00000000000 0.00000000000
 0.00000000000 0.00000000000 0.00000000000 0.00000000000
 0.00000000000 0.00000000000 0.00000000000 0.00000000000
 0.00000000000 0.00000000000 0.00000000000 0.00000000000
 0.00000000000 0.00000000000 0.00000000000 0.00000000000
 0.00000000000 0.00000000000 0.00000000000 0.00000000000
 0.00000000000 0.00000000000 0.00000000000 0.00000000000
 0.00000000000 0.00000000000 0.00000000000 0.00000000000
 0.00000000000 0.00000000000 0.00000000000 0.00000000000
 0.00000000000 0.00000000000 0.00000000000 0.00000000000
 0.00000000000 0.00000000000 0.00000000000 0.00000000000
 0.00000000000 0.00000000000 0.00000000000 0.00000000000
# log_sel_spl_fsh[2]:
 0.00000000000 0.00000000000 0.00000000000 0.00000000000
 0.00000000000 0.00000000000 0.00000000000 0.00000000000
 0.00000000000 0.00000000000 0.00000000000 0.00000000000
 0.00000000000 0.00000000000 0.00000000000 0.00000000000
 0.00000000000 0.00000000000 0.00000000000 0.00000000000
 0.00000000000 0.00000000000 0.00000000000 0.00000000000
 0.00000000000 0.00000000000 0.00000000000 0.00000000000
 0.00000000000 0.00000000000 0.00000000000 0.00000000000
 0.00000000000 0.00000000000 0.00000000000 0.00000000000
 0.00000000000 0.00000000000 0.00000000000 0.00000000000
 0.00000000000 0.00000000000 0.00000000000 0.00000000000
 0.00000000000 0.00000000000 0.00000000000 0.00000000000
 0.00000000000 0.00000000000 0.00000000000 0.00000000000
 0.00000000000 0.00000000000 0.00000000000 0.00000000000
 0.00000000000 0.00000000000 0.00000000000 0.00000000000
 0.00000000000 0.00000000000 0.00000000000 0.00000000000
 0.00000000000 0.00000000000 0.00000000000 0.00000000000
 0.00000000000 0.00000000000 0.00000000000 0.00000000000
 0.00000000000 0.00000000000 0.00000000000 0.00000000000
 0.00000000000 0.00000000000 0.00000000000 0.00000000000
 0.00000000000 0.00000000000 0.00000000000 0.00000000000
 0.00000000000 0.00000000000 0.00000000000 0.00000000000
 0.00000000000 0.00000000000 0.00000000000 0.00000000000
 0.00000000000 0.00000000000 0.00000000000 0.00000000000
 0.00000000000 0.00000000000 0.00000000000 0.00000000000
 0.00000000000 0.00000000000 0.00000000000 0.00000000000
 0.00000000000 0.00000000000 0.00000000000 0.00000000000
 0.00000000000 0.00000000000 0.00000000000 0.00000000000
 0.00000000000 0.00000000000 0.00000000000 0.00000000000
 0.00000000000 0.00000000000 0.00000000000 0.00000000000
 0.00000000000 0.00000000000 0.00000000000 0.00000000000
 0.00000000000 0.00000000000 0.00000000000 0.00000000000
 0.00000000000 0.00000000000 0.00000000000 0.00000000000
# log_sel_spl_fsh[3]:
 0.00000000000 0.00000000000 0.00000000000 0.00000000000
 0.00000000000 0.00000000000 0.00000000000 0.00000000000
 0.00000000000 0.00000000000 0.00000000000 0.00000000000
 0.00000000000 0.00000000000 0.00000000000 0.00000000000
 0.00000000000 0.00000000000 0.00000000000 0.00000000000
 0.00000000000 0.00000000000 0.00000000000 0.00000000000
 0.00000000000 0.00000000000 0.00000000000 0.00000000000
 0.00000000000 0.00000000000 0.00000000000 0.00000000000
 0.00000000000 0.00000000000 0.00000000000 0.00000000000
 0.00000000000 0.00000000000 0.00000000000 0.00000000000
 0.00000000000 0.00000000000 0.00000000000 0.00000000000
 0.00000000000 0.00000000000 0.00000000000 0.00000000000
 0.00000000000 0.00000000000 0.00000000000 0.00000000000
 0.00000000000 0.00000000000 0.00000000000 0.00000000000
 0.00000000000 0.00000000000 0.00000000000 0.00000000000
 0.00000000000 0.00000000000 0.00000000000 0.00000000000
 0.00000000000 0.00000000000 0.00000000000 0.00000000000
 0.00000000000 0.00000000000 0.00000000000 0.00000000000
# logsel_slope_fsh[1]:
 0.00000000000 0.00000000000 0.00000000000 0.00000000000 0.00000000000 0.00000000000 0.00000000000 0.00000000000 0.00000000000 0.00000000000 0.00000000000 0.00000000000 0.00000000000 0.00000000000 0.00000000000 0.00000000000 0.00000000000 0.00000000000 0.00000000000 0.00000000000 0.00000000000 0.00000000000 0.00000000000 0.00000000000 0.00000000000 0.00000000000 0.00000000000 0.00000000000 0.00000000000 0.00000000000 0.00000000000 0.00000000000 0.00000000000
# logsel_slope_fsh[2]:
 0.00000000000 0.00000000000 0.00000000000 0.00000000000 0.00000000000 0.00000000000 0.00000000000 0.00000000000 0.00000000000 0.00000000000 0.00000000000 0.00000000000 0.00000000000 0.00000000000 0.00000000000 0.00000000000 0.00000000000 0.00000000000 0.00000000000 0.00000000000 0.00000000000 0.00000000000 0.00000000000 0.00000000000 0.00000000000 0.00000000000 0.00000000000 0.00000000000 0.00000000000 0.00000000000 0.00000000000 0.00000000000 0.00000000000
# logsel_slope_fsh[3]:
 0.00000000000 0.00000000000 0.00000000000 0.00000000000 0.00000000000 0.00000000000 0.00000000000 0.00000000000 0.00000000000 0.00000000000 0.00000000000 0.00000000000 0.00000000000 0.00000000000 0.00000000000 0.00000000000 0.00000000000 0.00000000000
# sel50_fsh[1]:
 0.00000000000 0.00000000000 0.00000000000 0.00000000000 0.00000000000 0.00000000000 0.00000000000 0.00000000000 0.00000000000 0.00000000000 0.00000000000 0.00000000000 0.00000000000 0.00000000000 0.00000000000 0.00000000000 0.00000000000 0.00000000000 0.00000000000 0.00000000000 0.00000000000 0.00000000000 0.00000000000 0.00000000000 0.00000000000 0.00000000000 0.00000000000 0.00000000000 0.00000000000 0.00000000000 0.00000000000 0.00000000000 0.00000000000
# sel50_fsh[2]:
 0.00000000000 0.00000000000 0.00000000000 0.00000000000 0.00000000000 0.00000000000 0.00000000000 0.00000000000 0.00000000000 0.00000000000 0.00000000000 0.00000000000 0.00000000000 0.00000000000 0.00000000000 0.00000000000 0.00000000000 0.00000000000 0.00000000000 0.00000000000 0.00000000000 0.00000000000 0.00000000000 0.00000000000 0.00000000000 0.00000000000 0.00000000000 0.00000000000 0.00000000000 0.00000000000 0.00000000000 0.00000000000 0.00000000000
# sel50_fsh[3]:
 0.00000000000 0.00000000000 0.00000000000 0.00000000000 0.00000000000 0.00000000000 0.00000000000 0.00000000000 0.00000000000 0.00000000000 0.00000000000 0.00000000000 0.00000000000 0.00000000000 0.00000000000 0.00000000000 0.00000000000 0.00000000000
# logsel_p1_fsh[1]:
 0.00000000000 0.00000000000 0.00000000000 0.00000000000 0.00000000000 0.00000000000 0.00000000000 0.00000000000 0.00000000000 0.00000000000 0.00000000000 0.00000000000 0.00000000000 0.00000000000 0.00000000000 0.00000000000 0.00000000000 0.00000000000 0.00000000000 0.00000000000 0.00000000000 0.00000000000 0.00000000000 0.00000000000 0.00000000000 0.00000000000 0.00000000000 0.00000000000 0.00000000000 0.00000000000 0.00000000000 0.00000000000 0.00000000000
# logsel_p1_fsh[2]:
 0.00000000000 0.00000000000 0.00000000000 0.00000000000 0.00000000000 0.00000000000 0.00000000000 0.00000000000 0.00000000000 0.00000000000 0.00000000000 0.00000000000 0.00000000000 0.00000000000 0.00000000000 0.00000000000 0.00000000000 0.00000000000 0.00000000000 0.00000000000 0.00000000000 0.00000000000 0.00000000000 0.00000000000 0.00000000000 0.00000000000 0.00000000000 0.00000000000 0.00000000000 0.00000000000 0.00000000000 0.00000000000 0.00000000000
# logsel_p1_fsh[3]:
 0.00000000000 0.00000000000 0.00000000000 0.00000000000 0.00000000000 0.00000000000 0.00000000000 0.00000000000 0.00000000000 0.00000000000 0.00000000000 0.00000000000 0.00000000000 0.00000000000 0.00000000000 0.00000000000 0.00000000000 0.00000000000
# logsel_p2_fsh[1]:
 0.00000000000 0.00000000000 0.00000000000 0.00000000000 0.00000000000 0.00000000000 0.00000000000 0.00000000000 0.00000000000 0.00000000000 0.00000000000 0.00000000000 0.00000000000 0.00000000000 0.00000000000 0.00000000000 0.00000000000 0.00000000000 0.00000000000 0.00000000000 0.00000000000 0.00000000000 0.00000000000 0.00000000000 0.00000000000 0.00000000000 0.00000000000 0.00000000000 0.00000000000 0.00000000000 0.00000000000 0.00000000000 0.00000000000
# logsel_p2_fsh[2]:
 0.00000000000 0.00000000000 0.00000000000 0.00000000000 0.00000000000 0.00000000000 0.00000000000 0.00000000000 0.00000000000 0.00000000000 0.00000000000 0.00000000000 0.00000000000 0.00000000000 0.00000000000 0.00000000000 0.00000000000 0.00000000000 0.00000000000 0.00000000000 0.00000000000 0.00000000000 0.00000000000 0.00000000000 0.00000000000 0.00000000000 0.00000000000 0.00000000000 0.00000000000 0.00000000000 0.00000000000 0.00000000000 0.00000000000
# logsel_p2_fsh[3]:
 0.00000000000 0.00000000000 0.00000000000 0.00000000000 0.00000000000 0.00000000000 0.00000000000 0.00000000000 0.00000000000 0.00000000000 0.00000000000 0.00000000000 0.00000000000 0.00000000000 0.00000000000 0.00000000000 0.00000000000 0.00000000000
# logsel_p3_fsh[1]:
 0.00000000000 0.00000000000 0.00000000000 0.00000000000 0.00000000000 0.00000000000 0.00000000000 0.00000000000 0.00000000000 0.00000000000 0.00000000000 0.00000000000 0.00000000000 0.00000000000 0.00000000000 0.00000000000 0.00000000000 0.00000000000 0.00000000000 0.00000000000 0.00000000000 0.00000000000 0.00000000000 0.00000000000 0.00000000000 0.00000000000 0.00000000000 0.00000000000 0.00000000000 0.00000000000 0.00000000000 0.00000000000 0.00000000000
# logsel_p3_fsh[2]:
 0.00000000000 0.00000000000 0.00000000000 0.00000000000 0.00000000000 0.00000000000 0.00000000000 0.00000000000 0.00000000000 0.00000000000 0.00000000000 0.00000000000 0.00000000000 0.00000000000 0.00000000000 0.00000000000 0.00000000000 0.00000000000 0.00000000000 0.00000000000 0.00000000000 0.00000000000 0.00000000000 0.00000000000 0.00000000000 0.00000000000 0.00000000000 0.00000000000 0.00000000000 0.00000000000 0.00000000000 0.00000000000 0.00000000000
# logsel_p3_fsh[3]:
 0.00000000000 0.00000000000 0.00000000000 0.00000000000 0.00000000000 0.00000000000 0.00000000000 0.00000000000 0.00000000000 0.00000000000 0.00000000000 0.00000000000 0.00000000000 0.00000000000 0.00000000000 0.00000000000 0.00000000000 0.00000000000
# rec_dev_future:
 0.00000000000 0.00000000000 0.00000000000 0.00000000000 0.00000000000 0.00000000000 0.00000000000 0.00000000000 0.00000000000 0.00000000000 0.00000000000 0.00000000000 0.00000000000 0.00000000000 0.00000000000 0.00000000000 0.00000000000 0.00000000000 0.00000000000 0.00000000000
# log_q_ind[1]:
-11.9308338846
# log_q_power_ind[1]:
0.00000000000
# log_selcoffs_ind[1]:
 -5.78734295290 -4.19485142196 -2.69986155824 -1.45646079555 -0.451482978112 0.245243045029 0.583897966619 0.808265484744 0.783422584663 0.432427616550
# logsel_slope_ind[1]:
 0.00000000000
# sel50_ind[1]:
 0.00000000000
# logsel_p1_ind[1]:
 0.00000000000
# sel_p2_ind[1]:
 0.00000000000
# logsel_p3_ind[1]:
 0.00000000000
