# Number of parameters = 757 Objective function value = 365.765712907373  Maximum gradient component = 0.000104764203634080
# Mest[1]:
0.270000000000
# log_Linf[1]:
4.38701417618
# log_k[1]:
-1.83258146375
# log_Lo[1]:
2.75684036527
# log_sdage[1]:
-2.40794560865
# mean_log_rec[1]:
8.27732827372
# steepness[1]:
0.610000000000
# log_Rzero[1]:
8.17319192316
# rec_dev:
 -0.309241556332 -0.368777757515 -0.436692986281 -0.239476847397 0.195450253679 0.127489752704 0.395848408515 0.302077124394 0.238855952225 0.162662017814 0.294248890852 0.167659757137 0.680759927690 0.952227367342 0.992580446614 0.906587645029 0.768354771695 0.722678248946 0.641488757930 0.571430204054 0.541603114203 0.341745218189 0.167702719657 0.141222822776 0.311102668982 0.462303189246 0.394626450676 0.330946314309 0.209294943928 0.106939657483 0.0295497475220 -0.0556427224416 0.0171351502766 -0.0371200337427 -0.0559820855775 0.00996992532178 0.00431311502587 -0.0846073240706 -0.251205700891 -0.421008826290 -0.441563490647 -0.483065487902 -0.377716280541 -0.387163170302 -0.501881362466 -0.821686514309 -1.01663319922 -0.763399359979 -0.308104435751
# log_sigmar[1]:
-0.223143551314
# fmort:
 -1.48258065531 -1.58578783688 -1.53497621056 -1.39610862253 -1.99293531694 -2.14309381893 -2.07867385091 -2.14392170357 -1.63035537143 -1.44092681113 -1.98483022677 -1.77300361501 -2.13204343431 -2.55254944454 -2.03824991810 -2.09058323453 -1.83397461196 -1.76677992206 -1.75090775632 -1.80952851729 -1.89227755327 -1.89713537690 -2.25321932429 -2.20702631545 -2.45777584058 -2.70104424098 -2.54880985370 -3.64985208893 -2.32762099935 -2.83441249366 -3.72965367217 -3.74157008299 -2.70048674388 -3.00490081973 -3.12571408471 -3.84561860714 -5.07240616199 -4.67819688745 -5.48182790146 -5.75220846584
 -12.5331304307 -12.3751874126 -12.2535581735 -12.1502565406 -5.14602404816 -5.13241199314 -4.10922288335 -4.08649074479 -3.39381136492 -2.70123133905 -3.55251716326 -2.57809347802 -2.58874655881 -2.73188305842 -3.08264281852 -4.67042211567 -4.08929668514 -4.03065897514 -3.75929597186 -3.55637758498 -3.07644206001 -3.48592556281 -3.23400465757 -2.41455699089 -3.88266077609 -2.45874895711 -1.67714767083 -2.37826742345 -2.40129205015 -2.18331624267 -2.38080730066 -1.87643636025 -1.92115719311 -2.97680506533 -3.28032040542 -2.78004372758 -3.23698602335 -3.03143386847 -3.25006471151 -3.18999082908
 -12.5484553813 -12.3358643324 -12.1709312034 -12.0167846670 -11.9474240095 -12.0005023351 -12.1058496337 -12.2364215562 -12.3230261337 -3.77635960732 -1.25540706019 -1.01501740565 -1.09176263465 -1.24523807943 -1.98786937163 -2.53555010422 -3.19749911662 -2.62329108420 -2.78351664281 -2.98774861917 -2.86309361032 -2.43876688375 -2.13243897487 -2.47307494602 -2.33392294796 -1.74411727324 -1.35850718318 -2.53445942390 -2.78532680891 -2.37279776452 -2.25159682944 -2.16345647402 -2.80465421455 -2.85516123779 -2.54598419433 -3.24583795295 -4.77706497140 -3.55527169249 -3.47296147725 -3.52860642078
# log_selcoffs_fsh[1]:
 -2.68881551186 -1.76426816977 -0.744805113232 0.00499915664954 0.490882128774 0.973476505082
 -2.82126601803 -1.70980915147 -0.777490858501 -0.0551211737117 0.476854242523 1.00892189381
 -3.00785595536 -1.71605303850 -0.736962124617 -0.0361564014491 0.500316831419 0.985267977268
 -3.09924690058 -1.72249085750 -0.641605987528 0.00833279652726 0.531601575956 0.932095916827
 -3.12633427194 -1.70360610937 -0.591035885943 -0.00853331341288 0.486961864716 0.956078542032
 -3.28176542103 -1.84489293065 -0.741714349954 -0.0298576217646 0.432460087621 1.03548488037
 -3.41017769471 -2.13359464730 -1.06262768742 -0.155642487560 0.516929871689 1.08865304599
 -3.46012840795 -2.13194435731 -1.03968722230 -0.0802831199378 0.565858372123 1.03410535994
 -3.40875586619 -2.17302419210 -1.16737728451 -0.196151528982 0.634922599419 1.04138528979
 -3.37833241843 -1.76786526763 -0.692078258951 0.0181115955787 0.539769873568 0.940310107705
 -3.30843093012 -1.54269962282 -0.274190325662 0.223911182377 0.479674095160 0.752796434078
 -3.14683136910 -1.39002614793 -0.222988580307 0.231596569140 0.460449063246 0.723881305904
 -3.07854630434 -1.38530540697 -0.382451465024 0.231364603290 0.526793600670 0.726450057746
 -3.12736196224 -1.60567514430 -0.499909210013 0.268930355941 0.648345475060 0.656425571342
 -3.05384567951 -1.71009183753 -0.541966672800 0.196703657272 0.618407135754 0.750008413562
 -2.92456090473 -1.68392453341 -0.617041424740 0.0973986622657 0.592068485593 0.837726127591
 -3.07432851702 -1.82788196236 -0.724644322699 0.0538852385668 0.575327371586 0.906423394946
 -3.04635865279 -1.82844386765 -0.772376572205 -0.0445567962694 0.492229115298 1.00704905705
 -3.22381308260 -1.86210440248 -0.560653769765 0.153360593965 0.578861166512 0.826044301744
 -3.08083691867 -1.80193818927 -0.507018743716 0.179537039340 0.538038610467 0.823080218351
 -2.90900909723 -1.68280396581 -0.653666233659 0.0430775236491 0.499157086619 0.935360486099
 -3.23844618008 -2.02587749619 -0.916958211420 -0.0188097837468 0.622716963506 0.949266011958
 -3.52186252960 -2.30327248507 -1.23280294141 -0.208517204577 0.680788667609 1.02669649370
 -3.79627710158 -2.54591973037 -1.34499732997 -0.245485487349 0.660396653978 1.07183013657
 -4.05891273990 -2.70136435501 -1.29920852294 -0.191306145576 0.707398597795 1.02542641012
 -4.22088956697 -2.90794082996 -1.55984761561 -0.302643735632 0.706599653062 1.08336641390
 -4.21608191003 -2.94912700746 -1.79564767030 -0.638562059338 0.444196492689 1.30279055409
 -4.33873802894 -3.14702055399 -1.97196681373 -0.759260203548 0.448222625929 1.32740506828
 -4.46609990577 -3.25508310882 -2.01127782757 -0.743330935760 0.489181469080 1.31092536204
 -4.61191413705 -3.34814252072 -1.93247969339 -0.542872069279 0.578162706711 1.23729886250
# log_selcoffs_fsh[2]:
 -1.85448036185 -1.09584878867 -0.404094804467 0.117475163375 0.405521684452 0.470343233131 0.480168719419
 -1.86649739385 -1.11209941490 -0.423568667182 0.105143493179 0.403116956458 0.489719235421 0.483999987772
 -1.88656415520 -1.13355361488 -0.444999504152 0.0882769181372 0.407148301578 0.500309169837 0.495700353521
 -1.91335133159 -1.15864649163 -0.466021431640 0.0718590904483 0.396554148304 0.516879623894 0.514634108970
 -1.94741073478 -1.18443614163 -0.485610994473 0.0604068959267 0.389954814419 0.520659163467 0.538711876147
 -1.99120253357 -1.21680318094 -0.510356808984 0.0419734400933 0.381108144370 0.528550322156 0.567452572400
 -2.04615315763 -1.25622815642 -0.540859676241 0.0165365829491 0.371453639685 0.543112634807 0.596594646273
 -2.11453375968 -1.29857839690 -0.568160610400 -0.00358489669409 0.363500595732 0.554029153690 0.623151899909
 -2.19779185626 -1.34237498008 -0.590063586026 -0.0223536952740 0.353011195047 0.564542073496 0.648960998298
 -2.29669144753 -1.38104757122 -0.597309500699 -0.0310154593392 0.336685995037 0.566479942505 0.675995978666
 -2.42135622815 -1.41494985620 -0.581221789713 -0.0177702315880 0.328140766569 0.553539268772 0.692585536319
 -2.58515451673 -1.44480601730 -0.547913616127 0.0142372431990 0.329858450458 0.540758794078 0.687254456377
 -2.79365281333 -1.45544079170 -0.494296932188 0.0276508249213 0.339008501936 0.535949188509 0.670310406423
 -3.08635258580 -1.82564809583 -0.737371986506 0.000290306376667 0.406950586987 0.576172362613 0.709568462091
 -3.20608413934 -2.05751910829 -1.02034432013 -0.273981951179 0.323937435130 0.650195108958 0.880631399569
 -3.26560468248 -2.02946958004 -0.925768504635 -0.125966453553 0.345960765634 0.621547210149 0.823032761582
 -3.28054555343 -2.05716287166 -0.965773278766 -0.00625495923948 0.467290627782 0.614443949150 0.701030740178
 -3.10006048361 -1.91729747429 -0.849332515103 -0.0672814538669 0.368253331339 0.617255234703 0.763734499233
 -2.93028702606 -1.76051723555 -0.603175386915 0.0156716733095 0.367330751870 0.543243472282 0.716051992555
 -2.61802816256 -1.48583023197 -0.301588885683 0.168522001621 0.255936134011 0.420527561861 0.674528775206
 -2.55027564467 -1.54536870789 -0.657595785291 -0.0426622887857 0.340002754823 0.672132338761 0.625412043683
 -2.42960730010 -1.35882509533 -0.606222948519 -0.0514398467155 0.424332335827 0.590700306459 0.602060215093
 -2.52066240648 -1.34643023731 -0.625084997179 0.000409647377749 0.493611925510 0.603456233001 0.505099685218
 -2.60178477317 -1.07648629697 -0.283744000583 0.171528425917 0.438194837874 0.445605677832 0.427649383863
 -2.81672140729 -1.06859651048 -0.0691941192870 0.279302903132 0.458158213246 0.398573335972 0.239408708777
 -3.00938460862 -1.25466033147 -0.215612645693 0.228056143785 0.571330914108 0.490672107398 0.181709925593
 -3.26221440330 -1.65313408132 -0.371348561715 0.246776981845 0.631537174678 0.514997075227 0.220273777652
 -3.50134443646 -1.89303518716 -0.278594996881 0.419392416706 0.625229413290 0.379490674254 0.191554704551
 -3.63769796993 -2.00713378486 -0.418722269425 0.290327491666 0.580078065917 0.499266456471 0.344207665912
 -3.72136686674 -2.20482485013 -0.777825416266 0.0553399292848 0.482197105528 0.730112172154 0.503367718747
# log_selcoffs_fsh[3]:
 -4.80152979495 -2.86940938113 -1.49222959266 -0.573689868407 -0.148270271731 0.189710140140 0.273959930958 0.314637322236 0.413745505133 0.545683730513 0.766609025833
 -4.97141441595 -3.37812422843 -2.06279358919 -1.13932510104 -0.561069535087 -0.217003309040 0.115332650860 0.412380846208 0.674094682010 0.803058557887 0.836825774348
 -5.30972539579 -3.83166838111 -2.55056639675 -1.59268502984 -0.811252469320 -0.262359562677 0.199894715640 0.614801704741 0.783043709256 0.788490412820 0.702935318950
 -5.53790730188 -3.75955616472 -2.03669090216 -0.985591747246 -0.339260070823 -0.0977457620072 0.170794924661 0.430267853359 0.650097676420 0.737826470883 0.750890821599
 -5.70366316698 -3.96668624189 -2.29946871688 -1.16515155519 -0.476971780812 -0.0838537007648 0.331624978636 0.543734113295 0.695220338128 0.679118456751 0.659265115258
 -5.87713923117 -4.22196520692 -2.71027235858 -1.49659037933 -0.692800848996 -0.0358125466043 0.314588496188 0.597080727034 0.807155665365 0.696743655037 0.583271066872
 -6.04244909636 -4.20957907685 -2.50068272077 -1.33337488625 -0.525115186007 -0.0307539995480 0.248135335731 0.422968865051 0.711286719873 0.798593380071 0.697543674456
 -6.24898329497 -4.59065779613 -3.06444729284 -1.79839868573 -0.686317612929 -0.0523777411927 0.224933515549 0.482457120690 0.806691649788 0.803478365587 0.681688066608
 -6.46661191500 -4.78393379954 -3.00366830758 -1.25406127883 0.00904020513808 0.248120454046 0.0466191614879 0.200310067806 0.577012056605 0.748968278469 0.788187988003
 -6.66042946491 -5.09779482488 -3.51553109180 -2.02076834080 -0.867466037425 -0.283571440783 0.0657704262252 0.667796960310 0.933927379113 0.801868039963 0.623323613948
 -6.79750966320 -5.34125753463 -3.88881436859 -2.47983876507 -1.22971930387 -0.292676049727 0.243862185935 0.780298152188 0.904656015037 0.759795579900 0.578867496976
 -6.91992563417 -5.50824148871 -4.10946026839 -2.70455826571 -1.35249715452 -0.292978503133 0.319769064013 0.822528848857 0.944376083501 0.721968170792 0.485053944097
 -7.04847364947 -5.59384868729 -4.14379757366 -2.67731447829 -1.27243475191 -0.145603809011 0.562551272979 0.926203425495 0.878777725633 0.589310475075 0.243261894879
 -7.16707774096 -5.60762639745 -4.00595905222 -2.30986069700 -0.604589016283 0.470349634614 0.689228760109 0.829948283120 0.726271410654 0.316619231936 0.00599006616561
 -7.24752301631 -5.57697225532 -3.77332222127 -1.85986368293 -0.332024193054 0.594703919425 0.756869078142 0.751506572690 0.621167850032 0.225611858380 -0.0824066058100
# log_sel_spl_fsh[1]:
 0.00000000000 0.00000000000 0.00000000000 0.00000000000
 0.00000000000 0.00000000000 0.00000000000 0.00000000000
 0.00000000000 0.00000000000 0.00000000000 0.00000000000
 0.00000000000 0.00000000000 0.00000000000 0.00000000000
 0.00000000000 0.00000000000 0.00000000000 0.00000000000
 0.00000000000 0.00000000000 0.00000000000 0.00000000000
 0.00000000000 0.00000000000 0.00000000000 0.00000000000
 0.00000000000 0.00000000000 0.00000000000 0.00000000000
 0.00000000000 0.00000000000 0.00000000000 0.00000000000
 0.00000000000 0.00000000000 0.00000000000 0.00000000000
 0.00000000000 0.00000000000 0.00000000000 0.00000000000
 0.00000000000 0.00000000000 0.00000000000 0.00000000000
 0.00000000000 0.00000000000 0.00000000000 0.00000000000
 0.00000000000 0.00000000000 0.00000000000 0.00000000000
 0.00000000000 0.00000000000 0.00000000000 0.00000000000
 0.00000000000 0.00000000000 0.00000000000 0.00000000000
 0.00000000000 0.00000000000 0.00000000000 0.00000000000
 0.00000000000 0.00000000000 0.00000000000 0.00000000000
 0.00000000000 0.00000000000 0.00000000000 0.00000000000
 0.00000000000 0.00000000000 0.00000000000 0.00000000000
 0.00000000000 0.00000000000 0.00000000000 0.00000000000
 0.00000000000 0.00000000000 0.00000000000 0.00000000000
 0.00000000000 0.00000000000 0.00000000000 0.00000000000
 0.00000000000 0.00000000000 0.00000000000 0.00000000000
 0.00000000000 0.00000000000 0.00000000000 0.00000000000
 0.00000000000 0.00000000000 0.00000000000 0.00000000000
 0.00000000000 0.00000000000 0.00000000000 0.00000000000
 0.00000000000 0.00000000000 0.00000000000 0.00000000000
 0.00000000000 0.00000000000 0.00000000000 0.00000000000
 0.00000000000 0.00000000000 0.00000000000 0.00000000000
# log_sel_spl_fsh[2]:
 0.00000000000 0.00000000000 0.00000000000 0.00000000000
 0.00000000000 0.00000000000 0.00000000000 0.00000000000
 0.00000000000 0.00000000000 0.00000000000 0.00000000000
 0.00000000000 0.00000000000 0.00000000000 0.00000000000
 0.00000000000 0.00000000000 0.00000000000 0.00000000000
 0.00000000000 0.00000000000 0.00000000000 0.00000000000
 0.00000000000 0.00000000000 0.00000000000 0.00000000000
 0.00000000000 0.00000000000 0.00000000000 0.00000000000
 0.00000000000 0.00000000000 0.00000000000 0.00000000000
 0.00000000000 0.00000000000 0.00000000000 0.00000000000
 0.00000000000 0.00000000000 0.00000000000 0.00000000000
 0.00000000000 0.00000000000 0.00000000000 0.00000000000
 0.00000000000 0.00000000000 0.00000000000 0.00000000000
 0.00000000000 0.00000000000 0.00000000000 0.00000000000
 0.00000000000 0.00000000000 0.00000000000 0.00000000000
 0.00000000000 0.00000000000 0.00000000000 0.00000000000
 0.00000000000 0.00000000000 0.00000000000 0.00000000000
 0.00000000000 0.00000000000 0.00000000000 0.00000000000
 0.00000000000 0.00000000000 0.00000000000 0.00000000000
 0.00000000000 0.00000000000 0.00000000000 0.00000000000
 0.00000000000 0.00000000000 0.00000000000 0.00000000000
 0.00000000000 0.00000000000 0.00000000000 0.00000000000
 0.00000000000 0.00000000000 0.00000000000 0.00000000000
 0.00000000000 0.00000000000 0.00000000000 0.00000000000
 0.00000000000 0.00000000000 0.00000000000 0.00000000000
 0.00000000000 0.00000000000 0.00000000000 0.00000000000
 0.00000000000 0.00000000000 0.00000000000 0.00000000000
 0.00000000000 0.00000000000 0.00000000000 0.00000000000
 0.00000000000 0.00000000000 0.00000000000 0.00000000000
 0.00000000000 0.00000000000 0.00000000000 0.00000000000
# log_sel_spl_fsh[3]:
 0.00000000000 0.00000000000 0.00000000000 0.00000000000
 0.00000000000 0.00000000000 0.00000000000 0.00000000000
 0.00000000000 0.00000000000 0.00000000000 0.00000000000
 0.00000000000 0.00000000000 0.00000000000 0.00000000000
 0.00000000000 0.00000000000 0.00000000000 0.00000000000
 0.00000000000 0.00000000000 0.00000000000 0.00000000000
 0.00000000000 0.00000000000 0.00000000000 0.00000000000
 0.00000000000 0.00000000000 0.00000000000 0.00000000000
 0.00000000000 0.00000000000 0.00000000000 0.00000000000
 0.00000000000 0.00000000000 0.00000000000 0.00000000000
 0.00000000000 0.00000000000 0.00000000000 0.00000000000
 0.00000000000 0.00000000000 0.00000000000 0.00000000000
 0.00000000000 0.00000000000 0.00000000000 0.00000000000
 0.00000000000 0.00000000000 0.00000000000 0.00000000000
 0.00000000000 0.00000000000 0.00000000000 0.00000000000
# logsel_slope_fsh[1]:
 0.00000000000 0.00000000000 0.00000000000 0.00000000000 0.00000000000 0.00000000000 0.00000000000 0.00000000000 0.00000000000 0.00000000000 0.00000000000 0.00000000000 0.00000000000 0.00000000000 0.00000000000 0.00000000000 0.00000000000 0.00000000000 0.00000000000 0.00000000000 0.00000000000 0.00000000000 0.00000000000 0.00000000000 0.00000000000 0.00000000000 0.00000000000 0.00000000000 0.00000000000 0.00000000000
# logsel_slope_fsh[2]:
 0.00000000000 0.00000000000 0.00000000000 0.00000000000 0.00000000000 0.00000000000 0.00000000000 0.00000000000 0.00000000000 0.00000000000 0.00000000000 0.00000000000 0.00000000000 0.00000000000 0.00000000000 0.00000000000 0.00000000000 0.00000000000 0.00000000000 0.00000000000 0.00000000000 0.00000000000 0.00000000000 0.00000000000 0.00000000000 0.00000000000 0.00000000000 0.00000000000 0.00000000000 0.00000000000
# logsel_slope_fsh[3]:
 0.00000000000 0.00000000000 0.00000000000 0.00000000000 0.00000000000 0.00000000000 0.00000000000 0.00000000000 0.00000000000 0.00000000000 0.00000000000 0.00000000000 0.00000000000 0.00000000000 0.00000000000
# sel50_fsh[1]:
 0.00000000000 0.00000000000 0.00000000000 0.00000000000 0.00000000000 0.00000000000 0.00000000000 0.00000000000 0.00000000000 0.00000000000 0.00000000000 0.00000000000 0.00000000000 0.00000000000 0.00000000000 0.00000000000 0.00000000000 0.00000000000 0.00000000000 0.00000000000 0.00000000000 0.00000000000 0.00000000000 0.00000000000 0.00000000000 0.00000000000 0.00000000000 0.00000000000 0.00000000000 0.00000000000
# sel50_fsh[2]:
 0.00000000000 0.00000000000 0.00000000000 0.00000000000 0.00000000000 0.00000000000 0.00000000000 0.00000000000 0.00000000000 0.00000000000 0.00000000000 0.00000000000 0.00000000000 0.00000000000 0.00000000000 0.00000000000 0.00000000000 0.00000000000 0.00000000000 0.00000000000 0.00000000000 0.00000000000 0.00000000000 0.00000000000 0.00000000000 0.00000000000 0.00000000000 0.00000000000 0.00000000000 0.00000000000
# sel50_fsh[3]:
 0.00000000000 0.00000000000 0.00000000000 0.00000000000 0.00000000000 0.00000000000 0.00000000000 0.00000000000 0.00000000000 0.00000000000 0.00000000000 0.00000000000 0.00000000000 0.00000000000 0.00000000000
# logsel_p1_fsh[1]:
 0.00000000000 0.00000000000 0.00000000000 0.00000000000 0.00000000000 0.00000000000 0.00000000000 0.00000000000 0.00000000000 0.00000000000 0.00000000000 0.00000000000 0.00000000000 0.00000000000 0.00000000000 0.00000000000 0.00000000000 0.00000000000 0.00000000000 0.00000000000 0.00000000000 0.00000000000 0.00000000000 0.00000000000 0.00000000000 0.00000000000 0.00000000000 0.00000000000 0.00000000000 0.00000000000
# logsel_p1_fsh[2]:
 0.00000000000 0.00000000000 0.00000000000 0.00000000000 0.00000000000 0.00000000000 0.00000000000 0.00000000000 0.00000000000 0.00000000000 0.00000000000 0.00000000000 0.00000000000 0.00000000000 0.00000000000 0.00000000000 0.00000000000 0.00000000000 0.00000000000 0.00000000000 0.00000000000 0.00000000000 0.00000000000 0.00000000000 0.00000000000 0.00000000000 0.00000000000 0.00000000000 0.00000000000 0.00000000000
# logsel_p1_fsh[3]:
 0.00000000000 0.00000000000 0.00000000000 0.00000000000 0.00000000000 0.00000000000 0.00000000000 0.00000000000 0.00000000000 0.00000000000 0.00000000000 0.00000000000 0.00000000000 0.00000000000 0.00000000000
# logsel_p2_fsh[1]:
 0.00000000000 0.00000000000 0.00000000000 0.00000000000 0.00000000000 0.00000000000 0.00000000000 0.00000000000 0.00000000000 0.00000000000 0.00000000000 0.00000000000 0.00000000000 0.00000000000 0.00000000000 0.00000000000 0.00000000000 0.00000000000 0.00000000000 0.00000000000 0.00000000000 0.00000000000 0.00000000000 0.00000000000 0.00000000000 0.00000000000 0.00000000000 0.00000000000 0.00000000000 0.00000000000
# logsel_p2_fsh[2]:
 0.00000000000 0.00000000000 0.00000000000 0.00000000000 0.00000000000 0.00000000000 0.00000000000 0.00000000000 0.00000000000 0.00000000000 0.00000000000 0.00000000000 0.00000000000 0.00000000000 0.00000000000 0.00000000000 0.00000000000 0.00000000000 0.00000000000 0.00000000000 0.00000000000 0.00000000000 0.00000000000 0.00000000000 0.00000000000 0.00000000000 0.00000000000 0.00000000000 0.00000000000 0.00000000000
# logsel_p2_fsh[3]:
 0.00000000000 0.00000000000 0.00000000000 0.00000000000 0.00000000000 0.00000000000 0.00000000000 0.00000000000 0.00000000000 0.00000000000 0.00000000000 0.00000000000 0.00000000000 0.00000000000 0.00000000000
# logsel_p3_fsh[1]:
 0.00000000000 0.00000000000 0.00000000000 0.00000000000 0.00000000000 0.00000000000 0.00000000000 0.00000000000 0.00000000000 0.00000000000 0.00000000000 0.00000000000 0.00000000000 0.00000000000 0.00000000000 0.00000000000 0.00000000000 0.00000000000 0.00000000000 0.00000000000 0.00000000000 0.00000000000 0.00000000000 0.00000000000 0.00000000000 0.00000000000 0.00000000000 0.00000000000 0.00000000000 0.00000000000
# logsel_p3_fsh[2]:
 0.00000000000 0.00000000000 0.00000000000 0.00000000000 0.00000000000 0.00000000000 0.00000000000 0.00000000000 0.00000000000 0.00000000000 0.00000000000 0.00000000000 0.00000000000 0.00000000000 0.00000000000 0.00000000000 0.00000000000 0.00000000000 0.00000000000 0.00000000000 0.00000000000 0.00000000000 0.00000000000 0.00000000000 0.00000000000 0.00000000000 0.00000000000 0.00000000000 0.00000000000 0.00000000000
# logsel_p3_fsh[3]:
 0.00000000000 0.00000000000 0.00000000000 0.00000000000 0.00000000000 0.00000000000 0.00000000000 0.00000000000 0.00000000000 0.00000000000 0.00000000000 0.00000000000 0.00000000000 0.00000000000 0.00000000000
# rec_dev_future:
 0.00000000000 0.00000000000 0.00000000000 0.00000000000 0.00000000000 0.00000000000 0.00000000000 0.00000000000 0.00000000000 0.00000000000 0.00000000000 0.00000000000 0.00000000000 0.00000000000 0.00000000000 0.00000000000 0.00000000000 0.00000000000 0.00000000000 0.00000000000
# log_q_ind[1]:
-12.0063217414
# log_q_power_ind[1]:
0.00000000000
# log_selcoffs_ind[1]:
 -5.55149094436 -4.00529347845 -2.56621958460 -1.39974084769 -0.492511288730 0.134467477593 0.498552255975 0.800833757200 0.834824450115 0.543052353784
# logsel_slope_ind[1]:
 0.00000000000
# sel50_ind[1]:
 0.00000000000
# logsel_p1_ind[1]:
 0.00000000000
# sel_p2_ind[1]:
 0.00000000000
# logsel_p3_ind[1]:
 0.00000000000
