# Number of parameters = 645 Objective function value = 270.539286893573  Maximum gradient component = 7.07931569720854e-05
# Mest[1]:
0.270000000000
# log_Linf[1]:
4.38701417618
# log_k[1]:
-1.83258146375
# log_Lo[1]:
2.75684036527
# log_sdage[1]:
-2.40794560865
# mean_log_rec[1]:
8.26605652834
# steepness[1]:
0.610000000000
# log_Rzero[1]:
8.12091526480
# rec_dev:
 -0.291250825727 -0.349032153778 -0.415435451348 -0.215438609576 0.220780040537 0.150617330284 0.417222802602 0.320238388920 0.254734106351 0.180546250201 0.323270202219 0.203079815529 0.719682041116 0.984849232538 0.998968161704 0.905436127142 0.773976680750 0.736385229901 0.657894997704 0.588155951457 0.546474484843 0.343956479618 0.180355168014 0.162367693732 0.331400033804 0.472286158077 0.404712230660 0.346825305093 0.229769204728 0.124279383066 0.0492560414949 -0.0306479543134 0.0436873770665 -0.0108989281084 -0.0267097147031 0.0333066209603 0.0312300632800 -0.0659426866865 -0.294302648286 -0.553286895656 -0.763518483000 -1.05454278813 -1.09407074689 -1.13600583230 -0.760358213391
# log_sigmar[1]:
-0.223143551314
# fmort:
 -1.47003224780 -1.57652485720 -1.52990186762 -1.39514559324 -1.99620736136 -2.15146767509 -2.09232253117 -2.16068154413 -1.64905587210 -1.45769488145 -2.00375690166 -1.79342627995 -2.15748671768 -2.58290132177 -2.07199045469 -2.12250185526 -1.85714678593 -1.78598930220 -1.77068454285 -1.82854268927 -1.90744204729 -1.90946876555 -2.26725942032 -2.22332301487 -2.47574740978 -2.72146718179 -2.57676489648 -3.68482112206 -2.36507554661 -2.87988714087 -3.78076499134 -3.79559117743 -2.75592379858 -3.03490436076 -3.09887302096 -3.76914657903
 -12.5223400248 -12.3664617538 -12.2475175429 -12.1477079837 -5.14775905902 -5.13760509297 -4.11598256298 -4.09309651106 -3.39967029313 -2.70629750461 -3.55780325850 -2.58458046797 -2.59723806235 -2.74221884714 -3.09477030479 -4.68332399530 -4.10262921914 -4.04447154092 -3.77379918421 -3.57153742954 -3.09142555601 -3.50027413514 -3.24959790119 -2.43141286058 -3.90155689738 -2.47429006554 -1.69588555539 -2.40457925400 -2.43325979374 -2.22057434759 -2.42367307559 -1.92167312406 -1.95240215375 -2.94427692401 -3.16013916797 -2.52502335751
 -12.5273893496 -12.3171957620 -12.1548896410 -12.0040767866 -11.9391206984 -11.9972993380 -12.1067839094 -12.2385093302 -12.3236447486 -3.77580679937 -1.25456066435 -1.01426208042 -1.09263538776 -1.24750835413 -1.98993659183 -2.53630762659 -3.19819609890 -2.62557140738 -2.78640739164 -2.98923113835 -2.85741052329 -2.43675379329 -2.13158659276 -2.47521457250 -2.33486861586 -1.74131683131 -1.36253033103 -2.55367688227 -2.81871915310 -2.41587922897 -2.30466888668 -2.23238681496 -2.89657060950 -2.95250609186 -2.63311981820 -3.24388383910
# log_selcoffs_fsh[1]:
 -2.67797259697 -1.76062121588 -0.743563976200 0.000102416807157 0.487310915748 0.976786588048
 -2.81190427921 -1.70451703401 -0.773381520390 -0.0505228483516 0.480864947245 1.00371326327
 -2.99304340671 -1.70483149671 -0.729036762610 -0.0307809962957 0.503071003128 0.979156135142
 -3.08095655242 -1.70301341520 -0.627933660251 0.0153778381817 0.531337584841 0.924875524343
 -3.11003398217 -1.68124642048 -0.568886035084 0.00219096119968 0.486135943955 0.945806253368
 -3.26950352681 -1.82702582989 -0.718264440999 -0.0106720873417 0.434585521853 1.02237108885
 -3.40044008640 -2.12211411983 -1.04735034943 -0.136812428647 0.527498359700 1.07472108171
 -3.44948081119 -2.12292345927 -1.03182474045 -0.0704987158935 0.575711280523 1.02312572905
 -3.39631283029 -2.16111326680 -1.15924349708 -0.191066301300 0.639056521459 1.03560609326
 -3.36853962446 -1.75638639294 -0.680523941499 0.0236156110707 0.540414696810 0.934494207121
 -3.30335525533 -1.53669233117 -0.265127318199 0.232460150002 0.479630300414 0.743775382911
 -3.14208854240 -1.38764450948 -0.220674921603 0.235937635409 0.464141229436 0.717070949761
 -3.07123641421 -1.38103775996 -0.381549934969 0.231283547374 0.527203504291 0.725184406899
 -3.11930152238 -1.60057984897 -0.496234116877 0.268875292577 0.646703274760 0.656216176167
 -3.04430887873 -1.70545560615 -0.537984349330 0.199679774983 0.616009594194 0.748686223153
 -2.91020533928 -1.67819856592 -0.614948042905 0.0991689396013 0.592274816606 0.835430655785
 -3.04963674610 -1.81662288728 -0.720258570467 0.0549159688710 0.574108812393 0.904794618676
 -3.00601438879 -1.80997438869 -0.763615399509 -0.0408434631815 0.490203086360 1.00365941287
 -3.15956730590 -1.83316243944 -0.549155350515 0.159622533846 0.577897189361 0.817511540782
 -2.97361326817 -1.75475814411 -0.488939705594 0.183797148335 0.534287586159 0.812995686731
 -2.73658957882 -1.60328338890 -0.625196642748 0.0545386991345 0.495203608317 0.917063443138
 -2.97445451479 -1.87981772344 -0.860397420526 -0.00153926099263 0.622713885782 0.920629743822
 -3.14597341701 -2.06089099057 -1.11236857676 -0.172511778635 0.677169795135 0.989915737550
 -3.31180394055 -2.18805974150 -1.13907659967 -0.166762668099 0.652317806004 1.01700982312
 -3.49437319770 -2.22792013409 -0.997460631694 -0.0701874749954 0.703700491536 0.932017482097
 -3.56772446629 -2.28126733213 -1.14484451549 -0.128955016755 0.674134042380 0.996950659571
# log_selcoffs_fsh[2]:
 -1.86346061092 -1.10873305513 -0.419258850101 0.104690115863 0.401270675859 0.477375808063 0.495566259480
 -1.87530851649 -1.12470418178 -0.438321619005 0.0925017032112 0.398436873046 0.496547962546 0.499183983721
 -1.89498764116 -1.14568154723 -0.459316985149 0.0759974353695 0.402391525516 0.506559125718 0.510443711478
 -1.92119872163 -1.16983840592 -0.479503838750 0.0598487658583 0.391636227792 0.522677732066 0.528536616311
 -1.95459586504 -1.19436541006 -0.497350543357 0.0494524396031 0.384988484985 0.525566809873 0.551371696530
 -1.99796756990 -1.22566838863 -0.520224390927 0.0333678802942 0.376812286679 0.532025510001 0.578018179937
 -2.05264670512 -1.26438758092 -0.549712600905 0.00916537849403 0.368404612060 0.546297417422 0.604641538654
 -2.12040298400 -1.30580049889 -0.575840585113 -0.00980132229263 0.361263605345 0.557056516935 0.629095933298
 -2.20269792740 -1.34837892056 -0.596257421624 -0.0269507555240 0.351650111723 0.566829878929 0.653092844751
 -2.30057662092 -1.38586099118 -0.602118637654 -0.0339975955154 0.336602621306 0.568223408315 0.678112559254
 -2.42417260399 -1.41863587930 -0.585122290886 -0.0196855785415 0.329396220619 0.555631520685 0.692491993908
 -2.58671401124 -1.44709600877 -0.551217865847 0.0122395859165 0.332187683699 0.544095163712 0.685042010401
 -2.79362405462 -1.45495958858 -0.494734328590 0.0281461079427 0.341771636705 0.537968249723 0.666366569154
 -3.08332180568 -1.82261208497 -0.734137559184 0.00132551371024 0.407173237664 0.576204396392 0.707793376624
 -3.19898294501 -2.05293296388 -1.01574102972 -0.270170025849 0.322852274710 0.647227205877 0.881350001687
 -3.25385163992 -2.02408672196 -0.923028171793 -0.123424226673 0.345923782499 0.617927526907 0.824036570532
 -3.25884064155 -2.04724702681 -0.962992513764 -0.00823906415755 0.462074146683 0.611373368270 0.707350785357
 -3.06363290914 -1.90052397983 -0.843505673773 -0.0696263814897 0.358268819420 0.609966594447 0.774556604407
 -2.87581617527 -1.73546608814 -0.594861702158 0.0158579172421 0.359068980016 0.535244871582 0.722621851249
 -2.52930576190 -1.44712984010 -0.287465835044 0.167354110043 0.245586001899 0.410075491200 0.676715099272
 -2.39892122213 -1.47543757280 -0.633179996524 -0.0377800113720 0.327566171632 0.658605527171 0.624331164023
 -2.19390657019 -1.23255896340 -0.561287602516 -0.0451172078324 0.411832802348 0.567378060017 0.586338752464
 -2.17973091852 -1.13573898073 -0.528785770202 0.0131685407240 0.468406942004 0.569240321739 0.469250865328
 -2.17982522746 -0.769104368171 -0.125655648846 0.210452872021 0.390148756388 0.363551948676 0.330544192478
 -2.37847898451 -0.697655172049 0.157093471940 0.341906170777 0.411821280373 0.257244055494 0.0284891855487
 -2.60568568065 -0.902362208208 0.0478464834209 0.346254390391 0.575510608581 0.344762857069 -0.141480594583
# log_selcoffs_fsh[3]:
 -4.79334731366 -2.88514719560 -1.51987215883 -0.604757291869 -0.183399258761 0.157788888331 0.266450367673 0.328995201759 0.433421278749 0.560850019418 0.778400637339
 -4.94902075918 -3.38555171199 -2.09751587112 -1.19699316986 -0.629566790946 -0.266507519608 0.100542248351 0.424844689797 0.695782465127 0.818767112312 0.844671121856
 -5.27050790542 -3.82631254039 -2.56858645181 -1.62420092464 -0.851847590096 -0.301837422607 0.175259725224 0.612119422532 0.797277271971 0.804744927693 0.713814372053
 -5.46515290517 -3.73022183708 -2.03563446170 -0.994775767780 -0.356452213455 -0.120447425002 0.151159894088 0.422985583285 0.656519381561 0.751123368990 0.764329089712
 -5.58203418658 -3.90641925226 -2.27933381788 -1.16268415776 -0.481698789872 -0.0945079356532 0.320720304784 0.539580013359 0.699262903760 0.685200226857 0.664607073687
 -5.68690468073 -4.11807227330 -2.66915946469 -1.48374682494 -0.696115321470 -0.0444882891407 0.309403706701 0.599034873816 0.812729840155 0.698013577935 0.577988605410
 -5.76474887575 -4.03995524878 -2.42389568281 -1.30571696712 -0.517280033018 -0.0377245524771 0.243880384172 0.431717432170 0.721716967986 0.793988264446 0.680232403323
 -5.87191799779 -4.33010864685 -2.91308168375 -1.73097183294 -0.660523416300 -0.0406761131044 0.226707929540 0.489206113628 0.814618907688 0.794175670211 0.652043713887
 -5.99165339437 -4.42050598803 -2.75266544162 -1.10553337369 0.0762574256884 0.280974840106 0.0700572751240 0.210688626316 0.572076180608 0.715219958534 0.724327810436
 -6.08645749320 -4.62760067246 -3.15444589461 -1.77073919313 -0.712966535788 -0.211552669167 0.0957759838536 0.683768158670 0.922579214104 0.760132921772 0.553535213682
 -6.13939917170 -4.79000316050 -3.45705159814 -2.15601917088 -0.983944801401 -0.120612269909 0.292061506307 0.779756727970 0.896293212255 0.693325640261 0.476871193080
# log_sel_spl_fsh[1]:
 0.00000000000 0.00000000000 0.00000000000 0.00000000000
 0.00000000000 0.00000000000 0.00000000000 0.00000000000
 0.00000000000 0.00000000000 0.00000000000 0.00000000000
 0.00000000000 0.00000000000 0.00000000000 0.00000000000
 0.00000000000 0.00000000000 0.00000000000 0.00000000000
 0.00000000000 0.00000000000 0.00000000000 0.00000000000
 0.00000000000 0.00000000000 0.00000000000 0.00000000000
 0.00000000000 0.00000000000 0.00000000000 0.00000000000
 0.00000000000 0.00000000000 0.00000000000 0.00000000000
 0.00000000000 0.00000000000 0.00000000000 0.00000000000
 0.00000000000 0.00000000000 0.00000000000 0.00000000000
 0.00000000000 0.00000000000 0.00000000000 0.00000000000
 0.00000000000 0.00000000000 0.00000000000 0.00000000000
 0.00000000000 0.00000000000 0.00000000000 0.00000000000
 0.00000000000 0.00000000000 0.00000000000 0.00000000000
 0.00000000000 0.00000000000 0.00000000000 0.00000000000
 0.00000000000 0.00000000000 0.00000000000 0.00000000000
 0.00000000000 0.00000000000 0.00000000000 0.00000000000
 0.00000000000 0.00000000000 0.00000000000 0.00000000000
 0.00000000000 0.00000000000 0.00000000000 0.00000000000
 0.00000000000 0.00000000000 0.00000000000 0.00000000000
 0.00000000000 0.00000000000 0.00000000000 0.00000000000
 0.00000000000 0.00000000000 0.00000000000 0.00000000000
 0.00000000000 0.00000000000 0.00000000000 0.00000000000
 0.00000000000 0.00000000000 0.00000000000 0.00000000000
 0.00000000000 0.00000000000 0.00000000000 0.00000000000
# log_sel_spl_fsh[2]:
 0.00000000000 0.00000000000 0.00000000000 0.00000000000
 0.00000000000 0.00000000000 0.00000000000 0.00000000000
 0.00000000000 0.00000000000 0.00000000000 0.00000000000
 0.00000000000 0.00000000000 0.00000000000 0.00000000000
 0.00000000000 0.00000000000 0.00000000000 0.00000000000
 0.00000000000 0.00000000000 0.00000000000 0.00000000000
 0.00000000000 0.00000000000 0.00000000000 0.00000000000
 0.00000000000 0.00000000000 0.00000000000 0.00000000000
 0.00000000000 0.00000000000 0.00000000000 0.00000000000
 0.00000000000 0.00000000000 0.00000000000 0.00000000000
 0.00000000000 0.00000000000 0.00000000000 0.00000000000
 0.00000000000 0.00000000000 0.00000000000 0.00000000000
 0.00000000000 0.00000000000 0.00000000000 0.00000000000
 0.00000000000 0.00000000000 0.00000000000 0.00000000000
 0.00000000000 0.00000000000 0.00000000000 0.00000000000
 0.00000000000 0.00000000000 0.00000000000 0.00000000000
 0.00000000000 0.00000000000 0.00000000000 0.00000000000
 0.00000000000 0.00000000000 0.00000000000 0.00000000000
 0.00000000000 0.00000000000 0.00000000000 0.00000000000
 0.00000000000 0.00000000000 0.00000000000 0.00000000000
 0.00000000000 0.00000000000 0.00000000000 0.00000000000
 0.00000000000 0.00000000000 0.00000000000 0.00000000000
 0.00000000000 0.00000000000 0.00000000000 0.00000000000
 0.00000000000 0.00000000000 0.00000000000 0.00000000000
 0.00000000000 0.00000000000 0.00000000000 0.00000000000
 0.00000000000 0.00000000000 0.00000000000 0.00000000000
# log_sel_spl_fsh[3]:
 0.00000000000 0.00000000000 0.00000000000 0.00000000000
 0.00000000000 0.00000000000 0.00000000000 0.00000000000
 0.00000000000 0.00000000000 0.00000000000 0.00000000000
 0.00000000000 0.00000000000 0.00000000000 0.00000000000
 0.00000000000 0.00000000000 0.00000000000 0.00000000000
 0.00000000000 0.00000000000 0.00000000000 0.00000000000
 0.00000000000 0.00000000000 0.00000000000 0.00000000000
 0.00000000000 0.00000000000 0.00000000000 0.00000000000
 0.00000000000 0.00000000000 0.00000000000 0.00000000000
 0.00000000000 0.00000000000 0.00000000000 0.00000000000
 0.00000000000 0.00000000000 0.00000000000 0.00000000000
# logsel_slope_fsh[1]:
 0.00000000000 0.00000000000 0.00000000000 0.00000000000 0.00000000000 0.00000000000 0.00000000000 0.00000000000 0.00000000000 0.00000000000 0.00000000000 0.00000000000 0.00000000000 0.00000000000 0.00000000000 0.00000000000 0.00000000000 0.00000000000 0.00000000000 0.00000000000 0.00000000000 0.00000000000 0.00000000000 0.00000000000 0.00000000000 0.00000000000
# logsel_slope_fsh[2]:
 0.00000000000 0.00000000000 0.00000000000 0.00000000000 0.00000000000 0.00000000000 0.00000000000 0.00000000000 0.00000000000 0.00000000000 0.00000000000 0.00000000000 0.00000000000 0.00000000000 0.00000000000 0.00000000000 0.00000000000 0.00000000000 0.00000000000 0.00000000000 0.00000000000 0.00000000000 0.00000000000 0.00000000000 0.00000000000 0.00000000000
# logsel_slope_fsh[3]:
 0.00000000000 0.00000000000 0.00000000000 0.00000000000 0.00000000000 0.00000000000 0.00000000000 0.00000000000 0.00000000000 0.00000000000 0.00000000000
# sel50_fsh[1]:
 0.00000000000 0.00000000000 0.00000000000 0.00000000000 0.00000000000 0.00000000000 0.00000000000 0.00000000000 0.00000000000 0.00000000000 0.00000000000 0.00000000000 0.00000000000 0.00000000000 0.00000000000 0.00000000000 0.00000000000 0.00000000000 0.00000000000 0.00000000000 0.00000000000 0.00000000000 0.00000000000 0.00000000000 0.00000000000 0.00000000000
# sel50_fsh[2]:
 0.00000000000 0.00000000000 0.00000000000 0.00000000000 0.00000000000 0.00000000000 0.00000000000 0.00000000000 0.00000000000 0.00000000000 0.00000000000 0.00000000000 0.00000000000 0.00000000000 0.00000000000 0.00000000000 0.00000000000 0.00000000000 0.00000000000 0.00000000000 0.00000000000 0.00000000000 0.00000000000 0.00000000000 0.00000000000 0.00000000000
# sel50_fsh[3]:
 0.00000000000 0.00000000000 0.00000000000 0.00000000000 0.00000000000 0.00000000000 0.00000000000 0.00000000000 0.00000000000 0.00000000000 0.00000000000
# logsel_p1_fsh[1]:
 0.00000000000 0.00000000000 0.00000000000 0.00000000000 0.00000000000 0.00000000000 0.00000000000 0.00000000000 0.00000000000 0.00000000000 0.00000000000 0.00000000000 0.00000000000 0.00000000000 0.00000000000 0.00000000000 0.00000000000 0.00000000000 0.00000000000 0.00000000000 0.00000000000 0.00000000000 0.00000000000 0.00000000000 0.00000000000 0.00000000000
# logsel_p1_fsh[2]:
 0.00000000000 0.00000000000 0.00000000000 0.00000000000 0.00000000000 0.00000000000 0.00000000000 0.00000000000 0.00000000000 0.00000000000 0.00000000000 0.00000000000 0.00000000000 0.00000000000 0.00000000000 0.00000000000 0.00000000000 0.00000000000 0.00000000000 0.00000000000 0.00000000000 0.00000000000 0.00000000000 0.00000000000 0.00000000000 0.00000000000
# logsel_p1_fsh[3]:
 0.00000000000 0.00000000000 0.00000000000 0.00000000000 0.00000000000 0.00000000000 0.00000000000 0.00000000000 0.00000000000 0.00000000000 0.00000000000
# logsel_p2_fsh[1]:
 0.00000000000 0.00000000000 0.00000000000 0.00000000000 0.00000000000 0.00000000000 0.00000000000 0.00000000000 0.00000000000 0.00000000000 0.00000000000 0.00000000000 0.00000000000 0.00000000000 0.00000000000 0.00000000000 0.00000000000 0.00000000000 0.00000000000 0.00000000000 0.00000000000 0.00000000000 0.00000000000 0.00000000000 0.00000000000 0.00000000000
# logsel_p2_fsh[2]:
 0.00000000000 0.00000000000 0.00000000000 0.00000000000 0.00000000000 0.00000000000 0.00000000000 0.00000000000 0.00000000000 0.00000000000 0.00000000000 0.00000000000 0.00000000000 0.00000000000 0.00000000000 0.00000000000 0.00000000000 0.00000000000 0.00000000000 0.00000000000 0.00000000000 0.00000000000 0.00000000000 0.00000000000 0.00000000000 0.00000000000
# logsel_p2_fsh[3]:
 0.00000000000 0.00000000000 0.00000000000 0.00000000000 0.00000000000 0.00000000000 0.00000000000 0.00000000000 0.00000000000 0.00000000000 0.00000000000
# logsel_p3_fsh[1]:
 0.00000000000 0.00000000000 0.00000000000 0.00000000000 0.00000000000 0.00000000000 0.00000000000 0.00000000000 0.00000000000 0.00000000000 0.00000000000 0.00000000000 0.00000000000 0.00000000000 0.00000000000 0.00000000000 0.00000000000 0.00000000000 0.00000000000 0.00000000000 0.00000000000 0.00000000000 0.00000000000 0.00000000000 0.00000000000 0.00000000000
# logsel_p3_fsh[2]:
 0.00000000000 0.00000000000 0.00000000000 0.00000000000 0.00000000000 0.00000000000 0.00000000000 0.00000000000 0.00000000000 0.00000000000 0.00000000000 0.00000000000 0.00000000000 0.00000000000 0.00000000000 0.00000000000 0.00000000000 0.00000000000 0.00000000000 0.00000000000 0.00000000000 0.00000000000 0.00000000000 0.00000000000 0.00000000000 0.00000000000
# logsel_p3_fsh[3]:
 0.00000000000 0.00000000000 0.00000000000 0.00000000000 0.00000000000 0.00000000000 0.00000000000 0.00000000000 0.00000000000 0.00000000000 0.00000000000
# rec_dev_future:
 0.00000000000 0.00000000000 0.00000000000 0.00000000000 0.00000000000 0.00000000000 0.00000000000 0.00000000000 0.00000000000 0.00000000000 0.00000000000 0.00000000000 0.00000000000 0.00000000000 0.00000000000 0.00000000000 0.00000000000 0.00000000000 0.00000000000 0.00000000000
# log_q_ind[1]:
-12.0946728078
# log_q_power_ind[1]:
0.00000000000
# log_selcoffs_ind[1]:
 -5.12985830439 -3.63638897000 -2.26176095730 -1.19191825308 -0.428549105100 0.0524970149673 0.390340019405 0.717150330796 0.841711601473 0.697224821741
# logsel_slope_ind[1]:
 0.00000000000
# sel50_ind[1]:
 0.00000000000
# logsel_p1_ind[1]:
 0.00000000000
# sel_p2_ind[1]:
 0.00000000000
# logsel_p3_ind[1]:
 0.00000000000
