# Number of parameters = 701 Objective function value = 317.593189607659  Maximum gradient component = 0.000105479957182321
# Mest[1]:
0.270000000000
# log_Linf[1]:
4.38701417618
# log_k[1]:
-1.83258146375
# log_Lo[1]:
2.75684036527
# log_sdage[1]:
-2.40794560865
# mean_log_rec[1]:
8.30816812142
# steepness[1]:
0.610000000000
# log_Rzero[1]:
8.19508757561
# rec_dev:
 -0.330803541943 -0.392280354621 -0.461817174150 -0.269687122413 0.159509697055 0.0915369785539 0.358008434203 0.265642406489 0.203550336216 0.130681821812 0.269645309273 0.148845784973 0.667759448782 0.939679351255 0.965694699936 0.872177370780 0.734373411034 0.691860106007 0.613921433696 0.546961710255 0.509905952165 0.304201642284 0.131563300850 0.109759994085 0.281493063880 0.427954725708 0.360202865207 0.299442913091 0.180992007811 0.0779802995470 0.00224764494151 -0.0794130191399 -0.00370848147131 -0.0556659382605 -0.0692714714852 0.00615880653015 0.0178272468725 -0.0450658973724 -0.191988861446 -0.377622766941 -0.452922773415 -0.501576738726 -0.479954394153 -0.715959066616 -0.911421460491 -0.842648072764 -0.458081434550
# log_sigmar[1]:
-0.223143551314
# fmort:
 -1.48956664274 -1.59079101035 -1.53789778168 -1.39781504550 -1.99517946344 -2.14689859738 -2.08513575897 -2.15297370226 -1.64160804084 -1.45281308550 -2.00014432110 -1.79056063376 -2.15368814158 -2.57775263345 -2.06559015965 -2.11793831312 -1.85532513815 -1.78377353498 -1.76519534346 -1.82045780386 -1.89962457143 -1.90049075434 -2.25526310505 -2.20816342226 -2.45942582432 -2.70341861339 -2.55199223536 -3.65762718387 -2.33851541628 -2.85438637672 -3.76227204359 -3.79148831719 -2.77917929544 -3.11559957764 -3.25696675817 -3.98654188172 -5.19598661004 -4.77080314715
 -12.5355387273 -12.3746603824 -12.2510304202 -12.1467069120 -5.14258617548 -5.12989796241 -4.10751099550 -4.08570873809 -3.39402399735 -2.70220125222 -3.55464438122 -2.58082261372 -2.59268370686 -2.73748715254 -3.09010526065 -4.67920134042 -4.09808915927 -4.03857041510 -3.76592820726 -3.56202827245 -3.08129079086 -3.48893577066 -3.23656511310 -2.41515346164 -3.88404654490 -2.45700194526 -1.67199836068 -2.37782627156 -2.40677262762 -2.19751470259 -2.40899704948 -1.92531787201 -2.00380006736 -3.08518166974 -3.40247810964 -2.90354878124 -3.32143071782 -3.08071424715
 -12.5563555924 -12.3397314913 -12.1709762708 -12.0141263829 -11.9435734719 -11.9972647961 -12.1040630271 -12.2356480259 -12.3226065196 -3.77666538379 -1.25597612767 -1.01599458759 -1.09418939090 -1.24904990747 -1.99250540549 -2.53987466473 -3.20138140636 -2.62638726011 -2.78463107492 -2.98601588957 -2.85467022260 -2.43222834940 -2.12429752200 -2.46503644179 -2.32430195388 -1.72945807971 -1.33900843619 -2.51903455250 -2.77962660038 -2.37616263546 -2.26483317123 -2.19536484382 -2.87207954032 -2.95587665748 -2.68875419674 -3.43172760493 -4.97816439168 -3.62921435512
# log_selcoffs_fsh[1]:
 -2.68592292118 -1.76528955584 -0.746747326938 0.000529981212055 0.488665848749 0.976869784218
 -2.81662166632 -1.70628655211 -0.773335926762 -0.0511597132248 0.478696585422 1.00543148700
 -2.99751758599 -1.70787324631 -0.729990745802 -0.0306970856455 0.502120001169 0.980179772337
 -3.08377799725 -1.70786440476 -0.631821619158 0.0140590147207 0.532079514786 0.926126936966
 -3.10918084877 -1.68415040711 -0.574974279566 -0.00160513048233 0.486350002615 0.948671145693
 -3.26596118395 -1.82547480835 -0.721594156955 -0.0170194627559 0.432300318421 1.02632809749
 -3.39720197968 -2.11810682473 -1.04499036177 -0.139411915967 0.522879694234 1.07767156936
 -3.44952397486 -2.12070509600 -1.02776236830 -0.0676014163264 0.573930146487 1.02267478771
 -3.39890952546 -2.16252432347 -1.15811463932 -0.187681795785 0.641195901874 1.03313091376
 -3.37101531817 -1.75900459220 -0.683151115926 0.0239287782610 0.542533873179 0.933670084036
 -3.30504086519 -1.53783483364 -0.267592836323 0.229746232602 0.480097165229 0.746083596781
 -3.14632473589 -1.38906392594 -0.220813653215 0.235368928112 0.463091707644 0.718552167759
 -3.07914277021 -1.38535919977 -0.382864731640 0.231797139172 0.528278127839 0.725124814326
 -3.12975029669 -1.60664676959 -0.500252989110 0.267644833670 0.647832847706 0.658068079896
 -3.05885876543 -1.71307621178 -0.543170455200 0.195744347161 0.616422449799 0.752990061530
 -2.93280482077 -1.68949467255 -0.620489259391 0.0954005743685 0.591205046921 0.840789018185
 -3.08538400578 -1.83516800260 -0.729314227612 0.0504992584718 0.573740091677 0.910583374885
 -3.06067733395 -1.83833632799 -0.778104254885 -0.0487892370484 0.489512601058 1.01192218579
 -3.24027952770 -1.87560180605 -0.568080624872 0.149965475209 0.577319229421 0.832004937203
 -3.09419706949 -1.81925114936 -0.518812779278 0.174002433535 0.537189044258 0.831197264526
 -2.90930533647 -1.70113661621 -0.670504586619 0.0357244246603 0.499031126370 0.943152720521
 -3.20758487293 -2.03061874328 -0.935799530496 -0.0297358232366 0.622222983575 0.956377390504
 -3.44580375700 -2.27476496669 -1.23857828629 -0.222878911047 0.675749256220 1.03310866982
 -3.66968050661 -2.47060192679 -1.31653608240 -0.250152996776 0.647707468813 1.07571314911
 -3.88464848250 -2.58513324192 -1.22955938002 -0.166709655124 0.697003223871 1.01431187267
 -4.00345564193 -2.75486868475 -1.46423569073 -0.243298091425 0.716266390045 1.04944327489
 -3.95769698700 -2.75364550783 -1.67033287150 -0.562089226635 0.488700675632 1.26095776548
 -4.04852146554 -2.93394978353 -1.83876501666 -0.679341915874 0.506620751948 1.28196882167
# log_selcoffs_fsh[2]:
 -1.87789460563 -1.11921931408 -0.425378758941 0.103024002496 0.402544894251 0.479851795188 0.498987248305
 -1.88986762225 -1.13524511013 -0.444543972487 0.0906968786483 0.399996628650 0.499340557625 0.502021257856
 -1.90936061006 -1.15606607354 -0.465486106049 0.0740092255079 0.403755314517 0.509500424666 0.513158615123
 -1.93529934724 -1.18013570986 -0.485741679573 0.0578010214049 0.392908098383 0.525447722910 0.531297970793
 -1.96841164520 -1.20465168005 -0.503940468664 0.0470097413241 0.386199994402 0.528458722301 0.554202765623
 -2.01126626541 -1.23561993375 -0.526872986450 0.0302307085930 0.377479065191 0.535058783435 0.581228537009
 -2.06547753828 -1.27383979438 -0.555847764281 0.00631750645227 0.368641970082 0.548720823778 0.608001144008
 -2.13285039320 -1.31480172750 -0.581557523722 -0.0124596419136 0.361275066271 0.559026787583 0.632441821442
 -2.21472562465 -1.35684156074 -0.601561535007 -0.0296804472654 0.351218342887 0.568592881293 0.656511536443
 -2.31207965504 -1.39359039656 -0.606778542933 -0.0367182970049 0.335456054457 0.569549874702 0.681915003137
 -2.43524749143 -1.42557879144 -0.588812099576 -0.0219155505506 0.327684000819 0.556036910187 0.696764240104
 -2.59781997237 -1.45359527527 -0.553865295540 0.0112716304644 0.330525015165 0.543318970321 0.689323028023
 -2.80492135296 -1.46148930743 -0.497627389331 0.0265497034157 0.340074256028 0.537617446598 0.670771716855
 -3.09718943616 -1.83106200756 -0.739635610276 -0.00161249524621 0.406047529466 0.577008519929 0.711638500261
 -3.21756878242 -2.06390620586 -1.02321411280 -0.275981358371 0.320792815230 0.648978389332 0.884973694547
 -3.27957254680 -2.03823884482 -0.930882784656 -0.129138854338 0.342978201536 0.619930385139 0.829033622869
 -3.29692575326 -2.06813712538 -0.973439962440 -0.0127815544750 0.461797386751 0.613825941645 0.711522937047
 -3.11950446069 -1.93122995965 -0.859383654602 -0.0768443214277 0.359325925456 0.615452450820 0.778653569928
 -2.95426723818 -1.77916812799 -0.615671597490 0.00624799186667 0.358956274042 0.542504060932 0.732567853489
 -2.64237288708 -1.50954684767 -0.317936113685 0.157867059327 0.249175207184 0.422510523766 0.693339186342
 -2.56436636236 -1.57228749720 -0.680032807693 -0.0564485213187 0.332616189765 0.675399083327 0.644123912342
 -2.41188292476 -1.37573101311 -0.632482607523 -0.0680919379973 0.417063223783 0.595158550463 0.621348265441
 -2.45088599776 -1.32810815683 -0.640391936260 -0.0218010906263 0.482508763924 0.606462099216 0.524266065329
 -2.47582889384 -1.00422956231 -0.262218231945 0.158366213230 0.416397197898 0.438915195496 0.432515810655
 -2.63532693508 -0.954112850968 0.000210135652623 0.295893761366 0.436371169162 0.361355245911 0.195778232118
 -2.77133270846 -1.08040044339 -0.113137888412 0.283615154244 0.567667323936 0.430602067970 0.0720250195185
 -3.00943265754 -1.40430904529 -0.197401900917 0.321183107619 0.654906285585 0.442705907068 0.0233732707688
 -3.28505067542 -1.63521719255 0.0421866397190 0.537312703708 0.616703495154 0.254264173307 -0.138299378654
# log_selcoffs_fsh[3]:
 -4.82864752320 -2.89561843855 -1.51837630154 -0.599675797845 -0.173367949100 0.172196283819 0.273070379262 0.323957234247 0.423747431475 0.553915599761 0.777319214752
 -5.00110917133 -3.41020601478 -2.09934368937 -1.18089018899 -0.602334476025 -0.244455104206 0.106923915785 0.416514546545 0.683457560509 0.813526538828 0.847562301929
 -5.34251849171 -3.86575279781 -2.58538125780 -1.62839449585 -0.846836803637 -0.292747129248 0.181257378024 0.611798940277 0.790993411970 0.801842842459 0.717828186485
 -5.56955550596 -3.79368814337 -2.07002838971 -1.01688505538 -0.370409366119 -0.126371817117 0.149772948094 0.422317724870 0.656878051550 0.755519668260 0.774493098429
 -5.73124943984 -4.00135036909 -2.33401894176 -1.19475004451 -0.502933043551 -0.107004588215 0.314745432452 0.537284937486 0.701484310354 0.694567738214 0.680392677354
 -5.89322855350 -4.25533761840 -2.74974654000 -1.53071916765 -0.720474992520 -0.0568470275424 0.302454145454 0.594968663520 0.813806976407 0.708337951332 0.597860359313
 -6.03539874725 -4.23327542104 -2.54401983069 -1.37454263206 -0.557972721821 -0.0543277697056 0.236818578698 0.425255070819 0.721283243571 0.809906494000 0.708108190407
 -6.21043744735 -4.58977115844 -3.09558558919 -1.84211182128 -0.722856012611 -0.0773229003181 0.215095871937 0.486313666297 0.818314054217 0.812839849297 0.686064054657
 -6.39190426768 -4.74455177044 -3.00022546046 -1.28155667074 -0.0272446981214 0.225835657160 0.0410807315807 0.211286967252 0.594281780592 0.761004932400 0.791359513252
 -6.55104926463 -5.01966661677 -3.46443906499 -2.00111181767 -0.880310541503 -0.308384499649 0.0548851004225 0.673894228047 0.945472966388 0.804442596649 0.614341978256
 -6.65351441937 -5.23189323326 -3.79786230162 -2.39341601903 -1.17177462624 -0.282054333508 0.233912029506 0.782984057194 0.911816698328 0.755686965866 0.557409800350
 -6.74284909860 -5.38998168780 -4.00984857008 -2.56421219276 -1.16942624599 -0.169386612330 0.351445210678 0.814778262413 0.928260359910 0.688096685786 0.434760004205
 -6.83014696046 -5.51063802607 -4.12230600388 -2.53719146093 -0.844332516896 0.267240764857 0.651002654799 0.877383378109 0.788233314826 0.432795252602 0.0955388505019
# log_sel_spl_fsh[1]:
 0.00000000000 0.00000000000 0.00000000000 0.00000000000
 0.00000000000 0.00000000000 0.00000000000 0.00000000000
 0.00000000000 0.00000000000 0.00000000000 0.00000000000
 0.00000000000 0.00000000000 0.00000000000 0.00000000000
 0.00000000000 0.00000000000 0.00000000000 0.00000000000
 0.00000000000 0.00000000000 0.00000000000 0.00000000000
 0.00000000000 0.00000000000 0.00000000000 0.00000000000
 0.00000000000 0.00000000000 0.00000000000 0.00000000000
 0.00000000000 0.00000000000 0.00000000000 0.00000000000
 0.00000000000 0.00000000000 0.00000000000 0.00000000000
 0.00000000000 0.00000000000 0.00000000000 0.00000000000
 0.00000000000 0.00000000000 0.00000000000 0.00000000000
 0.00000000000 0.00000000000 0.00000000000 0.00000000000
 0.00000000000 0.00000000000 0.00000000000 0.00000000000
 0.00000000000 0.00000000000 0.00000000000 0.00000000000
 0.00000000000 0.00000000000 0.00000000000 0.00000000000
 0.00000000000 0.00000000000 0.00000000000 0.00000000000
 0.00000000000 0.00000000000 0.00000000000 0.00000000000
 0.00000000000 0.00000000000 0.00000000000 0.00000000000
 0.00000000000 0.00000000000 0.00000000000 0.00000000000
 0.00000000000 0.00000000000 0.00000000000 0.00000000000
 0.00000000000 0.00000000000 0.00000000000 0.00000000000
 0.00000000000 0.00000000000 0.00000000000 0.00000000000
 0.00000000000 0.00000000000 0.00000000000 0.00000000000
 0.00000000000 0.00000000000 0.00000000000 0.00000000000
 0.00000000000 0.00000000000 0.00000000000 0.00000000000
 0.00000000000 0.00000000000 0.00000000000 0.00000000000
 0.00000000000 0.00000000000 0.00000000000 0.00000000000
# log_sel_spl_fsh[2]:
 0.00000000000 0.00000000000 0.00000000000 0.00000000000
 0.00000000000 0.00000000000 0.00000000000 0.00000000000
 0.00000000000 0.00000000000 0.00000000000 0.00000000000
 0.00000000000 0.00000000000 0.00000000000 0.00000000000
 0.00000000000 0.00000000000 0.00000000000 0.00000000000
 0.00000000000 0.00000000000 0.00000000000 0.00000000000
 0.00000000000 0.00000000000 0.00000000000 0.00000000000
 0.00000000000 0.00000000000 0.00000000000 0.00000000000
 0.00000000000 0.00000000000 0.00000000000 0.00000000000
 0.00000000000 0.00000000000 0.00000000000 0.00000000000
 0.00000000000 0.00000000000 0.00000000000 0.00000000000
 0.00000000000 0.00000000000 0.00000000000 0.00000000000
 0.00000000000 0.00000000000 0.00000000000 0.00000000000
 0.00000000000 0.00000000000 0.00000000000 0.00000000000
 0.00000000000 0.00000000000 0.00000000000 0.00000000000
 0.00000000000 0.00000000000 0.00000000000 0.00000000000
 0.00000000000 0.00000000000 0.00000000000 0.00000000000
 0.00000000000 0.00000000000 0.00000000000 0.00000000000
 0.00000000000 0.00000000000 0.00000000000 0.00000000000
 0.00000000000 0.00000000000 0.00000000000 0.00000000000
 0.00000000000 0.00000000000 0.00000000000 0.00000000000
 0.00000000000 0.00000000000 0.00000000000 0.00000000000
 0.00000000000 0.00000000000 0.00000000000 0.00000000000
 0.00000000000 0.00000000000 0.00000000000 0.00000000000
 0.00000000000 0.00000000000 0.00000000000 0.00000000000
 0.00000000000 0.00000000000 0.00000000000 0.00000000000
 0.00000000000 0.00000000000 0.00000000000 0.00000000000
 0.00000000000 0.00000000000 0.00000000000 0.00000000000
# log_sel_spl_fsh[3]:
 0.00000000000 0.00000000000 0.00000000000 0.00000000000
 0.00000000000 0.00000000000 0.00000000000 0.00000000000
 0.00000000000 0.00000000000 0.00000000000 0.00000000000
 0.00000000000 0.00000000000 0.00000000000 0.00000000000
 0.00000000000 0.00000000000 0.00000000000 0.00000000000
 0.00000000000 0.00000000000 0.00000000000 0.00000000000
 0.00000000000 0.00000000000 0.00000000000 0.00000000000
 0.00000000000 0.00000000000 0.00000000000 0.00000000000
 0.00000000000 0.00000000000 0.00000000000 0.00000000000
 0.00000000000 0.00000000000 0.00000000000 0.00000000000
 0.00000000000 0.00000000000 0.00000000000 0.00000000000
 0.00000000000 0.00000000000 0.00000000000 0.00000000000
 0.00000000000 0.00000000000 0.00000000000 0.00000000000
# logsel_slope_fsh[1]:
 0.00000000000 0.00000000000 0.00000000000 0.00000000000 0.00000000000 0.00000000000 0.00000000000 0.00000000000 0.00000000000 0.00000000000 0.00000000000 0.00000000000 0.00000000000 0.00000000000 0.00000000000 0.00000000000 0.00000000000 0.00000000000 0.00000000000 0.00000000000 0.00000000000 0.00000000000 0.00000000000 0.00000000000 0.00000000000 0.00000000000 0.00000000000 0.00000000000
# logsel_slope_fsh[2]:
 0.00000000000 0.00000000000 0.00000000000 0.00000000000 0.00000000000 0.00000000000 0.00000000000 0.00000000000 0.00000000000 0.00000000000 0.00000000000 0.00000000000 0.00000000000 0.00000000000 0.00000000000 0.00000000000 0.00000000000 0.00000000000 0.00000000000 0.00000000000 0.00000000000 0.00000000000 0.00000000000 0.00000000000 0.00000000000 0.00000000000 0.00000000000 0.00000000000
# logsel_slope_fsh[3]:
 0.00000000000 0.00000000000 0.00000000000 0.00000000000 0.00000000000 0.00000000000 0.00000000000 0.00000000000 0.00000000000 0.00000000000 0.00000000000 0.00000000000 0.00000000000
# sel50_fsh[1]:
 0.00000000000 0.00000000000 0.00000000000 0.00000000000 0.00000000000 0.00000000000 0.00000000000 0.00000000000 0.00000000000 0.00000000000 0.00000000000 0.00000000000 0.00000000000 0.00000000000 0.00000000000 0.00000000000 0.00000000000 0.00000000000 0.00000000000 0.00000000000 0.00000000000 0.00000000000 0.00000000000 0.00000000000 0.00000000000 0.00000000000 0.00000000000 0.00000000000
# sel50_fsh[2]:
 0.00000000000 0.00000000000 0.00000000000 0.00000000000 0.00000000000 0.00000000000 0.00000000000 0.00000000000 0.00000000000 0.00000000000 0.00000000000 0.00000000000 0.00000000000 0.00000000000 0.00000000000 0.00000000000 0.00000000000 0.00000000000 0.00000000000 0.00000000000 0.00000000000 0.00000000000 0.00000000000 0.00000000000 0.00000000000 0.00000000000 0.00000000000 0.00000000000
# sel50_fsh[3]:
 0.00000000000 0.00000000000 0.00000000000 0.00000000000 0.00000000000 0.00000000000 0.00000000000 0.00000000000 0.00000000000 0.00000000000 0.00000000000 0.00000000000 0.00000000000
# logsel_p1_fsh[1]:
 0.00000000000 0.00000000000 0.00000000000 0.00000000000 0.00000000000 0.00000000000 0.00000000000 0.00000000000 0.00000000000 0.00000000000 0.00000000000 0.00000000000 0.00000000000 0.00000000000 0.00000000000 0.00000000000 0.00000000000 0.00000000000 0.00000000000 0.00000000000 0.00000000000 0.00000000000 0.00000000000 0.00000000000 0.00000000000 0.00000000000 0.00000000000 0.00000000000
# logsel_p1_fsh[2]:
 0.00000000000 0.00000000000 0.00000000000 0.00000000000 0.00000000000 0.00000000000 0.00000000000 0.00000000000 0.00000000000 0.00000000000 0.00000000000 0.00000000000 0.00000000000 0.00000000000 0.00000000000 0.00000000000 0.00000000000 0.00000000000 0.00000000000 0.00000000000 0.00000000000 0.00000000000 0.00000000000 0.00000000000 0.00000000000 0.00000000000 0.00000000000 0.00000000000
# logsel_p1_fsh[3]:
 0.00000000000 0.00000000000 0.00000000000 0.00000000000 0.00000000000 0.00000000000 0.00000000000 0.00000000000 0.00000000000 0.00000000000 0.00000000000 0.00000000000 0.00000000000
# logsel_p2_fsh[1]:
 0.00000000000 0.00000000000 0.00000000000 0.00000000000 0.00000000000 0.00000000000 0.00000000000 0.00000000000 0.00000000000 0.00000000000 0.00000000000 0.00000000000 0.00000000000 0.00000000000 0.00000000000 0.00000000000 0.00000000000 0.00000000000 0.00000000000 0.00000000000 0.00000000000 0.00000000000 0.00000000000 0.00000000000 0.00000000000 0.00000000000 0.00000000000 0.00000000000
# logsel_p2_fsh[2]:
 0.00000000000 0.00000000000 0.00000000000 0.00000000000 0.00000000000 0.00000000000 0.00000000000 0.00000000000 0.00000000000 0.00000000000 0.00000000000 0.00000000000 0.00000000000 0.00000000000 0.00000000000 0.00000000000 0.00000000000 0.00000000000 0.00000000000 0.00000000000 0.00000000000 0.00000000000 0.00000000000 0.00000000000 0.00000000000 0.00000000000 0.00000000000 0.00000000000
# logsel_p2_fsh[3]:
 0.00000000000 0.00000000000 0.00000000000 0.00000000000 0.00000000000 0.00000000000 0.00000000000 0.00000000000 0.00000000000 0.00000000000 0.00000000000 0.00000000000 0.00000000000
# logsel_p3_fsh[1]:
 0.00000000000 0.00000000000 0.00000000000 0.00000000000 0.00000000000 0.00000000000 0.00000000000 0.00000000000 0.00000000000 0.00000000000 0.00000000000 0.00000000000 0.00000000000 0.00000000000 0.00000000000 0.00000000000 0.00000000000 0.00000000000 0.00000000000 0.00000000000 0.00000000000 0.00000000000 0.00000000000 0.00000000000 0.00000000000 0.00000000000 0.00000000000 0.00000000000
# logsel_p3_fsh[2]:
 0.00000000000 0.00000000000 0.00000000000 0.00000000000 0.00000000000 0.00000000000 0.00000000000 0.00000000000 0.00000000000 0.00000000000 0.00000000000 0.00000000000 0.00000000000 0.00000000000 0.00000000000 0.00000000000 0.00000000000 0.00000000000 0.00000000000 0.00000000000 0.00000000000 0.00000000000 0.00000000000 0.00000000000 0.00000000000 0.00000000000 0.00000000000 0.00000000000
# logsel_p3_fsh[3]:
 0.00000000000 0.00000000000 0.00000000000 0.00000000000 0.00000000000 0.00000000000 0.00000000000 0.00000000000 0.00000000000 0.00000000000 0.00000000000 0.00000000000 0.00000000000
# rec_dev_future:
 0.00000000000 0.00000000000 0.00000000000 0.00000000000 0.00000000000 0.00000000000 0.00000000000 0.00000000000 0.00000000000 0.00000000000 0.00000000000 0.00000000000 0.00000000000 0.00000000000 0.00000000000 0.00000000000 0.00000000000 0.00000000000 0.00000000000 0.00000000000
# log_q_ind[1]:
-12.0577862232
# log_q_power_ind[1]:
0.00000000000
# log_selcoffs_ind[1]:
 -5.42918355372 -3.90821804333 -2.49988358909 -1.37731546800 -0.527807956229 0.0446630765757 0.426146501189 0.770075560856 0.864767608146 0.662629594071
# logsel_slope_ind[1]:
 0.00000000000
# sel50_ind[1]:
 0.00000000000
# logsel_p1_ind[1]:
 0.00000000000
# sel_p2_ind[1]:
 0.00000000000
# logsel_p3_ind[1]:
 0.00000000000
