#styr																																											
1978																																											
#endyr																																											
2021																																											
#rec_age																																											
3																																											
#n_ages																																											
14																																											
#nbins																																											
31																																											
#lengthbin																																											
20	22	24	26	28	30	32	34	36	38	40	42	44	46	48	50	52	54	56	58	60	62	64	66	68	70	72	74	76	78	80													
#Fnum																																											
3																																											
#Fnames																																											
Arr%Esp%Pal																																											
#Fcaton	1979	1980	1981	1982	1983	1984	1985	1986	1987	1988	1989	1990	1991	1992	1993	1994	1995	1996	1997	1998	1999	2000	2001	2002	2003	2004	2005	2006	2007	2008	2009	2010	2011	2012	2013	2014	2015	2016	2017	2018	2019	2020	2021
6269	4671	4272	4278	2227	2029	2413	2563	4754	5888	2842	2695	1502	881	1408	1409	2070	2160	2215	2357	2225	2117	1436	1379	1113	690	631	276	1058	508.31	201.625	192.928	558.696	448	416.5	192	61	96	43	34	55	141	164	158
0.1	0.1	0.1	0.1	109	122	387	454	978	1893	691	1452	1151	895	609	128	239	253	327	403	655	503	615	1068	284	859	1604	978	1018	1185	849	1394	1286	516	408	640	424	508	419	447	421	361	554	477
0.1	0.1	0.1	0.1	0.1	0.1	0.1	0.1	0.1	500	5657	5374	3832	2991	1405	868	480	863	730	610	703	1047	1336	893	1035	1424	1514	558	475	626	627	746	447	413	641	322	82	281	326	345	355	487	359	286
#Fcatonerr																																											
0.1	0.1	0.1	0.1	0.1	0.1	0.1	0.1	0.1	0.1	0.1	0.1	0.1	0.1	0.1	0.1	0.1	0.1	0.1	0.1	0.1	0.1	0.1	0.1	0.1	0.1	0.1	0.1	0.1	0.1	0.1	0.1	0.1	0.1	0.1	0.1	0.1	0.1	0.1	0.1	0.1	0.1	0.1	0.1
0.1	0.1	0.1	0.1	0.1	0.1	0.1	0.1	0.1	0.1	0.1	0.1	0.1	0.1	0.1	0.1	0.1	0.1	0.1	0.1	0.1	0.1	0.1	0.1	0.1	0.1	0.1	0.1	0.1	0.1	0.1	0.1	0.1	0.1	0.1	0.1	0.1	0.1	0.1	0.1	0.1	0.1	0.1	0.1
0.1	0.1	0.1	0.1	0.1	0.1	0.1	0.1	0.1	0.1	0.1	0.1	0.1	0.1	0.1	0.1	0.1	0.1	0.1	0.1	0.1	0.1	0.1	0.1	0.1	0.1	0.1	0.1	0.1	0.1	0.1	0.1	0.1	0.1	0.1	0.1	0.1	0.1	0.1	0.1	0.1	0.1	0.1	0.1
#FnumyearsA																																											
37																																											
23																																											
20																																											
#FnumyearsL																																											
0																																											
0																																											
0																																											
#Fageyears																																											
1982	1983	1985	1988	1989	1990	1991	1992	1993	1994	1995	1996	1997	1998	1999	2000	2001	2002	2003	2004	2005	2006	2007	2008	2009	2010	2011	2012	2013	2014	2015	2016	2017	2018	2019	2020	2021							
1999	2000	2001	2002	2003	2004	2005	2006	2007	2008	2009	2010	2011	2012	2013	2014	2015	2016	2017	2018	2019	2020	2021																					
1998	2002	2004	2005	2006	2007	2008	2009	2010	2011	2012	2013	2014	2015	2016	2017	2018	2019	2020	2021																								
#Flengthyears																																											
#Fagesample																																											
80	80	80	80	80	80	80	80	80	80	80	80	80	80	80	80	80	80	80	80	80	80	80	80	80	80	80	80	80	80	80	80	80	80	80	80	80							
65	65	65	65	65	65	65	65	65	65	65	65	65	65	65	65	65	65	65	65	65	65	65																					
50	50	50	50	50	50	50	50	50	50	50	50	50	50	50	50	50	50	50	50																								
#Flengthsample																																											
#Fagecomp																																											
16359	57836	96947	160862	160078	142844	89404	54469	27463	9629	9171	6122																																
50210	66681	92086	71274	75054	79501	65528	42252	27927	16612	22087	14098																																
50438	56998	137463	215545	187322	97908	105299	33191	19660	6206	12744	316																																
23575	63409	108643	156788	183797	178737	142879	64462	40567	21601	13388	14636																																
10525	66779	122811	172269	165886	151516	102848	64845	33321	23853	16601	2437																																
10432	49631	106818	127478	124216	80313	39565	22780	12001	10602	4786	2914																																
11196	33820	81369	80626	74258	51727	26786	12300	3188	1615	0	4394																																
3734	28937	65109	98387	74848	59131	38384	10146	22393	10616	3766	8003																																
1486	10008	37444	108703	166427	192771	110454	38016	12325	4353	2488	1050																																
8967	46583	78916	145737	178161	162493	80967	43591	39904	18375	12420	3400																																
11018	16603	35291	112203	224578	256009	168956	75517	42109	20720	9695	5015																																
2136	81554	151500	184622	165416	135580	75035	57770	20413	19212	4587	20000																																
12700	115759	313834	345281	235356	139246	45386	26894	6240	1159	166	0																																
18885	102311	238272	230292	201222	159503	70385	21821	6906	2529	4919	136																																
11301	83665	124940	175789	144474	130997	80565	37045	18455	4619	6855	0																																
6439	43693	93565	157044	157735	93019	55329	19596	6841	2447	326	531																																
8298	27117	90454	129388	127833	92200	57264	34832	13811	6343	3091	439																																
18069	32412	56588	79059	89177	55991	37698	20670	15280	9629	6928	1272																																
1819	13236	37809	54764	62353	39341	49261	21426	6607	4746	248	248																																
5939	11962	24757	39650	39503	44770	46446	20772	11389	2201	1472	902																																
512	6563	20959	27091	26799	15327	8891	3273	635	105	92	190																																
10913	23976	84351	95202	84446	59847	39803	15977	7699	2734	1669	1651																																
12817	22804	35845	43619	36220	41283	21462	10651	8187	2722	1210	826																																
1060	3387	10013	18641	21602	13817	8273	5543	2892	1651	735	434																																
405	1830	3439	9967	20152	14581	8024	4175	4640	2035	630	1582																																
119	1679	6254	20472	41164	38562	19233	12756	12682	9379	2379	3743																																
885	3639	13763	20262	36493	29088	12956	11696	7671	3747	1591	1463																																
401	1594	6669	17540	31375	27436	13923	12008	6659	2875	1050	826																																
82	876	894	2259	5628	8119	6122	6949	5536	2892	1765	1507																																
5	35	256	928	2369	3988	2908	2206	1406	642	253	141																																
0	31	278	1225	4041	5299	4261	3013	2130	1267	572	883																																
0	9	211	651	1718	2478	2658	2276	975	208	108	271																																
0	36	318	1171	2642	3207	1835	903	597	174	133	99																																
0	0	108	547	1114	2014	2614	2286	1325	741	625	918																																
0	28	614	3073	8789	12294	8225	3683	2584	1151	621	1179																																
0	155	915	4618	12627	15574	9557	3800	2216	802	579	903																																
151	247	1813	5841	9326	12590	7122	4143	1524	1196	414	550																																
																																											
6279	24387	39896	41618	35388	28057	12452	5443	2579	1271	867	0																																
1755	11225	31580	50218	48830	31629	20838	9808	4246	1397	535	134																																
200	3052	19849	33186	54652	49647	48095	38254	19595	11925	6865	4181																																
793	4612	10265	15526	15339	12331	7729	5803	4801	2490	1278	778																																
3630	18783	42563	91861	98203	66627	36953	17747	5149	1680	187	0																																
14881	40560	89865	150142	132859	108380	96774	38767	16217	3358	985	275																																
6792	22083	65563	79279	82350	50893	32285	14937	6839	3550	1241	38																																
29133	53392	141500	119035	61558	34347	25061	12195	6912	3203	1117	1157																																
13433	28068	60983	85524	77163	92589	49084	22004	18381	9526	1851	2503																																
18263	42502	63750	79865	84001	49941	29682	19681	12088	6434	4905	2984																																
15258	41723	61683	124137	173370	107214	51748	26607	23352	13022	2726	5798																																
15330	86396	104313	129395	113785	70217	21580	33658	24894	15561	14583	90																																
5245	38963	70042	60686	51091	29845	10152	6693	2888	1506	503	380																																
4187	26660	38044	37211	41556	28115	10246	5156	1900	662	312	267																																
1622	13301	45614	52475	64940	40369	21324	14839	8133	3529	1761	952																																
1593	6060	55098	71362	54795	21352	8525	5824	2458	1135	416	265																																
120	5907	43973	58266	56538	28282	13682	9359	5969	2365	919	4354																																
72	1341	10410	24369	29217	31629	17354	11816	7799	1983	671	1279																																
239	942	6907	20176	33574	33834	17486	14872	11306	3132	2174	1069																																
22	1313	14460	32074	44349	41906	22964	11699	2676	809	676	340																																
346	6568	45116	46567	40720	29847	22549	11336	6481	2495	1027	1463																																
334	4178	25344	36563	46401	36676	27187	13081	8377	3089	1968	2201																																
1712	7627	31434	41699	29529	24608	16798	13245	6093	3829	1143	957																																
																																											
350	14624	37639	59757	56484	47380	25574	13673	4793	1022	151	0																																
2593	17464	29234	56031	51946	47402	35528	23800	24474	12339	7473	3718																																
385	3525	17320	41283	67319	76196	76143	58807	41018	23739	9598	7340																																
60	4824	28472	43083	54055	31187	19762	9393	3394	869	137	0																																
461	2075	13824	23462	30730	25847	23568	13433	7823	1716	891	794																																
132	930	6217	21566	27076	39635	34590	24600	19525	6246	2251	1180																																
0	5650	25711	42739	53668	46127	32682	21805	14351	6241	1348	146																																
0	138	2480	9307	36627	42657	34254	25448	27670	12140	2794	4796																																
0	310	3117	12809	29542	21876	6039	2209	1828	436	50	0																																
0	23	1111	4778	13096	15314	13363	19130	14338	5342	1894	610																																
0	10	692	3844	11204	23570	24324	30964	17800	7801	3801	1209																																
0	0	123	1136	5136	10646	12335	14751	10561	4406	2648	1055																																
0	0	14	261	1005	2640	3747	3990	2458	1217	515	135																																
0	0	131	1827	13482	23942	16281	12407	8149	1729	270	406																																
0	0	1118	8248	19199	28077	16573	12471	7737	2435	1204	766																																
0	0	96	1843	12588	28408	22303	12167	7029	2571	1818	1012																																
0	5	519	4985	21388	41652	24707	10550	3153	1285	1030	887																																
0	79	735	4034	12910	24202	22153	12245	8063	2877	1657	2276																																
0	30	1220	6889	21714	30151	23694	10744	5340	1669	1053	1070																																
8	114	2545	12606	21269	25137	14161	6767	2615	1700	761	671																																
#	Wm_arr																																										
0.419	0.815	1.276	1.718	2.263	2.895	3.673	4.627	5.613	6.604	7.864	9.63																																
0.419	0.815	1.276	1.718	2.263	2.895	3.673	4.627	5.613	6.604	7.864	9.63																																
0.419	0.815	1.276	1.718	2.263	2.895	3.673	4.627	5.613	6.604	7.864	9.63																																
0.419	0.815	1.276	1.718	2.263	2.895	3.673	4.627	5.613	6.604	7.864	9.63																																
0.419	0.815	1.276	1.718	2.263	2.895	3.673	4.627	5.613	6.604	7.864	9.63																																
0.419	0.815	1.276	1.718	2.263	2.895	3.673	4.627	5.613	6.604	7.864	9.63																																
0.419	0.815	1.276	1.718	2.263	2.895	3.673	4.627	5.613	6.604	7.864	9.63																																
0.419	0.815	1.276	1.718	2.263	2.895	3.673	4.627	5.613	6.604	7.864	9.63																																
0.419	0.815	1.276	1.718	2.263	2.895	3.673	4.627	5.613	6.604	7.864	9.63																																
0.419	0.815	1.276	1.718	2.263	2.895	3.673	4.627	5.613	6.604	7.864	9.63																																
0.419	0.815	1.276	1.718	2.263	2.895	3.673	4.627	5.613	6.604	7.864	9.63																																
0.419	0.815	1.276	1.718	2.263	2.895	3.673	4.627	5.613	6.604	7.864	9.63																																
0.419	0.815	1.276	1.718	2.263	2.895	3.673	4.627	5.613	6.604	7.864	9.63																																
0.419	0.815	1.276	1.718	2.263	2.895	3.673	4.627	5.613	6.604	7.864	9.63																																
0.419	0.815	1.276	1.718	2.263	2.895	3.673	4.627	5.613	6.604	7.864	9.63																																
0.419	0.815	1.276	1.718	2.263	2.895	3.673	4.627	5.613	6.604	7.864	9.63																																
0.419	0.815	1.276	1.718	2.263	2.895	3.673	4.627	5.613	6.604	7.864	9.63																																
0.419	0.815	1.276	1.718	2.263	2.895	3.673	4.627	5.613	6.604	7.864	9.63																																
0.419	0.815	1.276	1.718	2.263	2.895	3.673	4.627	5.613	6.604	7.864	9.63																																
0.419	0.815	1.276	1.718	2.263	2.895	3.673	4.627	5.613	6.604	7.864	9.63																																
0.419	0.815	1.276	1.718	2.263	2.895	3.673	4.627	5.613	6.604	7.864	9.63																																
0.419	0.815	1.276	1.718	2.263	2.895	3.673	4.627	5.613	6.604	7.864	9.63																																
0.419	0.815	1.276	1.718	2.263	2.895	3.673	4.627	5.613	6.604	7.864	9.63																																
0.622	1.064	1.419	1.774	2.321	2.832	3.712	4.953	5.672	6.076	7.242	8.815																																
0.738	1.126	1.558	2.076	2.557	3.014	3.999	4.933	6.226	7.356	7.487	9.695																																
0.634	1.01	1.359	1.727	2.209	2.681	3.112	3.891	4.806	5.748	7.22	8.631																																
0.753	1.047	1.351	1.697	2.122	2.593	2.944	3.855	4.678	5.78	6.135	8.936																																
0.862	1.25	1.724	2.034	2.587	3.164	3.97	4.703	5.503	6.771	11.29	12.062																																
0.715	1.095	1.477	1.874	2.5	3.046	3.756	4.977	6.207	7.505	8.602	9.235																																
0.638	0.875	1.173	1.58	2.043	2.551	3.336	4.116	4.863	6.311	7.581	9.153																																
0.55	0.848	1.203	1.527	1.972	2.531	3.186	3.976	5.032	5.232	6.546	8.365																																
0.551	0.789	1.247	1.468	1.952	2.597	3.224	4.213	5.006	5.484	6.757	8.102																																
0.526	0.827	1.139	1.638	2.238	2.825	3.496	4.435	5.55	6.741	7.253	10.921																																
0.41	0.857	1.279	1.791	2.46	3.111	4.019	4.948	5.959	7.137	7.995	10.373																																
0.468	0.972	1.439	1.978	2.506	3.303	4.148	5.212	6.498	7.217	8.145	9.999																																
0.36	0.585	1.155	1.731	2.379	3.243	4.169	5.045	6.155	7.278	8.354	10.924																																
0.548	0.618	1.079	1.755	2.347	3.166	4.171	5.193	6.349	7.387	9.363	10.139																																
0	0.647	1.271	1.699	2.297	3.003	3.897	4.979	6.082	7.541	8.582	10.885																																
0	0.639	1.044	1.522	2.167	2.879	3.836	4.515	5.414	6.688	8.214	9.359																																
0	0.648	1.077	1.569	2.106	2.853	3.687	4.773	5.51	6.647	8.116	9.292																																
0	0	1.132	1.516	2.044	2.949	3.758	4.618	5.741	6.333	7.372	9.279																																
0	0.795	1.175	1.659	2.181	2.718	3.483	4.531	5.551	6.332	7.486	9.287																																
0	0.602	1.218	1.738	2.279	2.845	3.547	4.664	5.448	6.518	7.547	9.154																																
0.528	0.822	1.372	1.821	2.5	3.221	4.197	5.236	6.687	7.458	8.945	10.543																																
																																											
#	Wm_esp																																										
0.622	0.962	1.323	1.739	2.277	2.88	3.67	4.603	5.412	6.248	7.059	8.05																																
0.622	0.962	1.323	1.739	2.277	2.88	3.67	4.603	5.412	6.248	7.059	8.05																																
0.622	0.962	1.323	1.739	2.277	2.88	3.67	4.603	5.412	6.248	7.059	8.05																																
0.622	0.962	1.323	1.739	2.277	2.88	3.67	4.603	5.412	6.248	7.059	8.05																																
0.622	0.962	1.323	1.739	2.277	2.88	3.67	4.603	5.412	6.248	7.059	8.05																																
0.622	0.962	1.323	1.739	2.277	2.88	3.67	4.603	5.412	6.248	7.059	8.05																																
0.622	0.962	1.323	1.739	2.277	2.88	3.67	4.603	5.412	6.248	7.059	8.05																																
0.622	0.962	1.323	1.739	2.277	2.88	3.67	4.603	5.412	6.248	7.059	8.05																																
0.622	0.962	1.323	1.739	2.277	2.88	3.67	4.603	5.412	6.248	7.059	8.05																																
0.622	0.962	1.323	1.739	2.277	2.88	3.67	4.603	5.412	6.248	7.059	8.05																																
0.622	0.962	1.323	1.739	2.277	2.88	3.67	4.603	5.412	6.248	7.059	8.05																																
0.622	0.962	1.323	1.739	2.277	2.88	3.67	4.603	5.412	6.248	7.059	8.05																																
0.622	0.962	1.323	1.739	2.277	2.88	3.67	4.603	5.412	6.248	7.059	8.05																																
0.622	0.962	1.323	1.739	2.277	2.88	3.67	4.603	5.412	6.248	7.059	8.05																																
0.622	0.962	1.323	1.739	2.277	2.88	3.67	4.603	5.412	6.248	7.059	8.05																																
0.622	0.962	1.323	1.739	2.277	2.88	3.67	4.603	5.412	6.248	7.059	8.05																																
0.622	0.962	1.323	1.739	2.277	2.88	3.67	4.603	5.412	6.248	7.059	8.05																																
0.622	0.962	1.323	1.739	2.277	2.88	3.67	4.603	5.412	6.248	7.059	8.05																																
0.622	0.962	1.323	1.739	2.277	2.88	3.67	4.603	5.412	6.248	7.059	8.05																																
0.622	0.962	1.323	1.739	2.277	2.88	3.67	4.603	5.412	6.248	7.059	8.05																																
0.622	0.962	1.323	1.739	2.277	2.88	3.67	4.603	5.412	6.248	7.059	8.05																																
0.776	1.267	1.676	2.2	2.844	3.473	4.14	5.06	6.232	7.326	7.962	0																																
0.937	1.373	1.757	2.184	2.94	3.441	4.244	5.278	6.024	6.67	7.192	9.555																																
0.921	1.362	1.609	1.969	2.492	2.882	3.81	5.322	6.3	6.712	7.844	10.275																																
1.336	1.628	1.948	2.448	2.944	3.407	4.396	5.278	6.46	7.371	7.4	9.029																																
0.797	1.053	1.491	1.834	2.233	2.617	3.004	3.766	4.485	5.276	5.82	0																																
0.796	1.32	1.566	1.834	2.175	2.595	3.1	3.914	4.583	5.81	5.57	6.374																																
0.808	1.324	1.787	2.156	2.723	3.25	3.886	4.822	5.43	6.304	6.891	7.623																																
0.724	1.107	1.464	1.844	2.403	3.081	4.032	5.208	6.667	7.294	9.039	12.167																																
0.85	1.187	1.517	1.97	2.414	2.833	3.485	4.104	4.626	5.717	6.33	7.302																																
0.616	0.841	1.161	1.512	1.964	2.515	3.159	3.891	4.976	5.119	6.294	7.638																																
0.561	0.771	1.1	1.392	1.918	2.503	3.143	4.039	4.765	5.247	6.59	7.699																																
0.482	0.673	1.007	1.412	1.978	2.417	3.189	4.755	4.775	5.453	7.146	10.219																																
0.55	0.759	1.179	1.632	2.238	2.911	3.752	4.534	5.293	6.329	6.822	10.363																																
0.652	0.912	1.324	1.803	2.331	3.061	3.682	4.557	5.446	6.43	7.351	7.92																																
0.41	0.658	1.136	1.596	2.146	3.002	3.815	4.488	5.339	6.345	7.191	8.522																																
0.414	0.703	1.058	1.475	1.966	2.708	3.973	4.858	5.72	6.957	8.016	8.741																																
0.39	0.811	1.099	1.495	2.03	2.733	3.538	4.372	4.869	5.865	6.3	8.656																																
0.45	0.703	1.028	1.453	2.112	2.797	3.657	4.621	5.646	6.442	7.043	9.172																																
0.229	0.687	1.165	1.591	2.142	2.831	3.747	4.774	5.242	6.023	6.933	7.959																																
0.217	0.634	0.979	1.436	2.007	2.657	3.614	4.331	5.094	5.93	6.76	9.994																																
0.46	0.686	0.974	1.473	1.991	2.734	3.671	4.593	5.503	6.322	7.446	9.256																																
0.307	0.698	1.071	1.553	2.102	2.909	3.708	4.7	5.596	6.521	7.35	8.636																																
0.567	0.813	1.201	1.707	2.298	3.095	4.099	5.054	6.094	6.556	7.904	10.205																																
																																											
#	Wm_pal																																										
0.27	0.824	1.529	1.899	2.435	3.06	3.911	4.875	5.789	6.689	7.584	8.051																																
0.27	0.824	1.529	1.899	2.435	3.06	3.911	4.875	5.789	6.689	7.584	8.051																																
0.27	0.824	1.529	1.899	2.435	3.06	3.911	4.875	5.789	6.689	7.584	8.051																																
0.27	0.824	1.529	1.899	2.435	3.06	3.911	4.875	5.789	6.689	7.584	8.051																																
0.27	0.824	1.529	1.899	2.435	3.06	3.911	4.875	5.789	6.689	7.584	8.051																																
0.27	0.824	1.529	1.899	2.435	3.06	3.911	4.875	5.789	6.689	7.584	8.051																																
0.27	0.824	1.529	1.899	2.435	3.06	3.911	4.875	5.789	6.689	7.584	8.051																																
0.27	0.824	1.529	1.899	2.435	3.06	3.911	4.875	5.789	6.689	7.584	8.051																																
0.27	0.824	1.529	1.899	2.435	3.06	3.911	4.875	5.789	6.689	7.584	8.051																																
0.27	0.824	1.529	1.899	2.435	3.06	3.911	4.875	5.789	6.689	7.584	8.051																																
0.27	0.824	1.529	1.899	2.435	3.06	3.911	4.875	5.789	6.689	7.584	8.051																																
0.27	0.824	1.529	1.899	2.435	3.06	3.911	4.875	5.789	6.689	7.584	8.051																																
0.27	0.824	1.529	1.899	2.435	3.06	3.911	4.875	5.789	6.689	7.584	8.051																																
0.27	0.824	1.529	1.899	2.435	3.06	3.911	4.875	5.789	6.689	7.584	8.051																																
0.27	0.824	1.529	1.899	2.435	3.06	3.911	4.875	5.789	6.689	7.584	8.051																																
0.27	0.824	1.529	1.899	2.435	3.06	3.911	4.875	5.789	6.689	7.584	8.051																																
0.27	0.824	1.529	1.899	2.435	3.06	3.911	4.875	5.789	6.689	7.584	8.051																																
0.27	0.824	1.529	1.899	2.435	3.06	3.911	4.875	5.789	6.689	7.584	8.051																																
0.27	0.824	1.529	1.899	2.435	3.06	3.911	4.875	5.789	6.689	7.584	8.051																																
0.27	0.824	1.529	1.899	2.435	3.06	3.911	4.875	5.789	6.689	7.584	8.051																																
0.43	1.229	1.626	2.055	2.691	3.205	3.898	4.753	5.412	5.118	7.67	0																																
0.27	0.824	1.529	1.899	2.435	3.06	3.911	4.875	5.789	6.689	7.584	8.051																																
0.27	0.824	1.529	1.899	2.435	3.06	3.911	4.875	5.789	6.689	7.584	8.051																																
0.27	0.824	1.529	1.899	2.435	3.06	3.911	4.875	5.789	6.689	7.584	8.051																																
1.058	1.403	1.805	2.208	2.644	3.107	3.741	4.639	5.947	6.787	5.904	7.991																																
0.27	0.824	1.529	1.899	2.435	3.06	3.911	4.875	5.789	6.689	7.584	8.051																																
1.327	1.22	1.636	1.961	2.366	2.833	3.447	4.242	5.409	6.35	7.301	9.517																																
0.814	1.433	1.766	2.129	2.668	3.206	4.259	5.521	6.206	7.692	8.393	0																																
0.723	1.214	1.583	1.956	2.555	3.177	4.072	5.209	6.257	7.259	8.397	10.807																																
0.771	1.16	1.515	1.912	2.302	2.785	3.66	4.391	5.144	6.357	7.105	8.822																																
0	1.023	1.201	1.523	2.065	2.606	3.122	3.881	4.822	4.895	5.452	6.515																																
0	1.101	1.626	1.711	2.234	2.896	3.659	4.609	5.305	5.999	6.659	8.313																																
0.27	0.824	1.529	1.899	2.435	3.06	3.911	4.875	5.789	6.689	7.584	8.051																																
0	1.104	1.514	1.866	2.547	3.294	4.4	5.399	6.481	7.726	8.502	10.38																																
0	1.357	1.788	2.122	2.739	3.669	4.63	5.674	6.658	7.911	8.873	10.297																																
0	0	1.76	2.001	2.583	3.418	4.505	5.445	6.386	7.615	8.393	9.809																																
0	0	1.672	2.033	2.411	3.255	4.515	5.535	6.491	7.607	9.143	10.074																																
0	0	1.383	1.719	2.267	2.866	3.654	4.687	5.448	6.272	7.297	9.801																																
0	0	1.303	1.599	2.216	2.799	3.694	4.559	5.518	6.556	6.793	6.749																																
0	0	1.512	1.885	2.408	3.032	3.846	4.913	5.71	6.582	7.576	8.647																																
0	0.695	1.203	1.812	2.295	2.846	3.585	4.441	5.579	6.388	7.588	9.294																																
0	0.809	1.277	1.845	2.442	3.054	3.889	5.025	5.831	6.659	7.826	8.852																																
0	1.08	1.345	1.846	2.404	3.03	3.826	4.82	5.601	6.623	7.646	9.058																																
0.666	1.135	1.483	1.886	2.42	3.072	3.929	4.972	6.124	6.847	7.853	9.32																																
#Inum																																											
1																																											
#Inames																																											
Palangre																																											
#Inumyears																																											
35																																											
#Iyears																																											
1987	1988	1989	1990	1991	1992	1993	1994	1995	1996	1997	1998	1999	2000	2001	2002	2003	2004	2005	2006	2007	2008	2009	2010	2011	2012	2013	2014	2015	2016	2017	2018	2019	2020	2021									
#Imonths																																											
6																																											
#Index																																											
0.08	0.17	0.11	0.08	0.06	0.08	0.05	0.08	0.13	0.13	0.11	0.11	0.13	0.11	0.08	0.07	0.07	0.07	0.06	0.06	0.05	0.06	0.06	0.06	0.06	0.07	0.06	0.15	0.08	0.07	0.06	0.08	0.07	0.07	0.05									
#Indexerr																																											
0.012	0.0255	0.0165	0.012	0.009	0.012	0.0075	0.012	0.0195	0.0195	0.0165	0.0165	0.0195	0.0165	0.012	0.0105	0.0105	0.0105	0.009	0.009	0.0075	0.009	0.009	0.009	0.009	0.0105	0.009	0.0225	0.012	0.0105	0.009	0.012	0.0105	0.0105	0.0075									
#Inumageyears																																											
0
#Inumlengthyears																																											
0
#Iyearslength																																											
#Iyearsage																																											
#Iagesample																																											
#Ipropage																																											
#Ilengthsample																																											
#Iproplength																																											
#Iwtatage																																											
0.27	0.824	1.529	1.899	2.435	3.06	3.911	4.875	5.789	6.689	7.584	8.051																																
0.27	0.824	1.529	1.899	2.435	3.06	3.911	4.875	5.789	6.689	7.584	8.051																																
0.27	0.824	1.529	1.899	2.435	3.06	3.911	4.875	5.789	6.689	7.584	8.051																																
0.27	0.824	1.529	1.899	2.435	3.06	3.911	4.875	5.789	6.689	7.584	8.051																																
0.27	0.824	1.529	1.899	2.435	3.06	3.911	4.875	5.789	6.689	7.584	8.051																																
0.27	0.824	1.529	1.899	2.435	3.06	3.911	4.875	5.789	6.689	7.584	8.051																																
0.27	0.824	1.529	1.899	2.435	3.06	3.911	4.875	5.789	6.689	7.584	8.051																																
0.27	0.824	1.529	1.899	2.435	3.06	3.911	4.875	5.789	6.689	7.584	8.051																																
0.27	0.824	1.529	1.899	2.435	3.06	3.911	4.875	5.789	6.689	7.584	8.051																																
0.27	0.824	1.529	1.899	2.435	3.06	3.911	4.875	5.789	6.689	7.584	8.051																																
0.27	0.824	1.529	1.899	2.435	3.06	3.911	4.875	5.789	6.689	7.584	8.051																																
0.27	0.824	1.529	1.899	2.435	3.06	3.911	4.875	5.789	6.689	7.584	8.051																																
0.27	0.824	1.529	1.899	2.435	3.06	3.911	4.875	5.789	6.689	7.584	8.051																																
0.27	0.824	1.529	1.899	2.435	3.06	3.911	4.875	5.789	6.689	7.584	8.051																																
0.27	0.824	1.529	1.899	2.435	3.06	3.911	4.875	5.789	6.689	7.584	8.051																																
0.27	0.824	1.529	1.899	2.435	3.06	3.911	4.875	5.789	6.689	7.584	8.051																																
0.27	0.824	1.529	1.899	2.435	3.06	3.911	4.875	5.789	6.689	7.584	8.051																																
0.27	0.824	1.529	1.899	2.435	3.06	3.911	4.875	5.789	6.689	7.584	8.051																																
0.27	0.824	1.529	1.899	2.435	3.06	3.911	4.875	5.789	6.689	7.584	8.051																																
0.27	0.824	1.529	1.899	2.435	3.06	3.911	4.875	5.789	6.689	7.584	8.051																																
0.43	1.229	1.626	2.055	2.691	3.205	3.898	4.753	5.412	5.118	7.67	0																																
0.27	0.824	1.529	1.899	2.435	3.06	3.911	4.875	5.789	6.689	7.584	8.051																																
0.27	0.824	1.529	1.899	2.435	3.06	3.911	4.875	5.789	6.689	7.584	8.051																																
0.27	0.824	1.529	1.899	2.435	3.06	3.911	4.875	5.789	6.689	7.584	8.051																																
1.058	1.403	1.805	2.208	2.644	3.107	3.741	4.639	5.947	6.787	5.904	7.991																																
0.27	0.824	1.529	1.899	2.435	3.06	3.911	4.875	5.789	6.689	7.584	8.051																																
1.327	1.22	1.636	1.961	2.366	2.833	3.447	4.242	5.409	6.35	7.301	9.517																																
0.814	1.433	1.766	2.129	2.668	3.206	4.259	5.521	6.206	7.692	8.393	0																																
0.723	1.214	1.583	1.956	2.555	3.177	4.072	5.209	6.257	7.259	8.397	10.807																																
0.771	1.16	1.515	1.912	2.302	2.785	3.66	4.391	5.144	6.357	7.105	8.822																																
0	1.023	1.201	1.523	2.065	2.606	3.122	3.881	4.822	4.895	5.452	6.515																																
0	1.101	1.626	1.711	2.234	2.896	3.659	4.609	5.305	5.999	6.659	8.313																																
0.27	0.824	1.529	1.899	2.435	3.06	3.911	4.875	5.789	6.689	7.584	8.051																																
0	1.104	1.514	1.866	2.547	3.294	4.4	5.399	6.481	7.726	8.502	10.38																																
0	1.357	1.788	2.122	2.739	3.669	4.63	5.674	6.658	7.911	8.873	10.297																																
0	0	1.76	2.001	2.583	3.418	4.505	5.445	6.386	7.615	8.393	9.809																																
0	0	1.672	2.033	2.411	3.255	4.515	5.535	6.491	7.607	9.143	10.074																																
0	0	1.383	1.719	2.267	2.866	3.654	4.687	5.448	6.272	7.297	9.801																																
0	0	1.303	1.599	2.216	2.799	3.694	4.559	5.518	6.556	6.793	6.749																																
0	0	1.512	1.885	2.408	3.032	3.846	4.913	5.71	6.582	7.576	8.647																																
0	0.695	1.203	1.812	2.295	2.846	3.585	4.441	5.579	6.388	7.588	9.294																																
0	0.809	1.277	1.845	2.442	3.054	3.889	5.025	5.831	6.659	7.826	8.852																																
0	1.08	1.345	1.846	2.404	3.03	3.826	4.82	5.601	6.623	7.646	9.058																																
0.666	1.135	1.483	1.886	2.42	3.072	3.929	4.972	6.124	6.847	7.853	9.32																																
#Pspwn																																											
1																																											
#Pageerr	DON'T	USE																																									
1	0	0	0	0	0	0	0	0	0	0	0																																
0	1	0	0	0	0	0	0	0	0	0	0																																
0	0	0.7625	0.2215	0.0159	2.00E-04	0	0	0	0	0	0																																
0	0	0.244	0.5117	0.2253	1.85E-02	3.00E-04	0	0	0	0	0																																
0	0	0.0217	0.229	0.4991	0.2287	2.13E-02	4.00E-04	0	0	0	0																																
0	0	5.00E-04	0.0243	0.232	0.487	0.2316	2.43E-02	5.00E-04	5.00E-04	5.00E-04	5.00E-04																																
0	0	0.00E+00	7.00E-04	0.0274	0.234	0.4755	0.2341	2.74E-02	2.74E-02	2.74E-02	2.74E-02																																
0	0	0	0.00E+00	0.001	0.0306	0.236	0.4644	0.2362	0.2362	0.2362	0.2362																																
0	0	0	0	0	0.0013	0.0338	0.238	0.4538	0.4538	0.4538	0.4538																																
0	0	0	0	0	0.0013	0.0338	0.238	0.4538	0.4538	0.4538	0.4538																																
0	0	0	0	0	0.0013	0.0338	0.238	0.4538	0.4538	0.4538	0.4538																																
0	0	0	0	0	0.0013	0.0338	0.238	0.4538	0.4538	0.4538	0.4538																																
