lingN.dat
model_1.00
#	Number	of	stocks
1
#	Names	of	stocks
Congrio_NMU
#SelMatrix 
1 1 1 1 
1 1 1 2 
1 2 3 1 
#nregbyStock 
1 
#SrType 
2 
#AgeError 
0 
#Retro 
0 
#RecMatrix 
1 
#Steepness 
0.61 
300 
-6 
#SigmaR 
0.8 
15 
-4 
#phase_Rzero 
2 
#Nyrs_sr 
19 
#Nyrs_sr_1 
2000 2001 2002 2003 2004 2005 2006 2007 2008 2009 2010 2011 2012 2013 2014 2015 2016 2017 2018 
#GrowMatrix 
1 
#Linf 
80.4 
0.1 
-4 
#K 
0.16 
0.1 
-4 
#Lo_len 
15.75 
0.1 
-4 
#Sigma_len 
0.09 
0.1 
-4 
#NMatrix 
1 
#N_Mort 
0.27 
0.05 
-4 
#npars_mage 
0 
#phase_Mage 
-5 
#Phase_Random_walk_M 
-4 
#Nyrs_Random_walk_M 
0 
#qMatrix 
1e-5
120 
5 
#qpowMatrix 
1 
1.2
-1
#RW_q_phases 
-1
#RW_nyrs_q 
0 
#RW_q_yrs 
#RW_q_sigmas 
#q_agemin 
4
#q_agemax 
10 
#junk 
0 
#n_proj_yrs 
20 
#F1_info 
1 6 4 1 1 33 
#F1_selchangeYear 
1988 1989 1990 1991 1992 1993 1994 1995 1996 1997 1998 1999 2000 2001 2002 2003 2004 2005 2006 2007 2008 2009 2010 2011 2012 2013 2014 2015 2016 2017 2018 2019 2020 
#F1_selchange 
0.4 0.4 0.4 0.4 0.4 0.4 0.4 0.4 0.4 0.4 0.4 0.4 0.4 0.4 0.4 0.4 0.4 0.4 0.4 0.4 0.4 0.4 0.4 0.4 0.4 0.4 0.4 0.4 0.4 0.4 0.4 0.4 0.4 
#F1_selbyage 
0.2 0.7 1 1 1 1 1 1 1 1 1 1 
#
#F2_info 
1 7 3 1 25 33 
#F2_selchangeYear 
1988 1989 1990 1991 1992 1993 1994 1995 1996 1997 1998 1999 2000 2001 2002 2003 2004 2005 2006 2007 2008 2009 2010 2011 2012 2013 2014 2015 2016 2017 2018 2019 2020 
#F2_selchange 
0.4 0.4 0.4 0.4 0.4 0.4 0.4 0.4 0.4 0.4 0.4 0.4 0.4 0.4 0.4 0.4 0.4 0.4 0.4 0.4 0.4 0.4 0.4 0.4 0.4 0.4 0.4 0.4 0.4 0.4 0.4 0.4 0.4 
#F2_selbyage 
0.2 0.7 1 1 1 1 1 1 1 1 1 1 
#
#F3_info 
1 11  1 1 1 18 
#F3_selchangeYear 
2003 2004 2005 2006 2007 2008 2009 2010 2011 2012 2013 2014 2015 2016 2017 2018 2019 2020 
#F3_selchange 
0.7 0.7 0.7 0.7 0.7 0.7 0.7 0.7 0.7 0.7 0.7 0.7 0.7 0.7 0.7 0.7 0.7 0.7 
#F3_selbyage 
0.001 0.07 0.071 0.3 0.8 1 1 1 1 1 1 1 
#
#I1_info 
1 10 5 0.25 100 0 
#I2_selchangeYear 
#I2_selchange 
#I2_selbyage 
0.3 .8 1 1 1 1 1 1 1 1 1 1 
#Pwtatage 
0.666	1.135	1.483	1.886	2.42	3.072	3.929	4.972	6.124	6.847	7.853	9.32
#Pmatatage 
0.008950379	0.036207567	0.109283062	0.246858516	0.425662251	0.5933474	0.719148477	0.803324711	0.857528465	0.892526818	0.91560546	0.93124597
#test 
123456789 
